sequenceID,2,4,6,8,10,12,14,16,18,20,25,30,35,40,45,50,55,60
7_chr1,0,0.106055736574072,-0.0367021549649771,-0.0362640784518213,0.686085026736794,0.686937361435296,0.736081298637932,0.735597470010883,0.587430694291093,0.587477945596458,0.586797273368981,0.590412615407173,0.589394994765427,0.587260073540784,0.584576324168979,0.687792067114706,0.685044037381703,0.656889843542548
8_chr1,0,0.12355385757789,-0.393836873766052,-0.393614331301425,0.448030588002691,0.448974974547419,0.455907533758694,0.455397258591104,0.191356983926783,0.190501108130078,0.191112994539913,0.195222235830213,0.194841460196976,0.192312317947757,0.189419067697374,0.305470013972332,0.303185395246602,0.290213132848101
9_chr1,0,-0.200308829076508,0.199076454001166,0.201734429105992,1.26022716481506,1.25885108596964,0.491027107511942,0.491261936282479,1.91569414910972,1.91880968958745,1.91474843981389,1.91441509993447,1.91166936729171,1.91138657301285,1.91160922047097,1.91490176647446,1.91293613749965,2.06226058768694
10_chr1,0,0.23286546328229,-0.0644578670691181,-0.0649206122205812,0.490148985213348,0.491930857868661,0.897292254946646,0.896507994428013,0.102709065096537,0.101634210649861,0.102129393567536,0.107324629497952,0.106912948286297,0.104070012344049,0.100192093674266,0.243319318928161,0.240144188390926,0.133383394119265
11_chr1,0,-0.0460820451274346,0.0418311338473186,0.0433616361278158,0.948172660665924,0.947914434550546,0.581390122043518,0.581264809754304,1.21111331073289,1.2126025932413,1.21036649528816,1.21205106397929,1.21023564714881,1.2089881185412,1.20774277881329,1.26213720973179,1.25983471057526,1.32265496521637
12_chr1,0,0.180194743068293,-0.0194946284045719,-0.0195745814293695,0.591501054792304,0.592900268610753,0.858952169871427,0.858291274059579,0.335191928816451,0.334653957815728,0.334553780552058,0.339066694701575,0.338350980148515,0.335830181213876,0.33245249572024,0.458308917068262,0.455261751936046,0.378687186985922
13_chr1,0,0.122080475698549,0.317837972645775,0.318254670671458,0.875175393896828,0.876181891423213,1.06293177088303,1.06239476646181,0.859784577853382,0.860448366437826,0.858770806156909,0.862306199104792,0.860804490292744,0.85888060300235,0.856091269514437,0.956924261989375,0.953592902764527,0.889127273122225
15_chr1,0,0.206719475435614,-0.141612980983801,-0.141911393326433,0.481047305382565,0.482629028582909,0.793112236531538,0.792393440756315,0.125429689903688,0.124410661110412,0.124928548804479,0.129862756693572,0.129455918019932,0.126689404254327,0.123047212231125,0.259664353154108,0.256699814716034,0.172252121853301
16_chr1,0,0.212527739863445,0.250101673597391,0.249863479780434,0.706790922872906,0.708455501377734,1.13688093979575,1.13613168837339,0.469388854787678,0.469150764782189,0.468465255056765,0.4731649458735,0.472170491957259,0.46970137692472,0.466054231943673,0.596348478087277,0.592783364857445,0.475783230486177
17_chr1,0,0.232504832584721,-0.274773310782652,-0.275287823228682,0.36504429738939,0.366801961867804,0.716742207473705,0.715967739393774,-0.0919453782707431,-0.0934626517135846,-0.0922977113494068,-0.0869426724268902,-0.0870266243761981,-0.0900441280403164,-0.0939452820455662,0.0534322503622122,0.0505693932021796,-0.0404676989052208
18_chr1,0,0.106983674542996,-0.424234038024764,-0.423902571355792,0.453312027781403,0.454131464582908,0.405718586285011,0.405249013867944,0.222993863710041,0.22221255110069,0.222779639737499,0.226709006021761,0.226302330005106,0.22383714790469,0.221095632637135,0.332637054324354,0.330458547678308,0.330264395000952
19_chr1,0,0.257100868702676,0.207621722150713,0.207058442859974,0.618375195944797,0.620363149360729,1.1655352209873,1.16468175910561,0.268520873461365,0.267819059149744,0.267651549550428,0.27293212092862,0.272201894141392,0.269456449912647,0.265385416893792,0.410387124959451,0.406720268320906,0.264501051726736
20_chr1,0,0.10634176938496,0.337256933465697,0.337789559882469,0.909034396534809,0.90992716382333,1.05659682582236,1.05609643021674,0.934828455879846,0.935665344915289,0.933790740996204,0.937117574819079,0.935515647617736,0.933693040864728,0.931053941015169,1.02660208807231,1.02330012047911,0.967413729605128
21_chr1,0,0.259296195187857,0.205866884912753,0.205287681557919,0.614222038949964,0.61622595388683,1.16723530953226,1.16637670071855,0.258942040293991,0.258218101116599,0.258075024776035,0.263383942352991,0.262666201022827,0.259907430133556,0.255815562385911,0.401534647956687,0.397862281402865,0.254376111917376
22_chr1,0,-0.018854797442292,-0.307613817401664,-0.306365426651799,0.700950295504518,0.700856443911124,0.321989819507407,0.321814593724245,0.7869996592565,0.787520521118629,0.786635781947706,0.788927795088264,0.787780336528401,0.786092507584273,0.78454729053609,0.854635361250107,0.852748987646318,0.923996896290585
23_chr1,0,0.210578087763543,0.251660130678409,0.251436078896911,0.710479308773981,0.712129711978225,1.13537110459626,1.13462642412355,0.477895740813717,0.477677299726647,0.476970091017242,0.4816446077989,0.480639065646924,0.478181785916265,0.474553144093182,0.604210292944554,0.60065007302693,0.484775109504605
24_chr1,0,0.174419802955327,-0.0177392482981834,-0.0177780508391238,0.600717506407356,0.602074439247515,0.852031197743989,0.851383962785132,0.35772408605489,0.357238256702383,0.357082958722846,0.361523540475079,0.36077946187857,0.358291318482946,0.354968077894125,0.478996730669947,0.475968289310334,0.402937283676552
25_chr1,0,0.20258766675458,-0.529167249004359,-0.529536619887593,0.255417392599837,0.256929013250793,0.455350041802082,0.45465753755919,-0.220719323694637,-0.222524537028696,-0.220802190802262,-0.215616114621911,-0.215434416633511,-0.218503889537501,-0.222156342752625,-0.0787825691139736,-0.0811588725854819,-0.134426859097703
26_chr1,0,0.146944259360015,-0.310971226102025,-0.310892122656425,0.464440462850206,0.465565323402299,0.560956212975192,0.560386784500182,0.183928171471847,0.183051670821694,0.183598961242398,0.187930911001219,0.187524128136702,0.184938235503671,0.18183585449325,0.303423672142395,0.30093019118994,0.266976683562628
27_chr1,0,-0.0206739383780246,-0.00373512267948462,-0.00239544294917266,0.885020400505023,0.884944319978413,0.579447849974781,0.579264041450793,1.07671825377728,1.07789797703602,1.07602546364834,1.07805782596257,1.07642646066311,1.0750034957022,1.0735138236385,1.13673482746475,1.13440589830759,1.18442346381639
28_chr1,0,0.0938879351504577,-0.222240499632262,-0.221764584763225,0.592478862638909,0.59322271517202,0.559517393353183,0.559070387380104,0.458586275984312,0.458342590595054,0.458151192743547,0.461761904643897,0.460980843391998,0.458755903342709,0.456162916086582,0.559452531493241,0.557023731168738,0.550277264020619
29_chr1,0,0.0373170331518438,-0.102080502896109,-0.101174892817528,0.74425995549465,0.744600180069644,0.579854647595603,0.579537088194355,0.775245785955072,0.775730952545657,0.774670188534796,0.777491932979373,0.776271789591765,0.774453157554561,0.772406541787583,0.855655871401788,0.853258259493651,0.87363866195259
30_chr1,0,0.151657317214287,-0.278967977400083,-0.278913823807367,0.47688888797501,0.478051682037942,0.595224709960765,0.594642712124118,0.196692707602697,0.195844469303214,0.19632977576101,0.200694647702345,0.200258656813308,0.19767417553506,0.194531593079057,0.316917597255157,0.314359401985946,0.275050633200601
31_chr1,0,0.221388868608663,0.224669126889406,0.224361919537735,0.67906777385922,0.68079489806545,1.12803655436866,1.12726730759941,0.413628364367159,0.413262106871178,0.412733922629551,0.417562357874496,0.416647032717992,0.414108726079478,0.410375161987492,0.543945588753396,0.540385364281399,0.419623186163444
32_chr1,0,0.23134061452609,-0.186196439855441,-0.186679875040906,0.419595118499176,0.421353301753134,0.790863312964409,0.790087850968719,-0.00520201535305054,-0.0065219230050606,-0.0056503411144142,-0.000378777209216086,-0.000606593969843416,-0.00354346994200538,-0.00742248081549812,0.137756734937613,0.134767218680764,0.0379449462108781
33_chr1,0,0.203471783939824,0.259615923067007,0.259444005267833,0.725282138235329,0.726881106980038,1.13181553530855,1.13108741886719,0.511022606842893,0.51088060342251,0.510087024487324,0.514668007393307,0.51361848669483,0.511206255237016,0.507645343746083,0.634933137723022,0.631387389464541,0.519445940901044
34_chr1,0,0.273191936439483,-0.167278441883708,-0.168051926911306,0.371700141186115,0.373767980034266,0.868102365307422,0.867226558213711,-0.139014202101194,-0.140644971924746,-0.139475148781834,-0.13370409486351,-0.133775899202246,-0.136922877257714,-0.141192448616835,0.01657647611137,0.013404490243107,-0.111429090026402
35_chr1,0,0.215599453984487,0.245366897763865,0.245105834302349,0.699618388766828,0.701305067098241,1.13730861524841,1.13655225904173,0.453862287286355,0.453588412327903,0.452944382096679,0.457685515057157,0.45671210013157,0.454222425287091,0.450545839704667,0.581891121994894,0.578321669245506,0.459716734230559
36_chr1,0,0.231004559214039,0.237607561376063,0.23723593128757,0.673195153001414,0.674994303801904,1.15313726406759,1.15234459717161,0.390889286005788,0.390469802692836,0.389982654453495,0.394919142349607,0.394026208512289,0.391446840206324,0.387624629127582,0.52390944189352,0.52029459081132,0.392463601682824
37_chr1,0,0.200043383576048,-0.114862476088715,-0.115106932974772,0.506467134396972,0.508002512712218,0.806271926948106,0.805567873521494,0.174511627504206,0.173605235720797,0.173980312383606,0.178811596074219,0.178333256826567,0.17562524252263,0.172049120443609,0.306040533312711,0.303061091195292,0.220888654709281
38_chr1,0,0.105640358035948,-0.130447475081555,-0.130030678707655,0.630681420374261,0.631521092387049,0.655232093871266,0.654753235724693,0.501587443000868,0.501439627037057,0.501055307512329,0.50473875073167,0.503866081616035,0.501654724052018,0.498963008658457,0.603994283914162,0.601386385909542,0.580402770738919
39_chr1,0,0.048071322474097,-0.189124270350465,-0.188316924867592,0.677060705912221,0.677471080930201,0.521034244616772,0.520694804464291,0.655229241108103,0.655439874702313,0.654749773903529,0.657771637580751,0.656735496073209,0.654785740666512,0.652627131659524,0.741017776009565,0.738709153441666,0.758662471726974
40_chr1,0,0.103499587547888,0.334974079803147,0.335526146174547,0.911690874364573,0.91256251020599,1.05049706347856,1.05000352485086,0.942985853156475,0.943841739313129,0.941950074590496,0.94524376676398,0.943632807455499,0.941823631331826,0.939210928652656,1.03392479276838,1.03063669259722,0.976726121202915
41_chr1,0,0.134143912126222,-0.102232732356892,-0.102009520684023,0.607218046365535,0.60827018588779,0.720959378597852,0.720411527448771,0.424736255376438,0.424409190685601,0.424178948115385,0.428190606121575,0.427400186468624,0.425058601844126,0.422102829082351,0.535390571972751,0.532635734741705,0.491445128504222
42_chr1,0,0.0906043200154602,-0.359710743452206,-0.359247186538638,0.515016548456242,0.515722167618421,0.437057192346079,0.436623836358171,0.342381452365302,0.341874142015315,0.342094395706686,0.345772108904995,0.345191744837631,0.342869157980469,0.34028960083495,0.445411937563115,0.443198502836716,0.44866812108369
43_chr1,0,0.088383954814585,-0.0470213202167571,-0.0464613716605817,0.704916510497081,0.705637853748299,0.70147171543944,0.701030356703403,0.641761186587414,0.641934762870158,0.641135615301127,0.644541867229685,0.643462020203161,0.641413858501376,0.638894728808561,0.736842796533157,0.734175261159235,0.718020613093521
44_chr1,0,0.164745183621661,-0.111148246924337,-0.111142990967789,0.55861095353412,0.559887178547902,0.757964025659996,0.757343769566198,0.305698726568061,0.305096182481688,0.305156787729632,0.309551431819219,0.308910707815584,0.306396406395081,0.303152180251417,0.426117215431432,0.42326259038649,0.363266294554472
45_chr1,0,0.325788107041614,0.150424890813329,0.149362788650046,0.48706278248436,0.489549904092863,1.21676594716097,1.2157515457431,-0.0333162318654829,-0.0347151411373279,-0.0341108531095276,-0.0279415981352535,-0.0282775923582328,-0.0314419236153602,-0.0361651223973585,0.13132937852551,0.127493516019762,-0.0541972176934946
46_chr1,0,0.0620972023260792,-0.808719734876509,-0.808171227800228,0.287157871578872,0.287607867087831,0.0111368389170102,0.0107903607382541,0.0271745562291694,0.0259552926079385,0.0273676592297933,0.0310457101602588,0.0310419943799207,0.0284964867633235,0.02612775694891,0.131720255222488,0.130275898514403,0.186955489058554
47_chr1,0,0.0102792582423149,-0.0412871032806225,-0.0401752540112815,0.818811893100505,0.818959550496771,0.592453829333487,0.59219799537181,0.9297255344932,0.930566176076501,0.929079142169373,0.931521177057645,0.9300859096938,0.928464293479602,0.92667923893902,1.00028065235983,0.997892973951555,1.030990727355
48_chr1,0,0.209038122525379,-0.226158081721862,-0.226494665721445,0.427271719954072,0.428861825690924,0.724126101406051,0.723405382511896,0.0382655928887576,0.0370480574228234,0.0378563011789659,0.0428850211514278,0.0426208546044187,0.0397708635223868,0.0360961994090236,0.175186132263388,0.172338030387446,0.0926442689058495
49_chr1,0,0.324291646085531,0.156200196159303,0.155150131195722,0.492628769331043,0.495105479990201,1.21952665403947,1.2185155665356,-0.0225202086058394,-0.0238943378584566,-0.0233213545950983,-0.0171749978262259,-0.0175266731909831,-0.0206780770445563,-0.0253864940591502,0.141524025334074,0.13768514869691,-0.0434793085266829
50_chr1,0,0.0777398674997019,-0.181596950622371,-0.180996741785848,0.639593636933837,0.640222924799893,0.570752981592656,0.570342656411528,0.554887231579243,0.554865032357541,0.554405179193995,0.557785727612391,0.55686939703663,0.554765761422345,0.552329538001807,0.649767104716801,0.647337827627938,0.647867298560365
51_chr1,0,0.242563941930229,0.221529348607835,0.221072105353476,0.647242667753614,0.649125162258785,1.15623568817269,1.15541621086449,0.334080984219206,0.333530520374199,0.333193901281648,0.338284984603887,0.337468500133041,0.334813221742414,0.330880440863143,0.471084401162936,0.467450647877009,0.333452364696036
52_chr1,0,0.237150365920582,0.22814014673948,0.227722761152177,0.658847997093163,0.660691365253782,1.15399791352056,1.15319103130809,0.359829535696082,0.359338467059577,0.358934291360812,0.363953691101838,0.363102842449413,0.360482343470429,0.356601229127292,0.494988807650936,0.491365265589677,0.360323005023244
53_chr1,0,0.187616333685597,-0.10492889670863,-0.10508321249709,0.529976844467908,0.531421869654216,0.796648262628028,0.795973344358041,0.228734376815873,0.22795322690998,0.228189994611658,0.232860819423548,0.232311803946695,0.229679227659079,0.226221044399582,0.356151609779004,0.353203357551793,0.278202741246311
54_chr1,0,0.224924433727445,0.228754720572962,0.228423652363664,0.67650730109871,0.678260839705399,1.13669080357434,1.13591297406274,0.404641647940248,0.404254397352433,0.403743450450136,0.408612139786511,0.407706099432788,0.405152131199894,0.401385887734011,0.535968290963444,0.532388974073853,0.40907717105996
55_chr1,0,0.309301500527762,0.172745435234898,0.171805281332339,0.523712631906965,0.526080821659203,1.21182376177159,1.21084762474895,0.0471374426902056,0.045924050614905,0.0463156008852348,0.0522648408116067,0.0518207672792532,0.0487641901699698,0.044198614572303,0.206116092820458,0.202308093065126,0.029458499989151
56_chr1,0,0.234687129136697,0.21865110415816,0.218248627202,0.656664470114956,0.658488754455504,1.14228260143344,1.14148198103163,0.359901424790866,0.359410913229638,0.359015979483579,0.364012521277261,0.363165605398125,0.360550442843705,0.356691255489371,0.494511562365188,0.490911142826407,0.362134585079469
57_chr1,0,0.0340435064345931,0.0208609199991886,0.0218213458649584,0.822319021696579,0.822647778363914,0.680314118501715,0.679999122189851,0.901640513729218,0.902413516277737,0.90093137171152,0.90361688713725,0.902189712101868,0.90049193886009,0.898491620993655,0.978175577508489,0.975608286854468,0.989013334340651
58_chr1,0,-0.0374835257906688,-0.178125297848742,-0.176712189396486,0.80463798187535,0.804420432576716,0.405655790088057,0.40551937088899,0.975057319665736,0.976008639896682,0.974549944211823,0.976511933238573,0.975079081517791,0.973600517955113,0.972246602299896,1.03387039248985,1.03186134648935,1.1054175234291
60_chr1,0,0.0180776311202105,-0.193539744450511,-0.192522167390925,0.716846265603793,0.71703565605196,0.473504889028993,0.473236975052004,0.759647223506006,0.760100007132666,0.759166915897789,0.761823669456728,0.760661402019419,0.75886989420606,0.756992346405468,0.836170666389758,0.833979297941619,0.873334002146586
61_chr1,0,0.166213791592137,-0.0111797618562118,-0.0111590411090273,0.61624178205508,0.617539051595478,0.845676358947795,0.845048362941741,0.393529245036091,0.393126117232149,0.392879489056252,0.397214114254537,0.39642336569653,0.39398503663533,0.390739675132994,0.512086809693451,0.509078964098378,0.440783759673649
62_chr1,0,0.22633616988887,0.225326454890588,0.224984552619428,0.672462960702934,0.674226527873733,1.13581551316549,1.13503447154608,0.396339032573774,0.395932683370023,0.395444806205518,0.400333519868711,0.399439109667508,0.396874641349097,0.39309470870801,0.528186132043735,0.524606672065298,0.400649566930871
63_chr1,0,0.166924714070263,-0.0146150820425339,-0.0146002583995065,0.613184452222632,0.614486596792415,0.843772799004046,0.843143258042535,0.387755948343618,0.387339583417269,0.387110039924205,0.391456083460945,0.390673867572382,0.388228816606949,0.38497634519442,0.506615256973785,0.503609865874414,0.435115598929579
64_chr1,0,-0.0224299259469711,-0.14334594754617,-0.142029944031421,0.804118923553027,0.804015622307403,0.457383623078149,0.457209922085349,0.952991249913376,0.953890005111903,0.952449086859176,0.954568893307951,0.953148353033118,0.951617696150228,0.950126839874596,1.01569882612062,1.01358278785825,1.07500256313207
65_chr1,0,0.105350168164428,-0.173132055319632,-0.172724236149029,0.605597712805008,0.606430876143519,0.618272030086446,0.617795675484449,0.462866548409361,0.462630760841864,0.462380511785062,0.466093721387091,0.465286604061793,0.463040988797127,0.460346595137325,0.566173179865318,0.563629460397467,0.545975061397193
66_chr1,0,0.159731314379951,-0.203249853225571,-0.203233046442431,0.510693145545956,0.511923065427322,0.671814275410734,0.671209857264205,0.238026610827094,0.237271039896884,0.237583319321109,0.241988275434469,0.241469532029269,0.238905003751481,0.23569619630639,0.35901624054225,0.356316293059298,0.306294136062646
67_chr1,0,0.149343545622165,-0.0682800607614966,-0.0681551966247871,0.605998690442319,0.607166067014802,0.772192607938256,0.771607162780472,0.401371513506267,0.400988908382297,0.400780339837503,0.404952255255749,0.404176089275861,0.401780928989709,0.398686739812337,0.515985123954893,0.513123977565512,0.459764994760382
68_chr1,0,0.0649160165204238,-0.00684822983543976,-0.00611252414959407,0.762103447933283,0.762656358122451,0.701627587988905,0.701240340001879,0.764110720900704,0.764566165217006,0.763437318911564,0.766523829225254,0.765276981534369,0.763389253670998,0.761095556809259,0.850930743210121,0.848290448982159,0.844101861159699
69_chr1,0,0.247019510204606,-0.075771923896098,-0.0763373371253643,0.463372111988611,0.465256894219232,0.908253327570622,0.907435882959419,0.040950937079034,0.0397334357912644,0.0403861485766788,0.045764142484134,0.0454329594336049,0.042504101793758,0.0384918542526633,0.186244266209758,0.183033611298403,0.0681043232773426
70_chr1,0,0.183150323842978,0.273584551399735,0.273559450195103,0.762367631694618,0.763818616347248,1.11413069795521,1.1134503217385,0.597570867280155,0.59762884776375,0.596616377100185,0.600936744805161,0.599775213021986,0.597484432671352,0.594116093826649,0.714810538959423,0.711319158303962,0.611273131860537
72_chr1,0,0.150848076983384,-0.160102033159866,-0.160011482508905,0.549028337100746,0.550197364478054,0.695790180933196,0.69520505813141,0.310373136235563,0.309783438694121,0.309881527757398,0.314143633998539,0.313517923765336,0.311037574666265,0.307917636289522,0.42758720768619,0.42485626181661,0.377305091772127
73_chr1,0,0.171103393037298,-0.323052809931297,-0.323147080679499,0.423054073522168,0.424355328509723,0.58585407001805,0.585227693424692,0.0852515393190294,0.0841468719721572,0.0849399149210646,0.0895781630744281,0.0892974587954023,0.086570976987606,0.083240229077596,0.212572685023378,0.210007879230823,0.161579153891103
74_chr1,0,0.253083812572267,-0.0806194323140276,-0.0812288336882197,0.45189955883215,0.453828432677319,0.912949599882739,0.912117937544814,0.0144906629246284,0.0132120445880783,0.0139322510560524,0.0193885476312148,0.0190918540233014,0.0161261832262674,0.0120563824711128,0.161790455986136,0.158564580654272,0.0401355009300617
75_chr1,0,0.0354185516992182,0.234442724616236,0.235448612443231,0.947939825536147,0.948300583768511,0.865139737889518,0.864812397638519,1.0956677020913,1.09688153567976,1.09472787972737,1.09726350645418,1.09550798696309,1.09398204544058,1.09199585170628,1.16767641992504,1.1647882818664,1.16158381704317
76_chr1,0,0.189354341298674,-0.35944845813255,-0.359680745369235,0.375502142284182,0.376933859000707,0.581321898069782,0.580653658620206,-0.0147007411778328,-0.0160355307328981,-0.014969595872381,-0.0100786615105779,-0.0102214206327877,-0.0130769963480359,-0.0165837150018495,0.119164987476573,0.116586615028372,0.0592315614475418
77_chr1,0,0.194500013525076,-0.359902795849018,-0.36017146302642,0.367952792447488,0.369422296731487,0.588438653454646,0.587758194565049,-0.0337436612831383,-0.0351225603987535,-0.0340110614730111,-0.0290565430447796,-0.0291757665816039,-0.032059508103623,-0.0356145985860952,0.101739691391329,0.0991429946701965,0.0385487480110931
78_chr1,0,0.088954148928583,-0.187133907780108,-0.186614158091958,0.620425218020241,0.621136392636748,0.582371043060135,0.581934280456728,0.509149390628073,0.509021430724172,0.508675424403958,0.512198096075382,0.511340177786813,0.509171342627874,0.506629123966408,0.60766015215952,0.605197662079138,0.59900273014603
80_chr1,0,0.256909068694766,0.214625397504033,0.214065278392743,0.622829549692214,0.624816810729232,1.17125040113346,1.17039709790652,0.275740507951266,0.275055135525697,0.274863575332817,0.280136320762135,0.279394276307218,0.276655745810973,0.272587400176721,0.417384348841203,0.41370784563662,0.271094640379095
81_chr1,0,0.12368966349489,-0.177765452279532,-0.177488071795351,0.576891129199649,0.577858660839352,0.641056596772763,0.640536819374231,0.392188031623396,0.391788651034087,0.391710437983746,0.395652618850785,0.394934103548267,0.392585573897315,0.389718398515215,0.501329912718703,0.498725340630985,0.469748311532531
82_chr1,0,0.203036973270292,-0.138669367825486,-0.13894106869677,0.488013927308567,0.489568876206411,0.790260460365075,0.789550298197853,0.141497493083863,0.140515577160431,0.14099247982158,0.145879139002527,0.145451356873331,0.142707197621542,0.139099954356259,0.274513746149269,0.271558450197484,0.189235979618151
83_chr1,0,0.138390116636909,-0.226650616394863,-0.226489456430685,0.526901390712525,0.527971998533522,0.62065488055633,0.620102215572655,0.293446218301704,0.29282003448568,0.293024234159368,0.297185226270237,0.296608464637133,0.294139529987833,0.29112813966254,0.408313599288531,0.405727032905348,0.371001928970032
84_chr1,0,-0.0531211998008596,-0.154678151114461,-0.153148786087858,0.840759993413565,0.840429869603472,0.402916226449798,0.402816004638882,1.05348883602294,1.05462094113165,1.05295318077294,1.05470470655303,1.05316577692366,1.0517913291693,1.05058720841033,1.10687394394452,1.1048879611061,1.18666235578805
85_chr1,0,0.312946700352723,0.167552242817111,0.166585059422623,0.515455167527989,0.517849626739042,1.21269555179332,1.21171096545198,0.0291085941300997,0.0278536374174441,0.0282930498884593,0.0342911368433874,0.0338713638808579,0.0307907456326677,0.0261902867720485,0.189346201877506,0.18553242324603,0.0107470630958177
86_chr1,0,0.135263293803545,-0.217322836520119,-0.217137232519772,0.536895126035829,0.537943699604107,0.624078302040476,0.62353267779299,0.313451683640202,0.312871474742213,0.313019028402815,0.317134314546165,0.316529077386182,0.314084854960621,0.311104004045044,0.427126069108195,0.424537255133532,0.391113625803295
87_chr1,0,0.0354692431894683,-0.0550026609836584,-0.0540718724639234,0.77499155695655,0.775323020761906,0.617456686682345,0.617141522185721,0.82579633157073,0.826396701888064,0.825169484801926,0.82793176099881,0.82662970327297,0.824860560343724,0.822837253093965,0.904536960581411,0.902076567554822,0.920163856310051
88_chr1,0,0.070311804925121,-0.398957485495125,-0.398361057514691,0.520277245342359,0.520829638844138,0.373863736488958,0.373480312595635,0.379242067831936,0.378821789830495,0.378993648490053,0.382452657799224,0.381843739952473,0.379597784953165,0.377203792759442,0.476845504444441,0.474765007031633,0.496032116095188
89_chr1,0,-0.126993224431809,-0.663022686251526,-0.661103997083941,0.641625752730929,0.640700372985763,-0.139964481939222,-0.139867406912335,0.847149362628357,0.847824235240866,0.847149532159181,0.848390293110551,0.847319703537829,0.845917487090312,0.845342628300747,0.889258222630024,0.888296513876212,1.05450447833287
91_chr1,0,0.122736079906544,-0.234832571766684,-0.234563207345841,0.544155483549255,0.54511015467746,0.590817840732527,0.590302755733727,0.342466832578069,0.341954581182724,0.342050764901998,0.346025791724916,0.345392407002556,0.343001130625304,0.340135685267227,0.452635036890909,0.450118356300013,0.425952053122289
92_chr1,0,0.109027503362637,-0.0061839910411492,-0.00575897662783653,0.700109322703327,0.700986635657672,0.766538698043498,0.766046504724283,0.605112372097384,0.605199341384376,0.604446509365884,0.608074536549713,0.607022309677233,0.604896955641907,0.602189166368929,0.705693757589902,0.702889637399217,0.670597058458778
93_chr1,0,0.154270894078323,-0.00737351960047405,-0.00726765191035061,0.635407047155277,0.63661689532103,0.831514070279716,0.830914318200155,0.440291003610887,0.439996080439885,0.439634896431353,0.443819796754895,0.44297011415267,0.440599466293365,0.437466722164063,0.555030278789527,0.552060894762559,0.491081000574214
94_chr1,0,0.193388659747788,-0.0329020300008757,-0.0330784254207782,0.564831891760347,0.566326741127653,0.866720919915825,0.866029212566619,0.274957574642,0.274280573993011,0.274336393124932,0.279021901993288,0.278385704775075,0.275782411529653,0.27227914715421,0.40250634545506,0.399430295325391,0.315452103420933
95_chr1,0,0.102000897489604,-0.137320913777706,-0.136880244265213,0.631723750186633,0.632535958151723,0.644039983413505,0.643570073553935,0.508352556961141,0.508220700681701,0.507827172165387,0.511471261656753,0.510593212332176,0.508395737553038,0.505737324158717,0.609782218029087,0.607197917692237,0.589035391120763
96_chr1,0,0.20437916449254,0.256615248500128,0.256436161352433,0.72220654010708,0.723811872910986,1.13057058015708,1.12984043302912,0.504943404216451,0.504787436910035,0.504011236231876,0.508605712111942,0.507564914889313,0.50514526552781,0.501575454537414,0.629206951103998,0.625662289483631,0.513364809225994
97_chr1,0,0.278742626467438,0.185735074366647,0.185013629438254,0.574693103922982,0.576837937499167,1.17836829145833,1.17746428546168,0.169817582770122,0.168887943476808,0.168975975285746,0.174539568636999,0.173939607920743,0.171058938037974,0.16678193343597,0.318950769070026,0.315236377199847,0.160865360279611
98_chr1,0,0.100582382257833,-0.266681743208541,-0.266264481342699,0.556466953646561,0.557255472784825,0.531241708980082,0.530780668545541,0.39295474502022,0.392560800159549,0.392568967548705,0.396296643811246,0.395614866134653,0.393316479909402,0.390655011099121,0.496942973611789,0.49455516417822,0.486825077108887
99_chr1,0,0.184616040895282,0.267850082805761,0.26781317160517,0.756869519223626,0.758330692963208,1.11136010204972,1.11067648330711,0.58692413996848,0.586957684716636,0.585976124623403,0.590318980867904,0.589172929913352,0.586869422437189,0.583486595658223,0.704754638702966,0.701266325299149,0.600710567071834
100_chr1,0,0.0808738017741358,-0.0472001933647035,-0.0465873653921277,0.715431961975242,0.716098067645171,0.690364036114766,0.689940547526358,0.668769983390134,0.669006154658091,0.668143199645353,0.671457307580646,0.670344428608862,0.668336668480035,0.665888031311849,0.761510193870481,0.758870647765584,0.747505660454641
101_chr1,0,0.140486312716336,-0.0702935487982702,-0.0701067858376647,0.617323681033233,0.618425727426136,0.757549653324881,0.756985360220109,0.431545328953571,0.431232728625631,0.43095467435713,0.435019325701925,0.434207025456419,0.431858000645436,0.428846719922365,0.543439392800275,0.540613921016266,0.49303650591082
102_chr1,0,0.100409360208209,-0.0413030431947462,-0.0408263635613689,0.691323241079057,0.692133588583401,0.72390706970164,0.723436866173955,0.603575252445956,0.603660104951802,0.602945749309981,0.60649530230455,0.605459841034152,0.603351546425666,0.600720230266819,0.702279920509927,0.699559537398778,0.675335414306291
103_chr1,0,0.0379276770950038,-0.0730761805669143,-0.0721673841777796,0.760719630751945,0.761067317997232,0.605572226331819,0.605251982370509,0.800060670481301,0.800602147166823,0.799453826118377,0.802260424724509,0.800997572603487,0.7991999862884,0.797151308318306,0.879988475415284,0.877545727622617,0.895400954722601
104_chr1,0,-0.0790626091103957,0.0139421430787226,0.0156978645947556,0.978162834862946,0.977659256906273,0.509411350200109,0.509365665433881,1.3044680578177,1.30617481943161,1.30374522384623,1.30504631052217,1.30312827591261,1.30203542175378,1.30109621666763,1.34583867546591,1.34369916145364,1.42954980188388
105_chr1,0,0.166184765609897,-0.0111565598974837,-0.0111356286068539,0.616296693915338,0.617593752417047,0.84565388086071,0.845025952905927,0.393655893643156,0.393253058367895,0.393006107142401,0.397340357555311,0.396549443918143,0.394111291058257,0.390866205026778,0.512203854625948,0.509196081881407,0.440917628747374
106_chr1,0,0.158354962487859,-0.00203696983300061,-0.00195850538863596,0.632817933213578,0.634058356930744,0.842039168074295,0.841429475519329,0.430485096372226,0.430167230315841,0.429823983507102,0.434054900985294,0.433214977279491,0.430826756047396,0.427656340820076,0.546376070923834,0.54338372011718,0.479413190757631
107_chr1,0,0.147361613544264,-0.460547355728665,-0.460509817780845,0.374513071413269,0.375625669577791,0.433532080996582,0.432968014210398,0.0430518622644733,0.0418550634653596,0.0428844610484287,0.0473383425119605,0.0471676292255694,0.0444539457813455,0.0413287129831992,0.166148365102136,0.16387448510114,0.140675097511672
108_chr1,0,0.058286837143913,-0.337766117273818,-0.337069145702344,0.573832909949939,0.57430316042132,0.408701767794224,0.408344345172388,0.479768834444866,0.479578989535494,0.479452000221821,0.482715464405753,0.481957390227592,0.479827722154649,0.477554381639343,0.572196827067163,0.570070252832724,0.594477197436261
109_chr1,0,0.174186758403757,0.283024948408884,0.28306545305657,0.780684061124682,0.782070107759034,1.10913684182551,1.10847738398077,0.638801493402942,0.638954629344962,0.637835117747214,0.642037970493398,0.64082189737941,0.638587439749965,0.63530445756421,0.753022641417934,0.749550393848615,0.654509733402843
110_chr1,0,0.120613207326844,-0.282693410710134,-0.282421444837582,0.518572288862448,0.519506445761576,0.546753832792065,0.546245830187835,0.305554564301749,0.304958745451521,0.305189849308327,0.309176164890642,0.308608308313275,0.306188325593135,0.303336754394632,0.416170286967353,0.413732203394694,0.394442053661334
111_chr1,0,0.228943653805708,0.232416744607469,0.232058297747424,0.673009766760447,0.674793232480835,1.14568796510015,1.14490042048968,0.393510170956122,0.393096974642191,0.392608766241042,0.397523983514652,0.396630036523436,0.394057439664379,0.390253922022734,0.526007114575818,0.522407546015546,0.3962697170934
112_chr1,0,0.127192680540126,0.0228726429971737,0.0231771467930464,0.691771282576319,0.692785135248577,0.817906703526692,0.81737007078667,0.566454986002254,0.566451178610893,0.565761105895712,0.569589653956877,0.568572501335059,0.56637344975746,0.563498779922568,0.672035459701778,0.669121321194997,0.623134970261885
113_chr1,0,0.0755076819309798,-0.808596245955904,-0.808142213422545,0.268263976871568,0.268812587101778,0.0308035313524779,0.0304251517274485,-0.0212361534608969,-0.0225676045515,-0.0210406736021684,-0.0171979330695931,-0.0171423586875932,-0.0197601736666693,-0.0222548030200791,0.087495003516072,0.0860009575156684,0.134142339841553
114_chr1,0,0.24014589033447,-0.0702774864221649,-0.070793041024885,0.476375746134226,0.478210552460038,0.902930309567384,0.902128980123759,0.070942493431319,0.0697942656288455,0.070370477295183,0.0756597185745518,0.0752894432585487,0.072402311712386,0.0684552982067617,0.213961583992261,0.21076818075777,0.0998057526215979
115_chr1,0,0.0409515775247412,-0.463119825811818,-0.462333058549123,0.523481926980024,0.523811869681883,0.276116760562686,0.275805894367994,0.425699297564337,0.425389315504163,0.425514758377145,0.428663097536587,0.428024420012694,0.425883147408539,0.423756705963267,0.51562180649429,0.513744557769896,0.558411833101508
116_chr1,0,0.0516386024134409,-0.267808694522054,-0.267046806696764,0.625019463123061,0.625448002090323,0.458885980481077,0.458541398419332,0.569007599697935,0.569021669402355,0.568613878698268,0.571741020903169,0.570843912839042,0.568808856807046,0.566606793742696,0.657735993369582,0.655530533105173,0.679011880821345
117_chr1,0,0.18318743218658,0.250576943985539,0.250545640128179,0.748573430048651,0.750022329345098,1.09449096997926,1.09381148291944,0.575999474801184,0.576008414578189,0.575069868804187,0.57940865902673,0.578283319007762,0.57597302830614,0.572601428771639,0.693784587774704,0.690327085855718,0.591952472694202
118_chr1,0,0.227161142689708,-0.577924410540213,-0.578479546129075,0.191539799466344,0.19322710193223,0.449459024712044,0.448710144921995,-0.355067367167545,-0.357181899496853,-0.355092914996315,-0.349566809252459,-0.349199765245677,-0.352442845928623,-0.356332198770771,-0.204324568020794,-0.206719502721361,-0.272024270277476
119_chr1,0,0.180107602313577,-0.0194249723227312,-0.0195042932616079,0.591665909194337,0.593064489440062,0.858884686970869,0.858223995460087,0.335572148686768,0.335035055905077,0.334933908793587,0.339445697775995,0.338729487628244,0.336209217678822,0.332832359193834,0.458660305133923,0.455613358710942,0.379089083880253
120_chr1,0,0.15090659995298,0.00105606278231163,0.00118781608087759,0.645200194599426,0.646386170415889,0.833822276497257,0.833230168125823,0.460318871072232,0.460070011693804,0.459653019530306,0.463789997271756,0.46291219228489,0.4605667850501,0.457466696329966,0.573811825483678,0.570842398469912,0.511381183356621
121_chr1,0,0.112811685060049,-0.358184335065243,-0.357876883901533,0.484518344732553,0.485387402502866,0.470756185217858,0.470269945202689,0.263446402933285,0.262756113171821,0.263161852947863,0.267111255071006,0.26662700383183,0.26418578754606,0.261397911743559,0.373377212352741,0.371079539208583,0.362312744481889
122_chr1,0,0.109609358095493,-0.153257313053171,-0.152874377119277,0.611444111106658,0.61231062771132,0.64149684416302,0.641009514950591,0.465972785113665,0.465743377773325,0.465466056000219,0.469216081816671,0.468396735083124,0.466144802575561,0.463412933769554,0.570148475802526,0.567559648995732,0.545732180575887
123_chr1,0,-0.129962400902258,-0.370262550430369,-0.368247338834805,0.820681693253798,0.819764489195931,0.106298897732892,0.106390597667394,1.13066974643409,1.13198957484049,1.13035280993116,1.13132847101776,1.12978628394298,1.12864580953183,1.12813588639828,1.16505828918214,1.16367470869326,1.31020288195628
124_chr1,0,0.247800839646028,0.21276412000603,0.212267707845089,0.634600457303196,0.63652055828423,1.15637162274194,1.15554006208437,0.306964372684296,0.306351432075731,0.306087747573443,0.31125002586449,0.310470495481782,0.307779583483649,0.303796522251241,0.445806744779629,0.442166617732345,0.3054834009328
125_chr1,0,0.121576052896613,0.0216344324858642,0.0219781980844468,0.698975841626876,0.699948270498542,0.808654223288381,0.808131002037309,0.585625041017665,0.585665707447773,0.584931448332666,0.588691946998526,0.587651820149656,0.585482056808551,0.582659966509236,0.689480075876867,0.686588502600353,0.644265567245254
126_chr1,0,0.25971212560894,0.21238477011384,0.211804318692862,0.617526677655368,0.61953431882806,1.1734211237949,1.17256124881498,0.263509974260371,0.262796352160599,0.262635989065437,0.267944927748456,0.267218825089435,0.26446327872417,0.260368330700257,0.406081247895782,0.402397709470598,0.258166821792751
127_chr1,0,0.0974457134898594,-0.0481113080177023,-0.0476155010163982,0.691448632738483,0.692236491872631,0.713756511646836,0.713293646245749,0.60795566177447,0.608050945194332,0.607332965370616,0.610851418045817,0.609813472152185,0.607715465914922,0.605111114578395,0.705892706023043,0.703193329358777,0.681355673493085
128_chr1,0,0.238631156676992,-0.32747346039343,-0.328044754819076,0.324903152743391,0.326700460129354,0.680568451297425,0.679781650867902,-0.163216314232935,-0.164896575504916,-0.163510517856621,-0.158039046243341,-0.158013302123277,-0.161108115926551,-0.16507346260179,-0.0147025134776304,-0.0175100720123615,-0.108561006517187
129_chr1,0,0.116380196928098,0.326957343959051,0.327416567882252,0.888684524199784,0.889650044487221,1.06242306873489,1.06189923474845,0.888907901019418,0.889638801957222,0.887883201832553,0.891341429303813,0.889800156485139,0.887914702094277,0.885180044615404,0.984055690865247,0.98073189245545,0.91921981798663
130_chr1,0,0.170492192443791,-0.507633448840749,-0.507771075692045,0.313674373983691,0.314952216178603,0.426966791269712,0.42634970980874,-0.0845180619182901,-0.0860085415084226,-0.0846302208210465,-0.0798553448338248,-0.0798497289104243,-0.0827278265848221,-0.0860761996789949,0.0468950696839316,0.044605414515809,0.0101638224978107
131_chr1,0,0.18601233499384,-0.424375946222111,-0.424601447556683,0.341449908810792,0.342850398208022,0.52087105478542,0.520213522414563,-0.0631032642902243,-0.0645475454124971,-0.0633025410105614,-0.0584019711598609,-0.0584578853923095,-0.0613499084495213,-0.0648334663880088,0.0712252283589892,0.0687551858209172,0.01830899146151
132_chr1,0,-0.0508535728041342,0.0734980595687995,0.0750703649905352,0.973835115401506,0.973545051840004,0.601536191610542,0.601420882891738,1.25788441774113,1.2594807800427,1.25710246886514,1.25870367715647,1.25681750910992,1.25562232239769,1.2544257923807,1.30668331039672,1.30435160787733,1.36787360751128
133_chr1,0,0.155637723940752,-0.0733113208361933,-0.0732321122772042,0.594091253946193,0.59530439348818,0.777066899088832,0.776466697261304,0.37390822526809,0.373462186367239,0.37332366994842,0.377576856207644,0.376836487041432,0.374403118143349,0.371249194116007,0.490604357498202,0.487727413736763,0.430735974678297
134_chr1,0,0.261178604888432,-0.0928303449159824,-0.0934999451348927,0.433157172273512,0.435144312416394,0.914304751184201,0.913454354508683,-0.0261777121214961,-0.0275500689988673,-0.0267214054933556,-0.0211561058349208,-0.0213977733459436,-0.0244174011082867,-0.0285647520285903,0.123933556842798,0.120695851710506,-0.0019819421886389
135_chr1,0,0.0788857956257135,-0.238565236309985,-0.237987813709881,0.603947492822313,0.604579367203709,0.5236612448771,0.523250614306332,0.497661044842063,0.49750857940044,0.497240804574445,0.500679920266186,0.499857878104051,0.497700242224446,0.495246048368732,0.594220661532543,0.591871379168846,0.595868998169851
137_chr1,0,0.127384126694428,-0.164172691057181,-0.163917836228725,0.579784242926162,0.580780331733881,0.658080484368677,0.657551342409253,0.391484554663824,0.391082984544116,0.390992955283954,0.394969918655328,0.394246505874671,0.391889435886174,0.38898929258943,0.501464883625713,0.498826576599616,0.466498451723404
138_chr1,0,0.0970691998371869,0.340114219042312,0.340712929002603,0.923855994168144,0.924680876704869,1.04551729005516,1.04503882743945,0.971043461670792,0.971964154345255,0.970000921531097,0.973211584119048,0.971564053334657,0.969793912677757,0.967242237542724,1.05985481261376,1.05658285167825,1.00638334483738
139_chr1,0,0.301089093308875,-0.133390418995314,-0.134351750333436,0.352482920199395,0.35475934944446,0.937801304020481,0.936857705197462,-0.208385119675438,-0.210178037620363,-0.208877485941966,-0.202790098796731,-0.202791227088081,-0.206060396402368,-0.210587613362134,-0.0448679927068469,-0.0481930668918791,-0.193265928905977
140_chr1,0,0.263771530869603,0.199997926064369,0.199385668578192,0.604386824654373,0.606423043453881,1.16873952764699,1.16787052378332,0.237279709454984,0.236505813561641,0.236419877578202,0.241788370475995,0.241099670036303,0.238311808458358,0.234177177506145,0.381406220425166,0.37772600951967,0.231825888738574
141_chr1,0,0.230805292242146,0.138561742030016,0.138165940097112,0.614320060073843,0.616107593890612,1.06806621100141,1.06727822575232,0.299325346854541,0.298697757815242,0.298525772415849,0.303537156176438,0.302798432398807,0.300137012201928,0.296304135033481,0.434581455102733,0.431113774494958,0.310706414231675
142_chr1,0,-0.0858548964163591,0.0767472917050424,0.0785670977463105,1.02528130754124,1.0247342258345,0.553263300235855,0.553231102497498,1.38756401440161,1.38946075019234,1.38677200016504,1.38794057994295,1.38589407209514,1.38489060499185,1.38402312458715,1.42535599914902,1.42314870521776,1.5086922883621
143_chr1,0,0.126272434270431,-0.124387793777868,-0.124114831161877,0.605118870167082,0.606110862943977,0.690513668265328,0.689985480258333,0.432576403392968,0.432268418426901,0.432041578037841,0.435973813248796,0.435183171045198,0.432865494672278,0.429980825313835,0.541286391996294,0.538593368736753,0.504041254762544
144_chr1,0,-0.0328131068965519,-0.0262883300266621,-0.0248689268633763,0.888719604128825,0.888551957371273,0.542436336862104,0.54228235889754,1.09963005555614,1.10086380054498,1.09895937894029,1.10086018860392,1.09921029443158,1.09783394731594,1.09645539893577,1.15637866637485,1.15412789462583,1.21352755031681
145_chr1,0,0.201793966417605,-0.456378212114021,-0.456723193667491,0.300014583322964,0.301527828824917,0.516497661784038,0.515803953070643,-0.150026839678319,-0.151671232316468,-0.150188559334776,-0.145069076656031,-0.145004878147072,-0.148008974521337,-0.151644761911052,-0.010026915014075,-0.0125079037894995,-0.0706336013516151
146_chr1,0,0.123192914707076,-0.299254334882169,-0.299004825189389,0.5050322600275,0.505983687079213,0.53634100464116,0.535827569870327,0.280789421777619,0.280136896038016,0.280443096380985,0.284474043384616,0.283943561788933,0.281495750358066,0.27861786122683,0.392595098998261,0.390171976655766,0.37046119913705
148_chr1,0,0.198648397454861,-0.0371064085534867,-0.0373209561120036,0.554881428083728,0.556414519331723,0.870794127197581,0.870090088419496,0.252007844685985,0.251277835524801,0.251392193800323,0.256145616745013,0.255539333177344,0.252904110859256,0.249350928984354,0.38129687733871,0.378207626116018,0.291193967760197
149_chr1,0,0.247459424897187,-0.152764553774493,-0.153352948606086,0.416764639114638,0.41864476439179,0.842991507949564,0.842176287850046,-0.0323780321151239,-0.0337622906562709,-0.0328594891131488,-0.0274159664043494,-0.0276246369024809,-0.0306204887970454,-0.0346466124443561,0.114839170694995,0.111740721964105,0.00220384057560219
150_chr1,0,0.219919354446616,0.239630330681673,0.239337342659923,0.690082093933497,0.691799946842257,1.13869943374948,1.13793304656394,0.432885752946624,0.432563505023901,0.431974859151244,0.436773554082932,0.435828283289567,0.433310468156531,0.429592595557178,0.562396873949496,0.558819954924608,0.437890172387503
151_chr1,0,0.225935016135955,-0.5152926200855,-0.515822941803703,0.230682007656249,0.232366714428282,0.50128157971525,0.500532955464035,-0.292274066837541,-0.294245665306346,-0.292367565525493,-0.286905435126682,-0.286641903634041,-0.289825797708718,-0.293695710229842,-0.143367470420158,-0.145850477022474,-0.214989627371542
152_chr1,0,0.0437465831781202,-0.287748212881977,-0.286935857245302,0.624272614222829,0.624641082497354,0.430306749427818,0.429981785243384,0.578986387474922,0.579024401612628,0.578612748954861,0.581658485847563,0.580757594843508,0.578748417454049,0.576617931102515,0.665712629884375,0.663565783840772,0.693535464924913
153_chr1,0,0.0231062972400098,-0.215610705459681,-0.214634265729983,0.696551482893217,0.696775584979811,0.46194776248996,0.461668825691586,0.720886609497793,0.721250481201812,0.720431107710325,0.723166887904036,0.722061486111103,0.720224301728456,0.718296744506643,0.799492709723801,0.797315408166585,0.835097873435819
154_chr1,0,0.111802519103005,-0.38054395107237,-0.380235161921741,0.47259100795408,0.473450353935244,0.45014498751044,0.449662097638578,0.246264709757913,0.245535524897053,0.24600414744953,0.249958609609406,0.249504894602352,0.247050361261735,0.244269130586501,0.356399155500831,0.354138265539055,0.347660579338628
155_chr1,0,0.219764694364027,-0.0511249232635558,-0.0514919016783776,0.516641929683407,0.518328844037621,0.889595639704487,0.88884197233875,0.162536989124592,0.161600225567539,0.161940448793444,0.166964292734988,0.166473623946763,0.163712616864736,0.159959393058661,0.298746279706377,0.295599800380743,0.196188876218496
156_chr1,0,-0.0180173081013241,-0.208420385478344,-0.207152282452178,0.759010857299352,0.758933330421415,0.408118157952742,0.407936726269628,0.87639172979332,0.877115658424989,0.875920755235529,0.878145599625798,0.876846530762092,0.875237431463159,0.873696906720642,0.941987382150049,0.939951263743268,1.00335875702892
157_chr1,0,0.129923909453244,-0.117756717567887,-0.117507775344212,0.603914791525944,0.6049343118482,0.701515848314415,0.700978693740294,0.425541995609878,0.425217436897003,0.425000683868242,0.428972609701046,0.428187780509238,0.425855953065767,0.422937838221044,0.535238540038213,0.532522233079329,0.495159244462936
158_chr1,0,0.0292578329116575,-0.0309602864966691,-0.0299795165351716,0.798136664292458,0.798424922262549,0.628976095367693,0.62867468304397,0.870673546278214,0.871376921422385,0.870019540671052,0.872686717376209,0.871319460827159,0.869604035374429,0.86764209223771,0.946916383373969,0.944443375079679,0.964709894279803
159_chr1,0,0.168049144229629,-0.10454825724881,-0.104564580704622,0.557879829093392,0.559181023326158,0.768432699742572,0.767804304949481,0.299892834370198,0.299276564661779,0.299344377704752,0.303774466482679,0.303138062732782,0.300611460585191,0.297337047942948,0.42119006559171,0.418313485707655,0.355729625887058
160_chr1,0,0.15098931668672,0.000989943047707831,0.00112109635051971,0.645043709637558,0.646230286861094,0.83388633338012,0.833294031079716,0.459957954462338,0.459708261450897,0.459292189897327,0.463430235682639,0.462552901129776,0.46020699176565,0.457106118023003,0.573478276925814,0.570508642306391,0.510999690236579
161_chr1,0,-0.0697942095831974,0.103863740765365,0.10557736596455,1.01876102680049,1.01833481244681,0.599900880321458,0.599829331018038,1.35471396996884,1.35653346630516,1.35389564225304,1.35524039831687,1.35322266813915,1.35215523849338,1.35114039165645,1.39689279304419,1.39458611830389,1.46791732958609
162_chr1,0,0.203460504352426,-0.302839989623736,-0.303157068187387,0.38936097091008,0.390902206952176,0.650352869337038,0.649648674175582,-0.0129994443820198,-0.014332621024514,-0.0133268670144253,-0.00830680345562351,-0.0084756353760822,-0.0113598677564921,-0.0149918681549708,0.123958379940279,0.121244239446516,0.0507471644474289
163_chr1,0,0.190423713187659,-0.0305319959000728,-0.0306868847243148,0.570441029457461,0.571914321640946,0.864424827868784,0.863740071822032,0.287894478852539,0.287247359428555,0.287270179684462,0.29191740496945,0.291264345242073,0.288679050611687,0.285203925038319,0.414462253341714,0.411393644749537,0.329126563990651
164_chr1,0,0.281094542590838,0.188442346008426,0.187705025724955,0.572983544537593,0.575145948328281,1.1841162249537,1.18320651002298,0.163829657462993,0.162886030911723,0.162985562978647,0.168575942239039,0.167982174419146,0.165091077346134,0.160792332553418,0.313634570047692,0.309907493158899,0.153841199735305
165_chr1,0,0.110564870925762,-0.278271469141611,-0.277927548702141,0.535425643038826,0.536286371644639,0.53588203754359,0.535397746584266,0.346034532606784,0.345532336227638,0.345663155335185,0.349522545338946,0.348903194122133,0.346541179511176,0.343784514995595,0.453409383562794,0.451001857228544,0.437776710689767
166_chr1,0,0.0641610566994874,-0.143566272469257,-0.142860550460026,0.681513894462077,0.682047240601752,0.583499633846737,0.583119989600894,0.639456823865629,0.639629033185684,0.638931108485557,0.642115104457557,0.641078992198952,0.639080595154598,0.636776681283596,0.729213364863543,0.726777989241831,0.733141837354705
167_chr1,0,0.280898678572739,-0.10285328361404,-0.103664443456484,0.399278909434457,0.401410016327395,0.934489783261433,0.933592909108594,-0.106873499895721,-0.108432441082137,-0.107402664341698,-0.10158722040255,-0.101725722817706,-0.104860242885791,-0.10919402040858,0.049629252053057,0.0463335658952651,-0.0881478528039579
168_chr1,0,0.0121180836354665,-0.533618931121875,-0.532647172889204,0.522156852668222,0.522267567941426,0.173714006323659,0.173474714217211,0.46434632449219,0.464128800516007,0.464232615760865,0.467081705546646,0.466425527342542,0.464380774628671,0.462516136168765,0.546899447337918,0.545232871415255,0.613432150275193
169_chr1,0,0.149984547087201,-0.0809310368445843,-0.080813956778139,0.597536036512254,0.598706829439418,0.762298720281167,0.76171228797456,0.38726462732452,0.386849852844265,0.386687252659738,0.390876923700763,0.390123410865545,0.387714171641091,0.384612362559971,0.502371977560977,0.499527168729371,0.446692528350277
170_chr1,0,0.179548657123137,-0.595616737800216,-0.595840906932936,0.248315364443034,0.249650777336047,0.364865678934325,0.36423079483192,-0.1992664248625,-0.201019190801353,-0.199281755506464,-0.194326889242226,-0.194143331132238,-0.197144173158116,-0.200588717011102,-0.0629833036592142,-0.0651763126816998,-0.0988959502957658
171_chr1,0,0.120703040854719,-0.162125063587506,-0.161822597012722,0.590456888267168,0.591404063512261,0.650087932143624,0.649574593847175,0.417567895417444,0.417226684095503,0.417072831347714,0.420966099519523,0.420209845770417,0.417890569409852,0.415053416094624,0.525414094759478,0.522797424598846,0.494567640376749
172_chr1,0,0.210040447037902,-0.0433518328215622,-0.0436482752415173,0.535038430647883,0.536654643091329,0.882065059811672,0.881334190895397,0.204966642956939,0.204127881983225,0.204359877547914,0.209258161373732,0.208712187976699,0.206010211632858,0.202349275719768,0.337958522807698,0.334836449773914,0.241037521526124
173_chr1,0,0.212798645847115,-0.453509564499328,-0.453931357553987,0.28616302520506,0.287757477880276,0.535004948379795,0.534284943682812,-0.187174395500187,-0.188904988409874,-0.187337156887558,-0.182084690413241,-0.181976171501401,-0.185037280943611,-0.188776031587113,-0.0438040822646295,-0.0463299375694715,-0.111665987347303
175_chr1,0,0.148759620150479,-0.606461518271081,-0.606471511070081,0.285385831893713,0.286493753367065,0.310672901903302,0.310111708800922,-0.097960931515408,-0.0994784954345436,-0.0979702996877347,-0.0933852960177273,-0.0933213241467969,-0.0961650200762367,-0.0993218487869174,0.0289578784899067,0.0268945651645893,0.013555815244946
176_chr1,0,0.163627375920826,-0.0119793502687696,-0.0119406089878024,0.619422414134949,0.62070058480734,0.841219298713977,0.840597488345348,0.40214317149383,0.401760037690256,0.401493795912565,0.405797264004055,0.404996295199165,0.402571260621476,0.399350082570794,0.519911507137603,0.516914391824984,0.450323063750647
177_chr1,0,0.146579274478407,-0.0630530463470979,-0.0629073520718763,0.613030378749183,0.614177966456992,0.772634721627821,0.772055629104123,0.416244238312313,0.415895882732,0.415646895415716,0.419780762118204,0.418984150055059,0.416608302646155,0.413540729699096,0.529873235534733,0.527014565941906,0.47502858484824
178_chr1,0,0.107026346685068,-0.0314363592481102,-0.0310037630648817,0.687857298498866,0.688717309443383,0.742004435009928,0.741518074128602,0.588824899626688,0.588875165037014,0.588185966697114,0.591809123416148,0.590787562405754,0.5886518198036,0.585959623607564,0.689367226996121,0.686607828870467,0.657448382493241
180_chr1,0,-0.0743988558919118,-0.672656580021578,-0.671111021989721,0.561482774127982,0.560943112969941,-0.0714948548501911,-0.0715224638049762,0.647860553165086,0.648074009237063,0.647880984883756,0.649775540893536,0.648953324460421,0.64725903472565,0.646189131584401,0.706619076487288,0.705477451321945,0.838944966168475
182_chr1,0,-0.00118447240444752,-0.0846230246624007,-0.0834415785299827,0.809142906480812,0.809201833723623,0.538638123027424,0.538411396026347,0.930829173756179,0.931674156137344,0.930227492929647,0.932562503976739,0.931144246961645,0.929548158851759,0.927865255453778,0.99880950653275,0.996528218377381,1.04010958335983
183_chr1,0,0.154543285358056,-0.0845750705360688,-0.084491057824709,0.588911735814836,0.59011567387865,0.765829064749769,0.765231944503973,0.367373557069142,0.366912838865704,0.366800975932565,0.371049509699482,0.37032192372814,0.367885010826095,0.364739937075168,0.483989233136965,0.48113298260782,0.425667432124004
184_chr1,0,0.0992453624301335,-0.0403725999738139,-0.0398874771428763,0.693525312409502,0.694327196856061,0.723005655127444,0.722538180586756,0.608654105454219,0.608750688923441,0.608023378370771,0.611557901750109,0.610515820487478,0.608414591890971,0.605794322643908,0.706973647675903,0.704256186011374,0.680703821930759
185_chr1,0,0.10904462298254,-0.397948749367659,-0.397625019107524,0.466096413808788,0.466933698116536,0.431224214084758,0.430748623136992,0.240027393575092,0.239284471179054,0.239785134136421,0.24371929899514,0.243280604898664,0.240826355430969,0.238068816428494,0.349704349175869,0.3474793726078,0.344037962384261
186_chr1,0,0.264560848111775,0.208508937128658,0.207893314917171,0.608353779722153,0.610396674414653,1.17717603571365,1.17630479292794,0.242353620413663,0.241591132081345,0.241484733666304,0.246856279370531,0.246157752799636,0.243372772416602,0.239231807629802,0.386529165442961,0.382833457506603,0.235804305864084
187_chr1,0,0.170740956536618,-0.0853841105336262,-0.0854144550846233,0.565518694682906,0.566841645027468,0.78876303308137,0.788127421800184,0.308008530484476,0.307410278691302,0.307439856263291,0.311888056446882,0.311233583735422,0.308708531137899,0.305411270000056,0.429701790101153,0.426786939662699,0.361079218841697
188_chr1,0,0.139243920784068,0.0132394675736437,0.0134565562522866,0.668972535759669,0.670074009168402,0.827239336112115,0.826674449299316,0.513872000949294,0.513746739152597,0.513190792761296,0.517174947222516,0.516226333491677,0.513954125238421,0.510965083202508,0.623439805326727,0.620495420151316,0.567554133916277
189_chr1,0,0.176094854281206,0.281499709351301,0.281526373396573,0.77707429201119,0.778474211804044,1.1106144953617,1.10995056399568,0.630475928981973,0.630609834816101,0.629511559695302,0.633739049899909,0.632533828679392,0.630287788013811,0.626986697059095,0.745328398676273,0.741851362094159,0.645709513462863
190_chr1,0,0.0107670450337158,-0.0808577334667863,-0.0797595398634544,0.794487686818367,0.794634874870543,0.559294001617409,0.559038688531176,0.891090927211263,0.891843669001855,0.890487412391621,0.89296634165793,0.891595200804145,0.889937739636506,0.888143096323541,0.962716557284207,0.960385581562591,0.996088344699001
191_chr1,0,0.0292368056012055,-0.561194155108935,-0.560350156676008,0.481474491503288,0.481708247746602,0.175080361396452,0.174801524668819,0.376709345631511,0.376289874787434,0.376628657472178,0.379709633004407,0.379172566122211,0.377012235917058,0.374983374014596,0.465248775008064,0.463559771600353,0.522903004514157
192_chr1,0,0.0381233649443624,-0.55440628841589,-0.553623162611765,0.472959607201696,0.47325939860768,0.193852824472149,0.193552563113091,0.350877893800913,0.350398284270623,0.350791529707963,0.353976401382164,0.35346812273897,0.351265505781122,0.349154064402905,0.442035247734203,0.440303402751225,0.493494678671156
193_chr1,0,0.236852667019393,-0.228849920205112,-0.229383214168324,0.386323351256119,0.388117690664941,0.762393221219407,0.761606461084292,-0.0648893247897813,-0.0663457909067087,-0.0652904991601511,-0.0599178960429314,-0.060054473282281,-0.0630569105458014,-0.0669930748097758,0.0807806344657482,0.0778338309514162,-0.0193517623774202
194_chr1,0,0.210558008886686,-0.120236189717204,-0.120556132976294,0.488385802425206,0.48999793992226,0.817009177602571,0.816280343918152,0.131457590130574,0.130451650139178,0.130934053689687,0.135898735884,0.135475449908571,0.13270615091979,0.129030623552179,0.266395081915279,0.263384768339481,0.174920886192188
195_chr1,0,0.235234847966559,-0.0663518379673304,-0.0668317697349214,0.485666541876857,0.487465641574933,0.899127136358369,0.898337320829136,0.0923707665550011,0.0912720330550476,0.0917935864417476,0.0970194160217464,0.0966212101865076,0.0937638909689,0.0898634856723524,0.233764966275025,0.230583888964516,0.122455690438114
196_chr1,0,-0.112251813706048,-0.0435233857233185,-0.0415486120436094,0.990782977901857,0.990029482558319,0.411811575268003,0.411847270747723,1.37102011640039,1.37288346422386,1.37035320481277,1.37129134191139,1.36931607740386,1.36835420106803,1.36771934586207,1.40335856303722,1.40142653199602,1.51261921431363
197_chr1,0,0.143797548493358,-0.528204082455009,-0.528158898469052,0.339144827763716,0.340224286159528,0.370421184741832,0.369868469135223,-0.00709008387238264,-0.00840029270098563,-0.007184997662395,-0.00272207808572844,-0.00280265778439226,-0.00555388015981029,-0.00865421272678368,0.116463157456343,0.114302462185656,0.0983542321490605
198_chr1,0,0.179673700607747,-0.0190781323988541,-0.0191543059796403,0.592486772021258,0.593882197505626,0.858548668012095,0.857888993781703,0.337465385104788,0.33693266525672,0.336826688962543,0.341332875377825,0.340614197505499,0.338096561542763,0.334723820998511,0.460409978769372,0.457364121369665,0.381090257138248
199_chr1,0,0.200607060423695,0.243589140981938,0.243433272965502,0.719761685193182,0.721337948045848,1.11391848230637,1.1131978603317,0.50645579848351,0.50630387189722,0.505537009004387,0.510095305843053,0.509058174402627,0.50664796019201,0.503111917836728,0.629843500707469,0.626332022875574,0.517393271793137
200_chr1,0,0.11342034372085,-0.0825436449081207,-0.0821693057337456,0.648288927109754,0.649190712320331,0.707584561942304,0.70708516439516,0.518069525747047,0.517957932494509,0.517487050077419,0.521228684753448,0.520315512867914,0.518102351673879,0.515343651165515,0.621794664448972,0.619087221816632,0.589626342816332
201_chr1,0,-0.0539978878274582,-0.494660388717124,-0.493212637447444,0.638939338558805,0.638567921808229,0.110622364011445,0.110538670608329,0.739885960805801,0.740305343058099,0.739717751094018,0.741723994835825,0.740713548163409,0.739058491552288,0.737819567855028,0.800885963546057,0.799405865789518,0.90678497683322
202_chr1,0,0.197083321031432,-0.197060238925323,-0.197305061165184,0.461559694726997,0.463064883864639,0.731595337619434,0.730901816518071,0.108635630594137,0.107579966566441,0.108192638626352,0.113051737354272,0.112688980334767,0.109927961637855,0.106369228040082,0.241147314843251,0.238300325970844,0.164066165253708
203_chr1,0,0.0214114796868012,-0.814810329893207,-0.81397667483674,0.341065638656528,0.341215863535481,-0.0534221390688733,-0.0536715894114006,0.168720835309851,0.167829828248145,0.168912907649804,0.172095774422046,0.171921130171032,0.169590196757154,0.167602706926913,0.260701005382626,0.259415850561709,0.342420404572279
204_chr1,0,0.216257885729052,-0.348373805011255,-0.348792827351041,0.344064573011261,0.34569523618637,0.63004392570289,0.629311226950521,-0.101732412958161,-0.103269337192047,-0.102008206023611,-0.096795332944545,-0.0968361002738369,-0.0998276491148156,-0.103585571714292,0.0402787869776891,0.037584722831856,-0.0376969671527476
205_chr1,0,0.193063656787719,-0.187396063041622,-0.187610062340826,0.473017174870967,0.474493799518117,0.734004375123115,0.733320004048695,0.132185272904059,0.131183782890873,0.131731078973297,0.136533237937455,0.136137518347197,0.133406315178549,0.129886546737091,0.26321730642504,0.260370868667394,0.187981249787799
206_chr1,0,0.115409828245348,-0.0594048181767074,-0.0590385242856992,0.659295108840119,0.660213893609076,0.7302926683705,0.729787555935363,0.532429961994643,0.532350694062726,0.531822839628803,0.53557085179879,0.534630271831782,0.532425788361863,0.529651336841166,0.636239554478516,0.633490557647926,0.601059678244483
207_chr1,0,0.0404356855717974,-0.0398953183567821,-0.0389956282908708,0.776990207364056,0.777359735947167,0.637632365582166,0.637304746838509,0.821901399390861,0.822492122275156,0.821259147332341,0.824070653200106,0.822766968334082,0.820983688077609,0.818915661617883,0.901842593993623,0.899341531092624,0.913157158891356
208_chr1,0,0.146500245872755,-0.153397174933575,-0.153274252852194,0.559182466433716,0.560320213116894,0.695187451413961,0.694612384887487,0.332352933445418,0.331813893888055,0.331853261368684,0.336056706296712,0.335401211813756,0.332949966491097,0.329871699945662,0.448053527859417,0.44532871979984,0.400048825409631
209_chr1,0,0.135777509780451,-0.556259126874646,-0.556164668530311,0.333731901408405,0.33474951602073,0.334708561296612,0.334176112822331,-0.00420962115811996,-0.00551200057443557,-0.0042757014286039,0.000110577128291212,3.83545913553718e-05,-0.00269310914362375,-0.00572169023399027,0.117489792964816,0.115400182962689,0.10661959339778
210_chr1,0,0.17554784263747,-0.183083048710815,-0.183172496706537,0.50036739749152,0.501715677208171,0.712147019909489,0.711504126154947,0.199584789059641,0.198739306807327,0.19912265275102,0.203706211910728,0.203226045499366,0.200593040288738,0.197238279216873,0.32504625665894,0.322258104454811,0.260690854845848
211_chr1,0,0.17192188195353,-0.521215987805383,-0.521367197328107,0.303539814388629,0.304826776374095,0.417425920029584,0.416806015137052,-0.102346787502577,-0.103878022751658,-0.10244399249954,-0.0976409421516999,-0.0976077160622171,-0.100504933110348,-0.103868449261793,0.0298280200275793,0.0275531681359857,-0.00679705971580935
212_chr1,0,0.0661816606337359,-0.0200542148543665,-0.0193308385423238,0.752425816294812,0.752986678707717,0.692169753892566,0.691780056651405,0.747226443461122,0.747643305197362,0.746567557515984,0.749679932374929,0.748459377571745,0.746553732148223,0.744246480166164,0.834748170218173,0.832122728145669,0.828102096471153
213_chr1,0,0.096277945812257,-0.435981704771964,-0.435577826155287,0.461437595761239,0.462177113389743,0.380047172479955,0.379603562207831,0.25078672721524,0.250070302583656,0.250583201475988,0.254390191013143,0.253954424103431,0.251537188818056,0.248894705970306,0.357358918976792,0.355237302476588,0.362717502627719
214_chr1,0,0.0466117628418948,0.013838730753906,0.0147087722045833,0.800348471727933,0.800768918168377,0.692635818418955,0.692291227414644,0.849619468824747,0.850272211709299,0.848920272350294,0.851765708288737,0.850405276928895,0.848633746705744,0.846514532707156,0.930242752901618,0.927639446711962,0.933568378530195
215_chr1,0,-0.0384595674012701,0.0294687057392635,0.0309422985487929,0.930007815809744,0.929804367715964,0.581926645995689,0.581783729183839,1.17201283111917,1.173412014614,1.17128080958383,1.17306869594263,1.17130644746536,1.17000738502956,1.1686889106667,1.22570420970964,1.22339184837906,1.28227494496414
216_chr1,0,0.0794193706118368,-0.0306357964877557,-0.0300084414935331,0.727382485308636,0.728039594902249,0.702421203618673,0.702000470632347,0.68946655387102,0.689750003762431,0.688821587421233,0.692104888454827,0.690959620339372,0.688973615812911,0.686540731448122,0.78136817232656,0.778709505737822,0.767049210876801
217_chr1,0,0.194897869715882,-0.454776417372355,-0.455072387078578,0.310725056134221,0.31218776148563,0.507809867183463,0.507132492466375,-0.123580883280591,-0.125164058483278,-0.123745625814287,-0.118712132208743,-0.118681030249714,-0.12164654620846,-0.125217381245539,0.014228104952215,0.011770205929778,-0.0420875579927831
218_chr1,0,0.0412214738460591,-0.190690934483576,-0.189835721248948,0.685813345663185,0.686173195818824,0.509701798662471,0.509378717111005,0.678555668061192,0.678820420575324,0.678076612568904,0.681015529697638,0.679951458206475,0.678037374249224,0.675942882298595,0.7622412292056,0.759960210085195,0.784385474485847
219_chr1,0,0.175648440862049,-0.0953623451599467,-0.0954298504016922,0.55261791317866,0.553975923621089,0.787380175337175,0.786733315732352,0.280953693393881,0.280293157904147,0.280396726911208,0.28491302151037,0.284295941163439,0.281736015593581,0.278391413527066,0.40441117240312,0.40149295765596,0.333399175718005
220_chr1,0,0.148697881356994,-0.120135857709295,-0.120019833912786,0.575940084794688,0.577097399009607,0.726863737077595,0.72628203055854,0.355391709027372,0.354904688597697,0.354856484161707,0.359060959705964,0.358363129804431,0.355927933950125,0.352833243287633,0.471006891469323,0.468224795138903,0.419096772450026
221_chr1,0,0.091529760176782,-0.0681690515286663,-0.0676367329910345,0.687836243450265,0.688578549021616,0.687958441347144,0.687510498865235,0.610673907405931,0.610776315232378,0.610071791224687,0.613533212521455,0.61250043385354,0.610417537100951,0.607866193614044,0.707228702961952,0.704580820376805,0.687983423116618
222_chr1,0,0.0557599027331996,-0.21650736710452,-0.215761275645064,0.649830996140103,0.650295095639896,0.50880992422139,0.508453360437863,0.60189420673855,0.601982373631748,0.601445787085798,0.604583510260628,0.603624350884568,0.601610098074493,0.599375832481861,0.690719394815093,0.688422873438608,0.705503593536565
223_chr1,0,0.178979063084878,-0.101062781618162,-0.101155230441394,0.544502423456026,0.545884338399217,0.787358925160833,0.786704385994385,0.263590522949786,0.262889986275779,0.26304034360629,0.267602015854482,0.267008635020387,0.264425941176436,0.261049345307879,0.388220481303175,0.385298398926276,0.315506291972742
224_chr1,0,0.134457446617748,-0.319235291083942,-0.319070324468714,0.477165823691481,0.478198026506486,0.535668712136576,0.535129334040137,0.221411692991348,0.220622393176142,0.221089080900295,0.225274047880527,0.224824819041191,0.222299414076141,0.219313229587093,0.33719910070098,0.334763934672125,0.309360911765589
225_chr1,0,0.222816726123898,-0.133066378699806,-0.133476024758781,0.463384127137342,0.465085083186137,0.82390789091853,0.823150445503649,0.0751450638510165,0.074009158530354,0.0746376949746108,0.0797630295495631,0.0794142088917416,0.0765679497266381,0.0727756974187703,0.214208866113454,0.211172266580559,0.115857023144985
226_chr1,0,0.108241310836231,-0.172092674630129,-0.171704961547282,0.602129298186679,0.602983825510714,0.62337883101147,0.622895555806154,0.453373392601592,0.45311556372325,0.452886773344133,0.456634697241579,0.455838776324347,0.453578422431766,0.45085701449613,0.557558860587302,0.555002931371082,0.535433182659296
227_chr1,0,0.274013738846728,-0.533772793266992,-0.534646707759999,0.151642311389708,0.153678628240751,0.55559236682147,0.554730174652328,-0.483465464526281,-0.485879351325707,-0.483529981195177,-0.47746263532167,-0.47695690807329,-0.480415917393886,-0.484739595210104,-0.319114256005447,-0.321747430029686,-0.42010334163769
228_chr1,0,0.0120296968437625,-0.217703760294674,-0.216649801944267,0.710968002348862,0.711110447950725,0.443999454774331,0.443746952071204,0.759017062147933,0.75946937987875,0.758561750009608,0.761163056996447,0.760011801302253,0.758232669275608,0.756408848769295,0.834212315359801,0.832078999159094,0.877060419223885
230_chr1,0,-0.00572815029312357,0.00957419264518761,0.0108119831071322,0.871830457476035,0.871865631700659,0.612640687649723,0.612420765854896,1.03503780265662,1.03612039189521,1.03433341946433,1.03653904027759,1.03495312772573,1.03346063206608,1.03183231401573,1.09941338327409,1.09700960235234,1.13654107326063
231_chr1,0,0.215541288756478,-0.130288846872837,-0.130646504187358,0.475333366224835,0.476981113486997,0.815673174299624,0.814932915177045,0.104059144678646,0.102990127807842,0.10354741063506,0.108581176725846,0.108195735850505,0.105391092163166,0.101667502778618,0.240786254953496,0.237772407289221,0.14687974065111
232_chr1,0,-0.0806521493620647,-0.378900405278031,-0.377234923762343,0.745778640036997,0.745223109816062,0.170830779061418,0.170805563819257,0.94419255145745,0.945080610755469,0.943894185391948,0.945482508979941,0.944172568335425,0.942758589463488,0.941784583652785,0.994181959967496,0.992629114259224,1.10843216738581
233_chr1,0,0.0182044523577758,-0.321391157301075,-0.32040748842541,0.640305287095448,0.640482505687434,0.364252713351322,0.363989929165084,0.640064001770942,0.640244935830202,0.639721958693256,0.642480109197911,0.641518604337779,0.639619107738347,0.63772418593601,0.719593623924708,0.717590809941938,0.766283912810539
234_chr1,0,0.204131380315606,-0.124213382276212,-0.124489062762081,0.495100111519527,0.496664588856697,0.804230711508289,0.803517332220645,0.151006610333656,0.150046135054353,0.150486171241159,0.155374989724484,0.154929425600302,0.152191489724201,0.148575800546983,0.284029239402245,0.281048530755447,0.196965013556631
235_chr1,0,0.10282691613377,-0.157763244413551,-0.157333674749339,0.618345880211227,0.619162066304029,0.62774679102105,0.627275784953019,0.486316667440205,0.486134588508341,0.485813540773296,0.489483743584988,0.488641368398439,0.486422276484188,0.483753519784369,0.588478637243013,0.585921510618534,0.568739658867332
236_chr1,0,0.175591971200711,-0.236005926525136,-0.236109351521269,0.468695821997418,0.470039001764024,0.66691091395384,0.666270163530068,0.150114729567017,0.149156787934775,0.149709824980924,0.154335253619742,0.153938153853453,0.151260492893764,0.147898618587585,0.276817963083873,0.274107892100744,0.216411505909879
237_chr1,0,0.0174992650629812,-0.24423826326564,-0.243229701972379,0.687383679644793,0.687563621170032,0.429264778724302,0.42900039415649,0.714502183445434,0.714852438546804,0.714076585918136,0.716765822840521,0.715680377830144,0.713849442354603,0.711970907671565,0.792021364073165,0.789907086258549,0.83336468980406
238_chr1,0,0.209391433031069,-0.131470066426428,-0.131784689452869,0.483326156736821,0.484928565420144,0.805691691769533,0.80496610997291,0.12521178424917,0.124191833108016,0.124700176187092,0.129659296149036,0.12924842661881,0.126475998209307,0.122810002218711,0.260045597010026,0.257056198805776,0.170161883983407
239_chr1,0,0.0979675491420448,-0.163880329124081,-0.163418094077959,0.621565380032122,0.62234521010112,0.615422700254701,0.614963511832548,0.498200733743897,0.498046445546172,0.497703311592405,0.501318580008763,0.500464229235479,0.498266241890808,0.495642337009957,0.598986976060585,0.596456832328618,0.582816211776601
240_chr1,0,0.190192223764128,-0.16276409467171,-0.162951497793555,0.491790396931648,0.493248433734377,0.750900265708307,0.750221677779355,0.165526141064731,0.16460089838039,0.165044776019366,0.169792416238119,0.1693453893961,0.166650364056087,0.163160674270808,0.295089834481479,0.292217579760021,0.219839517947509
241_chr1,0,0.217173619342726,-0.149969515259238,-0.150343757989173,0.461269973315612,0.462927705272716,0.801208057551226,0.800464752087639,0.0798152899181375,0.0786909025222733,0.0793251413854486,0.084394333862527,0.0840469509307873,0.0812169756127115,0.0774755686187474,0.21750886095467,0.214518084302092,0.124037162241431
242_chr1,0,0.198098159165433,-0.125501848947667,-0.125735344787391,0.502863879922742,0.504383865257488,0.794327555731326,0.793628580915854,0.171637281671918,0.170724666975941,0.171117106356562,0.175932795648626,0.175462488150131,0.17275604776264,0.169196843285843,0.302805528693316,0.299848997493299,0.219697553224123
243_chr1,0,0.180626898417424,-0.216635440320058,-0.216769345546026,0.473143848904654,0.474526033948824,0.690835616468293,0.690182067801127,0.149944128145235,0.148984994057017,0.149519221517136,0.154191392289217,0.153786293580233,0.151097703503896,0.147691006584548,0.277770397374998,0.275013100827086,0.212687423175217
244_chr1,0,0.206309600634014,-0.135131805569741,-0.135425655837246,0.48549802929552,0.487077403143013,0.798062080200093,0.797343983957369,0.132951592928888,0.131949727971644,0.132443367258524,0.137367477545032,0.136948672083544,0.134189811036205,0.130552287832519,0.266907860771023,0.26393525331445,0.179270761664405
245_chr1,0,-0.12500203503155,-0.869803828527132,-0.867952567772599,0.51530560006999,0.514373666424054,-0.314058822074468,-0.313957698448724,0.647277918450044,0.647498137242411,0.647502045177912,0.64892874802678,0.648190785156912,0.646604268430982,0.645984539701025,0.694806659751967,0.694143316984359,0.874318839312256
246_chr1,0,0.0908852793621389,-0.0276067957182957,-0.0270594611967226,0.712974342832176,0.713716067275301,0.721738512981696,0.721290380187177,0.650799449014915,0.65099317077722,0.650153353790614,0.653575180919927,0.652476027942505,0.650430654484132,0.647890496537062,0.746211785170495,0.743506312282757,0.724330508269528
248_chr1,0,0.269684974159341,0.202133563005716,0.201480183733477,0.597298456879885,0.599378373833584,1.17919312487282,1.17830996543325,0.217871796567735,0.217052838733395,0.217010762479467,0.222450251204098,0.221784436284467,0.218966436987309,0.214776553199841,0.363795623779825,0.360090425101117,0.21027199786687
249_chr1,0,0.0169032869597785,0.0193365207527934,0.0204173436615685,0.845651504455299,0.845854079479834,0.654007959206127,0.653733794866805,0.962241988241619,0.963155485631068,0.961531285925344,0.964007375209295,0.962506560033527,0.960900057430729,0.959060481467548,1.03345923785522,1.03095747654991,1.05537606720846
251_chr1,0,0.240283920540243,-0.168442766229253,-0.168984642302106,0.417549501796212,0.419375261406081,0.819104966553875,0.818307479104142,-0.0210215200566077,-0.02237881691509,-0.02148736803198,-0.0161197738385006,-0.0163357217990501,-0.0193059874751995,-0.023266722601432,0.124318435175684,0.121269655395786,0.0174514629477391
252_chr1,0,0.0164229138543082,-0.192217043933708,-0.191187464183871,0.719976688633689,0.720154048158684,0.47222345508835,0.471959420587757,0.766867225057594,0.767336685200319,0.766385177508758,0.769020565250434,0.767848886957147,0.766067424053015,0.764205580333658,0.842843180314841,0.840655964940062,0.880965629073998
253_chr1,0,0.0960474334927531,-0.071780259892123,-0.0712807108399988,0.679289630151859,0.680064782289628,0.691456984596261,0.690998450451745,0.590962015215641,0.591018893178358,0.59036464938267,0.593884403171953,0.592877317819631,0.59076699667297,0.588172778242888,0.6890115496567,0.686352328440424,0.667147720221712
254_chr1,0,0.0823715161378708,-0.213034834293801,-0.212475383697513,0.614265825307288,0.614925945619067,0.550598933081155,0.550178927295139,0.508835684057218,0.508708063055896,0.508388491264185,0.511850502411101,0.511003943951347,0.508848913962216,0.506365223190408,0.605891562385125,0.603491666414249,0.603391481932572
255_chr1,0,-0.0377428608415122,-0.25711624833937,-0.255721709748098,0.757825987298845,0.757598434913236,0.337663515175367,0.337531068514245,0.902396667063572,0.903182860968095,0.901974652924385,0.903995138952197,0.902684827322744,0.901141367998634,0.899779888766453,0.962961593423044,0.961070289412677,1.04061081828595
256_chr1,0,0.239178036235121,-0.183068228961391,-0.183606088300293,0.410378327549655,0.412194456961532,0.804972906649511,0.804178670818114,-0.0306470156144658,-0.032026015826927,-0.0310972566589887,-0.0257318304548382,-0.0259297819479043,-0.0289063512672825,-0.0328585541701765,0.114686911493882,0.111663837343453,0.0096264767983496
257_chr1,0,0.0480744746776106,0.00357598072881482,0.00443306404583632,0.792150010577639,0.792580159875796,0.685984759297259,0.685637125286872,0.834764433373092,0.835383174932617,0.83407660742662,0.836948031091221,0.835610157978168,0.833822116329536,0.831687869430616,0.916082676859815,0.913489143879281,0.919243862370178
258_chr1,0,-0.0195869852895583,-0.401864069663046,-0.400634856817707,0.645693201124922,0.645584305715849,0.240246298214315,0.240076817878499,0.701832315592009,0.702159697247802,0.70157021037511,0.703926826089048,0.702923704479195,0.701160726051138,0.699610453688938,0.771426256758292,0.769681930949922,0.848339109372855
259_chr1,0,0.159658759224935,-0.128897450471571,-0.128860932717956,0.555204104568499,0.556441111841707,0.735351979273797,0.734744575031129,0.307566284802923,0.306968798821448,0.307042585336196,0.311388588450393,0.310753096233448,0.308251362714065,0.30505264792613,0.42680803543993,0.423998429074522,0.368544734099576
260_chr1,0,0.0547208402439245,-0.0232001370898155,-0.0223968063559162,0.766756928351789,0.767233201343885,0.672759785149308,0.672397480581011,0.785766195657096,0.786272495218932,0.785108565861652,0.788082568453354,0.78681610416713,0.784969702069847,0.782769661094125,0.869781506856879,0.867203025162158,0.870703280252679
261_chr1,0,0.00751377959263644,0.0237759067313962,0.0249240458068432,0.86158343630654,0.861717428940542,0.644112086693868,0.643860066264248,1.00035423986095,1.00135587228151,0.99963697973438,1.00199422541341,1.00044481058479,0.998892733329618,0.997141880306435,1.06853597663133,1.06606231461126,1.09612560579928
262_chr1,0,0.211506549547874,-0.305791368469284,-0.306165911302231,0.376217958350119,0.37781805134112,0.659562813102861,0.658839606179763,-0.0448639469772281,-0.0462708419431541,-0.0451866722140508,-0.0400654352971888,-0.0401939566679155,-0.0431241113949521,-0.0468320321989619,0.0946752772247197,0.0919357970775176,0.0165388437277061
263_chr1,0,0.148745372647158,-0.421806160454055,-0.421768370193215,0.395694786321177,0.396821529567913,0.468711837675295,0.468142833865413,0.0741414698954297,0.0730151209546697,0.0739324383561399,0.078373070428869,0.0781478308585375,0.0754591906655464,0.0723258691238295,0.196771222086712,0.194434956600219,0.167501355787266
265_chr1,0,-0.0273956472042356,-0.337123048511669,-0.335822088647507,0.695405459484299,0.695245785736373,0.284272780734478,0.284119122585706,0.790409750356033,0.790939728782695,0.790076181429115,0.792286289466797,0.791147155041613,0.789480676420992,0.788011916837833,0.856062708785585,0.854251493049985,0.933105412467811
266_chr1,0,0.090105949728712,-0.219217364396432,-0.218714016442309,0.599633688727285,0.600350043646766,0.556588576097023,0.556150436969945,0.475088152876372,0.474882582965778,0.474649092865562,0.478210971523472,0.477408401025947,0.475206419400458,0.472649325047315,0.574703082696801,0.572283774545509,0.567719942826495
267_chr1,0,0.105324406307323,-0.200219495476113,-0.199818489414253,0.589455679139054,0.590285876692518,0.595048377040046,0.594573234449683,0.437721306743339,0.437428364660433,0.437264553898414,0.440998599400841,0.440233783503649,0.437965573211094,0.435267992750361,0.541648409508571,0.539144832723394,0.523502401724597
268_chr1,0,0.18428084056169,-0.270196552602587,-0.27037003874206,0.4359853912563,0.437388952495183,0.650318598976904,0.649658634981,0.0868173031744881,0.0857140890773205,0.0864509941081582,0.0912098896209859,0.0909048686473071,0.0881515956701002,0.08470381106561,0.217027554288733,0.214335956415764,0.153632308440439
269_chr1,0,-0.0331242332413865,0.0593260876643202,0.0607697911940587,0.9402944411028,0.940133281932736,0.615266015991441,0.615109140924264,1.18052627215977,1.18194395522584,1.17976296574233,1.18159309642247,1.17980776026101,1.17850494814941,1.17714015797435,1.23519117844604,1.23281497814485,1.28610513382675
270_chr1,0,-0.273304708149715,-0.519011250387786,-0.51602428647965,0.934580753541321,0.932594362777001,-0.230109793110906,-0.229670840990064,1.51075817338994,1.51296490387188,1.510575240066,1.50990568879123,1.50796061519945,1.50746928673125,1.50828642078346,1.5038299054843,1.50319541215098,1.75184837982938
271_chr1,0,0.0788804927652897,-0.619615816222569,-0.619136753089606,0.376365537843777,0.376958316880656,0.197485085736477,0.197090655704448,0.142640034275493,0.141680557533553,0.142631808276394,0.146368419465811,0.146143033498242,0.143665615526929,0.141163238657799,0.248039614176513,0.246253717773593,0.278327432309085
272_chr1,0,0.0520412785998673,-0.344505610197465,-0.34376636518619,0.578641280764023,0.579064919287172,0.393822966407185,0.393480684864539,0.49608890674989,0.495937157767178,0.495778190539334,0.49897017304233,0.498194949302323,0.496093348277065,0.493877796181485,0.586722682338851,0.584629128525889,0.613504780861675
273_chr1,0,0.020815022037336,0.000807874619715265,0.00185634615802344,0.829052210648368,0.829281648024758,0.643853758876354,0.64357107779815,0.930823502635726,0.931664956283798,0.930133566887564,0.932672191941642,0.931217741308071,0.929574566116615,0.9276959163265,1.00369237953755,1.00120357127973,1.02449932584489
274_chr1,0,-0.0540205742358797,0.0292795578444039,0.0308627634534219,0.951904179095902,0.951586297557008,0.559066917944031,0.5589610202965,1.22814403827197,1.22967330268678,1.22740930830394,1.22900613096582,1.22717515626048,1.22595995803191,1.22478756686702,1.27697983575648,1.27472519977351,1.34351908441731
275_chr1,0,-0.0156818207171182,-0.00772557878101216,-0.00642210997519588,0.875576225106798,0.875536440680603,0.583313808914225,0.583118296395224,1.05493622611602,1.05606563798193,1.05424868521513,1.0563455060782,1.05474253239663,1.05328926294215,1.05175221322493,1.11660451560155,1.1142630570345,1.16139960327487
276_chr1,0,0.0582267317239336,-0.377221192704424,-0.376533985849777,0.550352654233596,0.550818418765557,0.374841677119843,0.374486073600478,0.443224440067879,0.442951534271733,0.442950255841153,0.446243791746679,0.445547232902612,0.443384775249583,0.441107004919267,0.536549147491479,0.534481127724234,0.561833030227926
277_chr1,0,0.190420628853053,-0.150348613826701,-0.150534420577354,0.498882716909957,0.500343705630326,0.76186072263464,0.761181064015971,0.176267662532622,0.175366800318461,0.175772915864197,0.180513667499333,0.180048212610295,0.177362374127211,0.173872111308117,0.305614611034499,0.302723157384858,0.229285157009858
278_chr1,0,0.176519702463695,-0.236747509783068,-0.236857664189243,0.466940723787564,0.468290648793238,0.66762936075601,0.666986435270909,0.146066774489597,0.145099483027249,0.145662845415962,0.150300252981357,0.149908429491254,0.14722513676805,0.143854457835596,0.273076961585576,0.27036456214666,0.212132769575951
279_chr1,0,0.210437432343621,-0.0465299897666007,-0.0468300505043395,0.532578725938478,0.534197531511171,0.879923704645748,0.879192026534036,0.20056893609265,0.199720115075347,0.199965681415742,0.204871325147839,0.20433208923341,0.201625301949044,0.197960236330987,0.33375854491209,0.330639705113905,0.236822433746991
281_chr1,0,0.04796624493143,-0.257465749468374,-0.256675310969948,0.636391123341606,0.636793721001992,0.462382618684046,0.462046331760597,0.591932950436236,0.591999719548857,0.591527358561002,0.594601298609659,0.593671705617371,0.591665159483774,0.589498886521942,0.679274413588112,0.677067218775352,0.702122213830412
282_chr1,0,0.0974681690663627,-0.03895199802014,-0.0384539841038793,0.696887437860881,0.697676400899498,0.721629374150416,0.721166066230726,0.616408505017397,0.616522999337187,0.615775909209313,0.619287485352023,0.6182352966764,0.616144856476428,0.613541453669046,0.714140036588185,0.711427035392262,0.68890031386908
283_chr1,0,-0.0405338778334791,-0.143106956484277,-0.141663308952658,0.829867717215137,0.829631329116793,0.431181142140274,0.431050490399627,1.01872300837653,1.01977407428371,1.01817719793157,1.02007435901062,1.01857314260465,1.01714044010464,1.01581959772332,1.07577086379671,1.07372130554586,1.14663764875067
284_chr1,0,0.0159652588923359,-0.451789913663701,-0.450824136963807,0.56558932887701,0.565736718128991,0.249368933418317,0.249117014695584,0.526668732490355,0.526592261182862,0.526467265379874,0.529299728792654,0.528532480649307,0.526535632806071,0.52464522981212,0.608524693545018,0.606722934646524,0.666446897216301
285_chr1,0,-0.00133429231892468,-0.382723427189873,-0.38161790226218,0.631308871490016,0.631336142914067,0.283254151405705,0.283040444751527,0.653619124527183,0.653833993844211,0.653339740096149,0.655905695421382,0.654953563506252,0.653108092626176,0.651388862837873,0.728469570014111,0.726629563166272,0.792267839263698
286_chr1,0,0.103086609064317,-0.38924182572441,-0.388873859758074,0.4797237402313,0.480518109998907,0.429986527097067,0.429524737116855,0.269699036255743,0.269024513809462,0.269446247043533,0.273300401491907,0.272821646022444,0.270406874954859,0.267706379710002,0.377313172583323,0.375097318082361,0.374803769267636
287_chr1,0,0.235047324253781,-0.0662019406302351,-0.0666805121720731,0.486021302512543,0.487819038785321,0.898981915627806,0.898192539746984,0.0931889857910697,0.0920921421863112,0.0926116084960196,0.0978350167576076,0.0974357444207432,0.0945795635599485,0.0906809379557267,0.234521140523387,0.231340533867141,0.12332055783598
288_chr1,0,0.0768613082191979,-0.160461084691595,-0.159849226653789,0.653460046558445,0.654085041070782,0.587563182819874,0.587154049349642,0.577759434007612,0.577789366890686,0.577254363765242,0.580607611673026,0.579654287916486,0.577573135209895,0.575147836201897,0.6718744967798,0.669417214578724,0.668948332646182
289_chr1,0,0.0909641751234435,-0.0368050753334782,-0.0362606720336948,0.707368912052679,0.70811027379423,0.71398012816456,0.713532198484736,0.641943556777725,0.642117135256238,0.641307422066513,0.644737401550094,0.643653001930487,0.641599482473122,0.639057419444912,0.737593963598844,0.734901798704534,0.716353471519933
290_chr1,0,0.0373768255617406,-0.746073242583707,-0.745334348986878,0.359538897618892,0.359813554815935,0.0287024522112029,0.0284121089248919,0.174995409629266,0.174116114051503,0.175116147855449,0.17844151801128,0.178230055585383,0.175870606083121,0.173741913283763,0.270366906514182,0.268921188581157,0.336707736111032
291_chr1,0,-0.00398603673023956,-0.479882340115224,-0.478783216668162,0.577029528087377,0.577027343812006,0.196220967969632,0.196017695905302,0.57268757247633,0.572718896903937,0.572512745827106,0.57512198785209,0.574310233116086,0.572397536357608,0.570690906395913,0.648964237058353,0.647277664651618,0.721760341596886
294_chr1,0,0.0895851792468563,-0.197946151624197,-0.197433640930695,0.613074883772853,0.613789589893696,0.574036513477017,0.573598709327019,0.496791806014338,0.496635654753516,0.496329648777566,0.499868517690147,0.499030329083056,0.496849012049566,0.494299499850488,0.595750528572965,0.59330169437621,0.587501983641759
295_chr1,0,0.218610286812783,-0.287356218658096,-0.287776062581679,0.377181233795179,0.378835447354281,0.685704532251258,0.684963646251861,-0.0533920203221929,-0.0548194360666594,-0.0537333489859329,-0.0485392182971958,-0.0486650975704195,-0.051618137142309,-0.0553904236548739,0.0879380673998362,0.0851451072305918,0.00387200022187484
296_chr1,0,0.150290464029311,-0.306415966573021,-0.306359268243161,0.462428336200613,0.463578266998211,0.569736275042077,0.5691586942572,0.176064261726205,0.175169350542584,0.175730752465297,0.180100262721814,0.179701189292115,0.177101051716622,0.173967828746133,0.296499142726603,0.293986574027838,0.257569274214792
297_chr1,0,-0.0482961049471379,-0.0842858521100368,-0.0827723134665775,0.875978519657432,0.875691087866539,0.470208076214309,0.470093387709707,1.10161659368745,1.10285732876398,1.10100572920202,1.10276157602492,1.10113382265277,1.09979240072355,1.09855188579638,1.15487533018328,1.15276746291888,1.22628714598593
298_chr1,0,0.0377229585468175,-0.170357454988903,-0.16947233637594,0.702906155334937,0.703242366372873,0.52200362151658,0.521687997206455,0.71016055553511,0.710497709469417,0.709658859331065,0.712538908888416,0.711427479579377,0.709549351768896,0.707490282249061,0.792281666996738,0.789983501002357,0.815135826798985
299_chr1,0,0.202341809175336,-0.110644295447367,-0.110903860575007,0.505735649625565,0.507288359723099,0.813235132308795,0.812525432985862,0.170125032327695,0.169208301881064,0.169589586506445,0.17444581896043,0.17397106944343,0.171254184861797,0.167657016079822,0.302273900381668,0.299279736901667,0.21533473251987
300_chr1,0,0.056568056311391,0.0088975443918391,0.00969614583916856,0.783315173683851,0.783808318440795,0.702928897935404,0.702560836264748,0.808988756193291,0.809547548653747,0.80829676620631,0.811268402188965,0.809959870278241,0.808130433144102,0.805917110957129,0.892836213566839,0.890203457608932,0.890164179603687
301_chr1,0,0.187113310841936,-0.141450219284538,-0.141610420890157,0.508875284567365,0.510312867913361,0.76465332601549,0.763981155673672,0.196526173345274,0.195671890102491,0.196021186071667,0.200714349145688,0.200220290491422,0.197559778453426,0.194101695418549,0.324633717724965,0.321741317634995,0.249751221047163
302_chr1,0,0.0473365171059758,-0.206211363460943,-0.205403251969183,0.667894427317954,0.668297648229164,0.505336367917959,0.50499940136573,0.6419673974931,0.64214800250445,0.64150626834946,0.644532446077594,0.643519801614775,0.641559672879219,0.639405800330415,0.727922916475777,0.72564226905729,0.747321764786265
304_chr1,0,-0.206894836058535,-0.0836168459919137,-0.0809854564456668,1.10069858452021,1.09924510623883,0.239443130966274,0.239705633724415,1.6761288372727,1.67870086500863,1.67548756044253,1.67529404656929,1.67296176498816,1.67247727164685,1.67272597428738,1.6798389403214,1.678315574049,1.85265530154998
305_chr1,0,0.0326054112224369,-0.138672966152665,-0.137743601391009,0.729068506756863,0.729370338000343,0.541660008381213,0.541355209886965,0.758200097581296,0.758647269937085,0.757663184182342,0.760455607785537,0.759271864953744,0.757447962141126,0.755440953441577,0.837987727293263,0.835661609351168,0.86173445590306
306_chr1,0,-0.0102943224561284,-0.0907931117320614,-0.0895490598686828,0.818342591192066,0.81833390482234,0.520068762131299,0.519863964603446,0.958044212363571,0.958952514201306,0.957447497690409,0.959675386410304,0.958226383358675,0.956674306172609,0.955076156994002,1.02332254854914,1.02108401291911,1.07091383554109
307_chr1,0,-0.0327670688210852,0.037427834616495,0.0388633664551435,0.92671013754731,0.926549359974421,0.597042708565571,0.596885914288847,1.15883038820854,1.16019869643193,1.15809082638516,1.15994244609588,1.15819298422306,1.15686986465743,1.15549894910677,1.21411495415556,1.21176981092645,1.26644609488722
308_chr1,0,0.17503530568144,-0.24571341070588,-0.245815419481076,0.463685191079037,0.465023282916367,0.657789612888308,0.657150598864301,0.143084166961605,0.142110332845778,0.142689654497579,0.147315823441083,0.146931455290175,0.144248652729054,0.14089077637022,0.26983878964054,0.267145125753329,0.210517949594527
309_chr1,0,0.150418185309653,-0.215883226234198,-0.215804050153576,0.516320029907081,0.517480179079739,0.647416016354112,0.646834285746082,0.259955109514738,0.259250873487363,0.259523734610422,0.263824117683888,0.263283847311771,0.260759003029222,0.257636040340613,0.378329224473612,0.375682335631456,0.332514085021067
310_chr1,0,0.117912935260822,-0.108155728867886,-0.107819663601617,0.626637362322921,0.62756955467036,0.692214398267626,0.691705403362725,0.477949288440096,0.477745778324589,0.477395347119803,0.481212186470434,0.480359047392336,0.47810013219072,0.475296007402372,0.583671824807885,0.580985663456338,0.550554372053716
311_chr1,0,0.105277420801215,-0.146501665370613,-0.146086456898208,0.62160609531707,0.622441453294418,0.640960772239538,0.640483459342065,0.487942393195199,0.487763618137564,0.487427548541759,0.491119068684758,0.490269928669854,0.488047056745635,0.485356716967794,0.590608392278068,0.588025569517001,0.568455526474176
313_chr1,0,0.162093264777052,-0.140303153253075,-0.140286737204099,0.544948498404218,0.546202236609392,0.729140077134264,0.72852736707482,0.288129882299071,0.287487825601009,0.287618971106403,0.292003795733998,0.291396961980187,0.288872510488785,0.285649493653401,0.4083966204715,0.405594889603529,0.349433120707829
314_chr1,0,-0.0401327712226488,-0.090811224122959,-0.0893568992002511,0.860534982312137,0.860306903525462,0.476529864908311,0.476396037508418,1.065997649369,1.06715611300932,1.0653953686557,1.06725662097609,1.06567529484535,1.06428431765497,1.06296632867312,1.12195734529597,1.11982898938102,1.18863750108706
315_chr1,0,0.0685412682547875,-0.0878589209206974,-0.0871696821322853,0.708590804779638,0.709162066728008,0.637572665414115,0.637180236459911,0.67551183203372,0.675765299381292,0.674926702404029,0.678121020165644,0.677017105714165,0.675041811796814,0.672703822107138,0.765343795700196,0.762809889046954,0.762283840916715
316_chr1,0,0.196377382716166,-0.212760886729922,-0.213004788377976,0.453180666771848,0.454679056156784,0.717126325026016,0.716435149966506,0.0965611386866789,0.0954781404783618,0.0961349910739013,0.100997675898092,0.100656372958202,0.0978859886876218,0.0943318960004218,0.229216652629497,0.226395482541712,0.153766997654951
317_chr1,0,0.0486206678846977,-0.397886794273862,-0.397137227872976,0.551596466669762,0.551989483381689,0.343140774805001,0.342808896783806,0.45872897068593,0.458492844034762,0.458475333163023,0.461666968819195,0.460960161177565,0.458832227902065,0.456642036076726,0.549533048754644,0.547531044332872,0.582514910326093
318_chr1,0,0.203594946465176,-0.179821478838001,-0.180107738371529,0.462645881605224,0.464200715116163,0.755849306500712,0.755139565458876,0.101135387077227,0.100061633299338,0.100674974451792,0.105600625422307,0.105239757532193,0.102458047033619,0.0988403558125102,0.235280768295562,0.232384254076481,0.152738665147643
319_chr1,0,0.0828266380428423,-0.0364255300014748,-0.0358236817821613,0.719105255049834,0.719786823534113,0.702435315062593,0.702006724011138,0.671742841364139,0.67198545825998,0.671104772954626,0.674434463174145,0.673313374367585,0.671304112768985,0.668838503653335,0.764842948763673,0.762180263620094,0.748779475815273
320_chr1,0,0.098694748145293,-0.0552632670122666,-0.0547781090327862,0.68541037155476,0.686206681306271,0.709456523963036,0.708990991623349,0.596772265893935,0.596841928285064,0.596157536440568,0.599696922005119,0.598675715444282,0.596564962395199,0.593947978199144,0.695265353972127,0.69257194017052,0.670466792481942
321_chr1,0,0.200067691302114,-0.130142326781267,-0.130390900610419,0.497306582409546,0.498840573318718,0.793228266812676,0.792524804695317,0.160186816728048,0.159247858772135,0.159672027669601,0.164515542015694,0.164061237009385,0.161340267276734,0.15776198286461,0.292077856754289,0.289120915483051,0.208058714940403
322_chr1,0,0.209275262142757,-0.30053649494443,-0.300893956491879,0.382512439053396,0.384096664858249,0.660806201914085,0.660088078764591,-0.0318938643393292,-0.0332709199105636,-0.0322226891547874,-0.0271329734816339,-0.0272796204566705,-0.0301933168149073,-0.0338796222125715,0.106826560198463,0.104087548073023,0.0297225645337553
323_chr1,0,0.238759536123079,-0.18585737493344,-0.18639300524286,0.409304381357553,0.41111714782242,0.801975038537775,0.801181916578864,-0.0317314343866975,-0.0331128327514381,-0.0321787379768588,-0.0268162762102069,-0.0270117165330088,-0.0299883670194854,-0.033936993540336,0.1135365052482,0.110519099679919,0.00895338832952719
324_chr1,0,0.132322768301597,-0.306552295879285,-0.306369010675115,0.487760243507937,0.488778050822568,0.543411278524315,0.542876438857166,0.240953276669007,0.240208738745041,0.240616551343296,0.244765383612023,0.244286826135975,0.241783592215413,0.23881905628024,0.355779700682955,0.353333663880976,0.328353923186632
325_chr1,0,0.0936221851230911,-0.0297945450934005,-0.0292670630461867,0.70779661670259,0.708558240317384,0.72385800735496,0.723403457898506,0.63885755159968,0.639023690370117,0.638214334240741,0.64167150047575,0.64058791307347,0.638525925314577,0.635959792784847,0.735175433415482,0.732463091335865,0.711707781636117
326_chr1,0,0.233165654291485,-0.13226598784887,-0.132748358269784,0.449224752841008,0.451001882588838,0.839688307262181,0.838906213401918,0.0384432631977685,0.0372222756677463,0.0379369661628188,0.0431888418489343,0.0428846715864788,0.0399832042765431,0.036093883970937,0.180720641958453,0.1776446545224,0.0756884913198177
327_chr1,0,0.250898329499598,-0.146440626106049,-0.147051622614464,0.415677768110131,0.417583826501814,0.853420714808961,0.852597046779921,-0.038929436752007,-0.0403291371347181,-0.0394170878209614,-0.0339362466759687,-0.0341395660825574,-0.037148679040782,-0.0412062911613789,0.109215059286855,0.106094565697072,-0.00609536650405884
328_chr1,0,0.165931846773768,-0.130773472272541,-0.130781646703787,0.545211022642175,0.546493961213534,0.742896300634559,0.742274055843604,0.283119176233673,0.282465116041931,0.282598679530774,0.287023230414455,0.28641850073451,0.283881320634426,0.280623468409598,0.404363649797467,0.401533659039752,0.342228469191872
329_chr1,0,0.0899668807598662,-0.347601880603963,-0.347130704711021,0.523150376949023,0.523852550383354,0.446492242503722,0.446059888222336,0.35597033993308,0.355494020887173,0.355670071103395,0.35933049578459,0.358728343257699,0.356419361115906,0.353847321807573,0.458520776681922,0.456291792737716,0.461274741497194
330_chr1,0,0.0301214655670724,-0.319151563021155,-0.318251297489411,0.624787619379562,0.625052688706068,0.383552309851131,0.383261086461635,0.59902905527535,0.599114806678932,0.598686821422608,0.601589657573262,0.600677504886685,0.598715541040673,0.596709010173909,0.682228599618679,0.680178481122235,0.721127327952821
331_chr1,0,0.00179864331927393,-0.300422285816352,-0.299317587112457,0.676033545882432,0.676092288148948,0.358271388486633,0.358046733944853,0.718965902761195,0.719328813707179,0.718598115759202,0.721138299558875,0.720071190333145,0.718277877167575,0.7165396488242,0.792885162326559,0.79091191120717,0.848494347567379
332_chr1,0,-0.198431063195197,-0.416939263796842,-0.414453592439579,0.889644573111749,0.888219161290515,-0.0335257963879582,-0.0332692639973666,1.33493276275076,1.33672785170683,1.33465347894569,1.33482425664395,1.33305146009089,1.33224151279272,1.33236855498823,1.34902041753795,1.3479586084408,1.54147184584399
333_chr1,0,0.219988422594227,-0.189749909717387,-0.190154261247308,0.433529172228516,0.435203522992448,0.771262944307493,0.770514633930528,0.0325649366158873,0.031332692746624,0.0321183280044739,0.0372531727052907,0.0369805664650045,0.0341020052212997,0.0303291338209593,0.172060654321718,0.169118299966128,0.0797778510041067
334_chr1,0,0.254820243639062,-0.173908854613367,-0.174554582651072,0.393724747425966,0.395656826736212,0.835629334564336,0.834797505360505,-0.0787141248237839,-0.0802048881167545,-0.0791713413943214,-0.073620858521291,-0.0737637699166958,-0.0768171132998297,-0.080915026380501,0.0712926051403997,0.0681982437967363,-0.0444624023341405
335_chr1,0,0.175129140832972,-0.0919160754293759,-0.0919790311426573,0.55541075391625,0.556765299377255,0.789572614911111,0.788926844031527,0.286043807117507,0.285394925156166,0.285483017105952,0.289990239445156,0.289365459243747,0.286811230086507,0.283471940113302,0.409259135073874,0.406337742240691,0.338320343620931
336_chr1,0,0.212679402121076,-0.265651815316003,-0.266024258442721,0.398533172301802,0.400146002987769,0.695631888667711,0.694904186946717,-0.0117082684201426,-0.0130399833551094,-0.0120741754512883,-0.00696987148544892,-0.0071560442987364,-0.0100588433437916,-0.0137726956222553,0.127265888925315,0.124462734474372,0.0453626854783029
337_chr1,0,0.0721807088847382,-0.0402513576364718,-0.0395754732714723,0.731877706963077,0.732480607918321,0.68363199523553,0.683228887560139,0.706700417454542,0.707024199159769,0.706064492894147,0.709266355047058,0.708104035940171,0.706149046958885,0.703782911520589,0.796564389866261,0.793946662021948,0.787598577319829
338_chr1,0,0.0405482972009246,-0.0211769038032991,-0.0202731737697618,0.788010847360469,0.788383122505455,0.653819053580619,0.653490371793117,0.838934616681999,0.839564040441881,0.838272146205844,0.841070418704542,0.839737922536256,0.837969744342288,0.835903029885383,0.918476653410799,0.915947500441893,0.928312485565468
339_chr1,0,0.0411879531395424,-0.0404966444691847,-0.0396024110663463,0.775567054438031,0.775942052519466,0.638214931083606,0.63788554865238,0.818619042266627,0.819202183673145,0.817977581219915,0.820798800415581,0.819499393912926,0.817711547039794,0.815636381190616,0.89880913569558,0.896306184724359,0.909687668637691
340_chr1,0,-0.141047891745564,0.0338528757269731,0.0360505618359719,1.07772626090488,1.07676896994598,0.436040491823359,0.436141390305594,1.54731319952165,1.54958188808467,1.54655723347656,1.54708110576318,1.54485695136714,1.54411550273615,1.54376081704581,1.56886275366659,1.56692263012898,1.69072925909538
341_chr1,0,-0.137272515757468,0.124073505921887,0.126267883407778,1.12627233407949,1.12535204929815,0.518773671092649,0.51886175723434,1.6177142170499,1.62014233355954,1.6168614056587,1.61736121634121,1.61501253326935,1.61432642016501,1.61394770628392,1.63834947240401,1.63626202432062,1.75102077546216
342_chr1,0,0.0782093080658209,-0.0388882023783204,-0.0382544508010193,0.724165084957335,0.724812451586773,0.693592340547679,0.69317483622031,0.68615606106337,0.686432179129812,0.68551979110274,0.68879466732885,0.687656954141653,0.685670557313612,0.68324799002597,0.777871238982448,0.775229240330258,0.764946519835916
343_chr1,0,0.036532112672012,-0.0336217772288169,-0.0326929578891459,0.786258370187543,0.786599840326636,0.637308451327153,0.636989850534744,0.841871774417108,0.842508516590328,0.841222008289677,0.84398064863853,0.842649825465817,0.840892888177679,0.838862307675081,0.920448249427041,0.917952321975994,0.933788451651925
344_chr1,0,0.0399319520359909,-0.0682116630413966,-0.0673157350527275,0.76079022635603,0.761153148854985,0.612659619298594,0.612334401606672,0.7973406764916,0.797875649939846,0.796728947505249,0.799556375672482,0.798294796460881,0.796490470621177,0.794423589632618,0.877781578234438,0.875324239398344,0.891546362548951
345_chr1,0,0.0324125488212333,0.0069391710048321,0.00790749562162041,0.816310811934445,0.81662614987126,0.666018527387841,0.665708001661269,0.894570672415576,0.895327864882174,0.893876278138889,0.896552624023566,0.895140014508491,0.893439363418341,0.891452596927098,0.970919390190137,0.968378703139872,0.983846687002464
346_chr1,0,0.0102846875852429,-0.0738620014054335,-0.0727586020552677,0.799348257880989,0.799492616383737,0.564578565398607,0.56432410238189,0.899354541605987,0.900126144829534,0.898743372276551,0.901210911469055,0.899826676589076,0.898177691376413,0.896388462576913,0.970667199297246,0.968327661388093,1.00382181657718
347_chr1,0,0.0776192634855785,-0.108048774707233,-0.107428723961547,0.683692216545255,0.684328156088053,0.633532204500007,0.633119041670156,0.62385143957585,0.623986024867564,0.623289839814719,0.626611472833587,0.625579439643747,0.62353818325472,0.621112401839229,0.716987087842775,0.714449518264469,0.709637259381012
348_chr1,0,0.0812593471203932,-0.13389670257726,-0.133308978840501,0.6631055684666,0.663765622812542,0.616716667647135,0.616295945129016,0.586596253585634,0.586645570917876,0.586063283597068,0.58944982996612,0.588474417502555,0.586391812352926,0.583928581266944,0.681468518993396,0.67895572653652,0.673732628243105
349_chr1,0,-0.0657467948594979,-0.695684286129561,-0.694205647298598,0.535491663638777,0.535013257475962,-0.0785857187369041,-0.078632927944066,0.595097260477223,0.595189395518213,0.59514421079148,0.597163064306602,0.59641528359908,0.594654949487909,0.593500894638666,0.65709228928002,0.655952769225941,0.785614038907755
350_chr1,0,0.0926435925079864,-0.103911248638153,-0.103396009041627,0.664913166449722,0.665659998148463,0.65898881479153,0.658539741524096,0.573341062283349,0.573358429352319,0.572777801262537,0.576280820088486,0.57530894994946,0.57319004101161,0.570623715212992,0.671073062665283,0.668473911460877,0.653801308879373
351_chr1,0,0.109876293279504,-0.0891037680155843,-0.0887061471714554,0.64938344329415,0.650258498084343,0.696799809168432,0.696309119669424,0.524781327381128,0.524685557378692,0.524205281488592,0.527908490155507,0.526989870647343,0.524790340024996,0.522064085339689,0.627551814507648,0.624867154099711,0.598143599990966
352_chr1,0,0.0319332861939849,-0.22266657119084,-0.221754159084738,0.679852430991384,0.68014071130838,0.468783494171971,0.468483862541923,0.682371948862526,0.682646860702445,0.681925728682821,0.684775483533634,0.683720283381473,0.681829515039428,0.679818185348174,0.763898588646065,0.761699132770747,0.794387422183966
353_chr1,0,0.0830072183548301,-0.0582328714193963,-0.0576379269906755,0.705825008964192,0.706505670009193,0.684032253709284,0.683604159583207,0.650770632368758,0.650965547656502,0.650156177198308,0.653505115615956,0.652418975484698,0.650390436213642,0.647920371233044,0.744433139729151,0.741802029134535,0.72989298006779
354_chr1,0,0.0654141604408471,-0.0950475387414011,-0.0943381188575285,0.708720221396798,0.709267754123972,0.626858106037111,0.626473420152386,0.680129334479645,0.680393797810359,0.679551392243883,0.682712898115747,0.681606369580289,0.679641927430749,0.677332389206029,0.769151448053587,0.766639713622474,0.768632115861428
355_chr1,0,-0.0198069911918,-0.117419281436168,-0.116115067369726,0.815894247750452,0.815812889321294,0.483402012889881,0.483220971943277,0.967657091342967,0.968588764855944,0.967087385788665,0.96921917646518,0.967769672417454,0.966246612688046,0.964734410619037,1.03058227174027,1.02841821910988,1.08625973203993
356_chr1,0,0.0144719557594113,-0.0871365856135923,-0.0860661226419186,0.785497337720573,0.785671122986362,0.559323594272643,0.559059735969501,0.871834462013687,0.872542839080843,0.871238429816884,0.873767787617388,0.872422912200658,0.870740176300227,0.868909951658902,0.944762889300141,0.942427519370748,0.976236521719973
357_chr1,0,-0.163752491236662,-0.622754582412547,-0.620566444832038,0.71766856329355,0.716477034232674,-0.159114472116124,-0.158931677571769,1.01768204633319,1.01875043813032,1.01763179434943,1.01838941756773,1.01709272352633,1.01592278829958,1.01569817079105,1.0473760036804,1.04649046245534,1.23311081738622
358_chr1,0,-0.101281677011682,0.0153187252063295,0.017231384569799,1.01041145537869,1.00974465031371,0.47818016418858,0.478187267958438,1.38615028737681,1.38804627499511,1.38542180565,1.38644879266606,1.38443004758255,1.38345832248452,1.38272791339325,1.42054956692811,1.41849004259365,1.51837067020684
359_chr1,0,0.0397783733817356,-0.127443140769655,-0.126561425536697,0.725630358879605,0.725986081154419,0.5617351492282,0.561412813108624,0.742708042748512,0.743118853163851,0.742160329719987,0.745032124325506,0.743862613323034,0.742009404546221,0.739936468125002,0.824475343191345,0.82210614242617,0.842789638042723
360_chr1,0,-0.0501915591592749,0.0575670827216293,0.059130609017269,0.963383701370349,0.963096872469319,0.588865365977279,0.588749159475318,1.24064539002196,1.24220245981573,1.23988079062137,1.24150257406773,1.2396442884571,1.23843215648817,1.23722739410002,1.29002069167281,1.28771009847738,1.35198472063102
361_chr1,0,0.000175090092229047,-0.599803419667163,-0.598764587180736,0.499519004526318,0.499535123913158,0.0996415090055416,0.0994334344250837,0.44589524285697,0.445637685670822,0.445850861179448,0.448604880352684,0.447999364806917,0.445963551516408,0.444202672010789,0.526254060037446,0.524729424229109,0.605400425013039
362_chr1,0,-0.0615788715363347,-0.0599767815844268,-0.0583633593171925,0.909284573062336,0.908901969826623,0.471641244173357,0.471557115402905,1.172329975695,1.17373357490744,1.17169034027677,1.17326398754249,1.17153925202075,1.17028995378174,1.16917723189255,1.22087622591067,1.21878145401191,1.29895812613765
363_chr1,0,-0.0347836936103754,-0.0779943057462408,-0.0765743672322894,0.860624439268178,0.860437003867455,0.495303130983165,0.495156036558812,1.05858407238706,1.05972482907447,1.05796893455884,1.05988590689832,1.05830823737539,1.05689913446403,1.05553254367243,1.11591698279826,1.11374993074644,1.17821216411321
364_chr1,0,0.275416796101962,-0.196526278512498,-0.1973229951141,0.351084514072217,0.353165713650828,0.846312308922787,0.845432452621142,-0.174316237706769,-0.176027609533699,-0.174745143348548,-0.168923911174321,-0.168940048303856,-0.172123586998413,-0.176417750404628,-0.0173520521301516,-0.0204890097592667,-0.144582864426001
365_chr1,0,0.157966741902732,-0.175527593862477,-0.175491193186979,0.529746567949691,0.530966355047703,0.692969871994491,0.692368473094415,0.270241657119958,0.269559597476313,0.269768060286539,0.274129685402689,0.273559705310262,0.271027971915572,0.267839241632575,0.390036933452949,0.387302514012661,0.336360279387336
366_chr1,0,0.216646920354322,-0.238817935302373,-0.239211409170578,0.408948580985829,0.41059333367622,0.724388083668699,0.723649805424238,-0.00106250938148067,-0.00237065909270573,-0.00145668814802802,0.00367541365369073,0.00346482051411545,0.000563119844369187,-0.00318458810679401,0.138528138361094,0.13567066454279,0.0520703573679953
367_chr1,0,0.161832503962746,-0.195001956353327,-0.194997827274635,0.512647451468658,0.513893665964103,0.681939107612134,0.681329341494113,0.238108362616845,0.237352641718918,0.237656546312132,0.242080880794206,0.241558542204944,0.238989590729482,0.235762098567192,0.359562851786059,0.356842953308977,0.304876794313078
369_chr1,0,-0.305296057815733,-0.610687452161937,-0.607498711677881,0.925073709752373,0.92284270249009,-0.355245695366187,-0.354726758691506,1.54110033422688,1.54338114934847,1.54101053819803,1.54001947137245,1.53807605091832,1.53768051978882,1.53878642635317,1.52630780547011,1.52592695201653,1.80168048729928
371_chr1,0,-0.0275182082517373,-0.821140715450747,-0.819963877400929,0.406490370037608,0.406280185024035,-0.130211303874151,-0.130344108306678,0.33987444886013,0.339380317454753,0.340064206582162,0.342650775794117,0.342269011618443,0.34019696513368,0.33866809009327,0.416719921845714,0.415624757218436,0.530215130438414
373_chr1,0,0.00417933244753588,-0.583684799614882,-0.582670023621895,0.503482585218588,0.503529798351348,0.11927931428403,0.119061031042973,0.446424275782477,0.446167281225115,0.446363215240505,0.449153851007913,0.448540856847238,0.446496950460743,0.444700514146874,0.52765968200181,0.526096433290398,0.603033232864983
375_chr1,0,-0.122144778348719,-0.618559429631155,-0.616663426938145,0.661324654580195,0.660439480910421,-0.0948330917326827,-0.0947494374125018,0.871033489051369,0.871761878753226,0.870986489789152,0.872252106590708,0.871133398636725,0.869742320024214,0.869127565755692,0.913624909181852,0.91257956473695,1.07242820811747
376_chr1,0,0.266502406212628,-0.281970996019699,-0.282726955040794,0.312659513264217,0.31466641100022,0.760171231203514,0.759316207255235,-0.221671842497496,-0.223489435552021,-0.222010028803387,-0.216231611973106,-0.216153493549001,-0.219360610874761,-0.223581889760257,-0.0655091773103909,-0.0684868999579193,-0.180616297108439
377_chr1,0,0.137995702956427,-0.0805249977331732,-0.0803233249463679,0.614735454297712,0.615818139513592,0.745158935411852,0.744601000762262,0.43102453710537,0.43071115098107,0.430444479148103,0.434486515932115,0.433679189564025,0.431335025888418,0.428345835194878,0.542378143775408,0.539576993180038,0.494337384691619
378_chr1,0,-0.0402900296349858,-0.0500218555235659,-0.0485558895279967,0.885119606393444,0.884894552114483,0.511215018060095,0.511079831863549,1.10457178872212,1.10581796187985,1.10392537460333,1.10575284232334,1.10410694737557,1.1027510532941,1.10143970391679,1.15953592342179,1.1573478427763,1.22325134079515
379_chr1,0,0.089612435980435,-0.167278067081223,-0.166757829201295,0.631353408703959,0.63207145860465,0.600327276433237,0.599888104601903,0.525267869313011,0.525176443749651,0.524772556964344,0.528287812236498,0.527401721970345,0.525245997080633,0.522700110879153,0.62352350478049,0.621029228558569,0.612952806175779
380_chr1,0,0.112999004700601,-0.262261521795317,-0.261930621030539,0.541545063128087,0.542425329940791,0.553136607398243,0.552645846825009,0.352143742697338,0.35165504439237,0.351755510147568,0.355632308340345,0.354998684302562,0.352636963320517,0.349859470479569,0.459907332351702,0.457467150064406,0.441514402829088
381_chr1,0,0.159474009254517,-0.246931248974907,-0.246923908543505,0.484967559748048,0.486191110573831,0.634048932817766,0.633446982348052,0.19825794967854,0.197412020170027,0.197861841010746,0.202297745998481,0.201846261141301,0.199246460984823,0.196034540332975,0.320180769787081,0.317546353189645,0.270905934852868
382_chr1,0,0.173647404040695,-0.0907316470914975,-0.0907838548491512,0.558213929464346,0.559557701688209,0.78842513923303,0.787782842277982,0.292509045717318,0.291875096946034,0.291946697654679,0.296434787711776,0.295801580444405,0.293256346123856,0.289931118562058,0.415234119189596,0.412316445276693,0.345154177192561
383_chr1,0,0.228897181079288,-0.131871368413275,-0.132323556117602,0.455497733161778,0.457243518925924,0.833799947558698,0.833027989298492,0.0542564000843697,0.0530720401790439,0.0537488773235548,0.0589479944716023,0.0586242730399271,0.0557461849066248,0.0518969925758603,0.195191504817105,0.192130691638148,0.0928602195225672
384_chr1,0,0.223947706200728,-0.130939262636107,-0.131356329671396,0.463054939141829,0.464764428871192,0.827378328240391,0.826618102477253,0.0730345366127558,0.0718936530228587,0.0725250794824,0.077662650321757,0.0773155154300231,0.0744649347039506,0.070662332518991,0.212402207348962,0.209358287793239,0.113167028492514
385_chr1,0,0.150756791101362,-0.0785032697866358,-0.0783910049734292,0.597893810609415,0.599070530385458,0.765503241445586,0.764914869255353,0.386732313821951,0.38631620590313,0.386152458667133,0.390349723098714,0.38959583403613,0.387184462608463,0.384075709990827,0.502024517006388,0.499173267978702,0.445668619556037
386_chr1,0,0.138292871208712,-0.0594466890073635,-0.0592416674777411,0.626904549341963,0.627991579974023,0.763634826163576,0.763075289256959,0.449588745570813,0.449317510983176,0.448985952081749,0.453015180471203,0.452176166107785,0.449848088593821,0.446858775755303,0.56054607731215,0.557712666332598,0.510731178626105
387_chr1,0,0.232359554321928,-0.149829665692983,-0.150310890743327,0.439874663648578,0.441644066239766,0.823478494857521,0.822699064414835,0.0249953456017966,0.0237439179107914,0.0245078885943983,0.0297635744365148,0.0294833312592018,0.0265714755902868,0.0226875008247114,0.167428500238108,0.164381455755164,0.0642319245109793
388_chr1,0,0.216735189614347,-0.125173927607072,-0.125538677787816,0.476699704015423,0.478356753829694,0.821792864341702,0.821049548287808,0.1045047956217,0.103436600974621,0.103987754506556,0.109032196861324,0.108644042300411,0.105837244929902,0.10210309307704,0.24148609880837,0.23846028150559,0.146431464012261
389_chr1,0,0.17818404917464,-0.106524401323657,-0.106612657846483,0.542364830678319,0.543740340395094,0.781524299734448,0.780871883493969,0.261378466320707,0.260673028389121,0.260834043592407,0.265390211778537,0.264801856824688,0.262218871859402,0.258849049300546,0.385886855597406,0.382975782891544,0.314091675422977
390_chr1,0,0.336332518196116,0.153413512851742,0.152277873773667,0.473933880224612,0.476498837128925,1.23470456521291,1.23366495744128,-0.0686865236788079,-0.0701675196962261,-0.0694824025376413,-0.0631859131652774,-0.0634798164172312,-0.0666985747923445,-0.0715204000397534,0.0991829417894761,0.0953037345241596,-0.0933134579640003
391_chr1,0,0.166779559213664,-0.166385833583511,-0.166409178026932,0.522741889818563,0.52402741114851,0.713649638138979,0.713026890000515,0.2468702581745,0.246133663672155,0.246388426429149,0.250851203411085,0.250305998551125,0.247734352171842,0.244464032752272,0.369205810132029,0.36642534121854,0.30920463395275
392_chr1,0,0.247616909714949,-0.211834778804155,-0.21243953688076,0.381261117651387,0.383136346361507,0.792658793528774,0.791845708301251,-0.0879860022001506,-0.0894966905619046,-0.0884035593669679,-0.0829119738384168,-0.0830274488765741,-0.0860737279841901,-0.0901088073248686,0.0606510081901437,0.057639310789543,-0.0476459153510227
393_chr1,0,0.22254748892043,-0.157352598970789,-0.157766618971866,0.449259542621222,0.450956029820284,0.802726860606804,0.801971087295891,0.0534908463808255,0.0523057610393569,0.0530096868555239,0.0581506780812062,0.0578386925161882,0.0549735040155683,0.0511807055467917,0.193034080955534,0.190034381450288,0.0966795859520402
394_chr1,0,0.136669192005334,-0.0825378627862123,-0.0823273615739905,0.615409437756567,0.616482163339397,0.741501085598341,0.740946391504419,0.433949044342491,0.433642518025905,0.433370914501464,0.437398223147873,0.436588164813391,0.434249474373411,0.431272483918966,0.544935063888191,0.542141786231014,0.497894134817723
395_chr1,0,0.117834936225896,-0.0552322012927113,-0.0548819201660062,0.658357231961345,0.659294275288963,0.73740165575839,0.736890598054451,0.527542513513728,0.527451748163648,0.526931333427944,0.530705886596613,0.529769529620109,0.527555453599331,0.524758760147952,0.632012690556782,0.629248572061324,0.594967911106457
396_chr1,0,0.15283756939821,-0.104724529750688,-0.104633699602056,0.579289649248693,0.580478980594247,0.746093686267239,0.745501478983772,0.354771619675371,0.354282528113472,0.354220506067682,0.358463814864278,0.35776021466578,0.355315600744265,0.352183992003831,0.471322104661663,0.46850194111088,0.415605680853986
397_chr1,0,0.144622405715972,-0.0796968555777461,-0.0795416686924263,0.605857334061903,0.606988827739031,0.75553373934211,0.754960008207697,0.407817451903709,0.407450253801875,0.407237738997512,0.41136055705429,0.410581327321122,0.408202077259078,0.405150771214253,0.521221476164446,0.518394637768729,0.468879413017336
398_chr1,0,0.156387316012418,-0.0799659385847579,-0.0798937309461171,0.589056445641855,0.590274414569012,0.772464117092137,0.771862415098669,0.364995453376259,0.364529034709141,0.364418233757792,0.368685827456615,0.367959203518363,0.365516202002369,0.362354397490181,0.482080104987706,0.479210232556271,0.422232308775643
399_chr1,0,0.136760323708044,-0.0764713660181061,-0.0762599405079456,0.618903868551906,0.619977885985608,0.746826761595491,0.746271593029994,0.43927168441798,0.438977242638593,0.438687012167968,0.442710703327928,0.441891549807596,0.439557458825083,0.436580380594642,0.550145403400348,0.5473428202709,0.502590278399413
400_chr1,0,0.161455089917247,-0.0809857040688283,-0.0809494734129387,0.581279562310666,0.582534688094726,0.778983257254334,0.778369545119072,0.345707576186955,0.345196503587049,0.345132407866127,0.349463069968035,0.348760521481704,0.34628930022137,0.34307978372114,0.464398642606426,0.461511569434829,0.401385652314821
401_chr1,0,0.180606360877375,-0.102363564341279,-0.10246781696432,0.541423873064909,0.542817619572997,0.788619125115114,0.78796077075709,0.25649016035079,0.255773223498736,0.255941692116247,0.260524376139674,0.259940250219076,0.257347677914951,0.253955638189456,0.381658534193272,0.378732367561467,0.308001124831474
402_chr1,0,0.0761307229443464,-0.0527361353783414,-0.0520913114649976,0.718834083107269,0.719464747340321,0.678707008851299,0.67829503663449,0.680774735520545,0.68103895327376,0.680153049692674,0.683413198353071,0.682287949602309,0.680301153880815,0.67789635022598,0.772162052896197,0.769548201195587,0.761607671527329
403_chr1,0,0.230952033816323,-0.201689404146594,-0.202174101596009,0.410891265853262,0.412645004048948,0.777034980314156,0.776261100717171,-0.0182313574369735,-0.0195808204952956,-0.0186630039955578,-0.0133841165288358,-0.0135893967458545,-0.0165371775845564,-0.0204145010286187,0.124965519846946,0.122000343752488,0.0265666061580347
405_chr1,0,0.294040443554291,-0.208332788628273,-0.209263798673339,0.317691754957268,0.319908676878536,0.863371369526421,0.862447719316417,-0.252706436791412,-0.254598976778552,-0.253119090246582,-0.247059793735843,-0.246974836218447,-0.250268843901658,-0.254739364984717,-0.0896518163033764,-0.0928400704111927,-0.227908819964698
406_chr1,0,0.205767680403894,-0.1194382006119,-0.119724179371899,0.49563780966029,0.497214807517899,0.810704894677801,0.809987420665764,0.149534894118724,0.148570811918966,0.149009598114967,0.153914794299581,0.153469010784639,0.150726247316473,0.147095798843301,0.282957768007619,0.279963958828736,0.194487952479308
407_chr1,0,0.194585765565683,-0.144306965483055,-0.144520564710434,0.496600073826908,0.498092306432678,0.773107613723611,0.772417791858112,0.166825378739343,0.165902387250573,0.16632487916512,0.171112093502231,0.170655652996036,0.167952395185023,0.164423789342667,0.297332985046506,0.29441722288487,0.217885081665939
408_chr1,0,0.140026847226962,0.305775964662571,0.306063076172705,0.842587966408864,0.843725180342636,1.07878423451132,1.07820505790508,0.783607041444887,0.784094799797837,0.782609671411963,0.786375005944866,0.784971787733418,0.782940874026318,0.779981509675635,0.886631563963626,0.883251786264089,0.808260834536947
409_chr1,0,0.0597223194908647,-0.0904977578687167,-0.089747051533506,0.719488145536766,0.719994294697946,0.622450272548972,0.622078931157029,0.704964453648994,0.705286280300317,0.704380526423851,0.707468538874126,0.706329639191928,0.704399749184229,0.702144229331405,0.792103337648697,0.78960588882003,0.794883130192109
410_chr1,0,0.0168437672915448,-0.00222865529716271,-0.00115298161144017,0.832855491137555,0.83305541818173,0.63546196636168,0.635188859726583,0.942364215352469,0.943232537310848,0.941676819485563,0.944169017547974,0.942701706857841,0.941077426268691,0.939235679466984,1.01406325854701,1.01159360012361,1.03763879313826
411_chr1,0,0.108996767385221,-0.273407793504818,-0.273051566391203,0.540548472871643,0.541398170329062,0.53775791504988,0.537277147131283,0.35624039210491,0.355761645670191,0.355863462386886,0.359699785739008,0.359065863105815,0.356716397619744,0.353975072153403,0.463012644189085,0.460603716006449,0.448017572383442
412_chr1,0,0.14509755580976,-0.133061509358043,-0.132923451048903,0.573312267138276,0.57444178471929,0.710548188678633,0.70997559447807,0.356376122155683,0.355891914818824,0.355854199332594,0.360024528179552,0.359330968699235,0.35690436477462,0.353841842580751,0.471166778414884,0.468417083208204,0.422531137196162
413_chr1,0,0.0910178642314103,-0.0708908775438739,-0.0703556544132481,0.686934603488449,0.687672866309447,0.684881966804468,0.684435357472766,0.60999016582021,0.610091101215391,0.609390896819581,0.612848153474511,0.611817366295227,0.609734949174896,0.60718806751386,0.706448242735277,0.703806273986898,0.687734966398873
414_chr1,0,0.10035241949699,-0.103668594405956,-0.103207617852465,0.654154806912313,0.654958343502299,0.670440881598339,0.669973462936986,0.545672791965046,0.545626033222747,0.545110711629585,0.548708265919187,0.547770209090143,0.545609879353372,0.542971203691854,0.645806761172365,0.643178792967893,0.623585473451782
415_chr1,0,0.0591199729565441,-0.042262243647314,-0.0414948368289824,0.749149645080205,0.749656309392419,0.662859892967421,0.662487935070359,0.752087016967665,0.752516056024944,0.751450821789128,0.754493765799424,0.753276663291971,0.751390509135481,0.749146750480008,0.837918556142443,0.835352016894127,0.837458750387561
416_chr1,0,0.165684608400608,0.264567850193069,0.264663505168338,0.781685577843847,0.783007219673056,1.08093656227553,1.08029811049898,0.652369267693247,0.652554603842046,0.651421257419777,0.655534050039997,0.654309166396721,0.652105126037543,0.648899636914915,0.76436331312358,0.760949740468339,0.672676245911081
417_chr1,0,0.0726906037393263,0.345839336136441,0.346611325488238,0.961756272521731,0.96240249548513,1.01485836337258,1.01443764089403,1.06459164124399,1.0657288780023,1.06353834719218,1.06644497839896,1.06468034904947,1.06304664767433,1.060724595448,1.14565629607842,1.14246586791438,1.10734945065678
418_chr1,0,0.208030775521438,0.233034741373501,0.232823831485967,0.702957846466297,0.704587611232528,1.11571270502188,1.11497487446291,0.469759153781356,0.469522624197849,0.468853166052829,0.47351092631152,0.472523250435897,0.470064093086984,0.466457011198478,0.595710306437995,0.592187027103003,0.47930433076343
419_chr1,0,0.149223373709479,0.293853745783535,0.294072968847773,0.82245972548529,0.823663335931612,1.08199352696842,1.08139298333688,0.739221033109199,0.739606426150385,0.738238275659347,0.742125925786021,0.74078216846428,0.738691591183018,0.735644368684348,0.845394423413307,0.841998321881917,0.762036680692806
421_chr1,0,0.177706402675565,0.275656760317652,0.275670558650881,0.771305125186903,0.772716295189232,1.10796375793511,1.10729624179864,0.619200435912982,0.619308453433641,0.618242686055883,0.622494541466337,0.621305617791447,0.619045971525617,0.615729009649458,0.734691795398621,0.73121744809424,0.634481110411311
422_chr1,0,0.0900132919926584,0.343470919937875,0.344120221128555,0.935840652213385,0.936613999441865,1.03809853899001,1.0376367159214,0.999702810945197,1.00068977794522,0.998655320500148,1.00177665988048,1.00009257571423,0.998363351256058,0.995878351123613,1.08623259412856,1.08298171836099,1.037022498306
423_chr1,0,0.076373363017442,0.354374015878461,0.355122255930722,0.961644908124669,0.962319083765986,1.02753560579473,1.02710576147173,1.05921769629385,1.06034212876871,1.05815586341885,1.06110108314661,1.0593394247568,1.05769300105936,1.05533745056588,1.14123450768787,1.13801786594133,1.0999304351483
424_chr1,0,0.204971854620822,0.258416839510026,0.258234040768163,0.722444278316278,0.724054153598005,1.13297720898151,1.1322455756319,0.504477372277769,0.504320250895348,0.503543367251429,0.508143719167885,0.507102729805501,0.5046813922157,0.501106244315734,0.628884223679629,0.625334710485764,0.512527550649115
425_chr1,0,0.287903348275331,0.189850077596558,0.18906513775909,0.564194030142516,0.566406640732643,1.19525276252699,1.19432679336582,0.14050366038022,0.139505922445449,0.13965931834815,0.145332263936972,0.144766492919987,0.141839812622344,0.13747731602081,0.292402416059809,0.288648122214189,0.128147694990357
428_chr1,0,0.216130636355993,0.228872302054974,0.228603235921923,0.6890153894909,0.690704282762122,1.1239645129298,1.1232075940599,0.436571525597898,0.436258261441893,0.435671554811874,0.440432095419011,0.439486865173918,0.436980478469258,0.433296817589227,0.565148986246276,0.561601959088855,0.44387437860397
429_chr1,0,0.284677841660335,0.190148993798292,0.189386861962525,0.568934688231045,0.571123613557801,1.19080379074259,1.18988548059977,0.152453656048788,0.151483597599924,0.151608387009748,0.157241464617442,0.156660918474327,0.153751905445575,0.149419731966672,0.30333809472712,0.299595266369979,0.141124250576458
430_chr1,0,0.239494288038927,0.223983080657471,0.223548103505964,0.653049892608974,0.654910068636607,1.15385850944652,1.15304622892659,0.347474756263973,0.346955228901885,0.346584445575306,0.351635893326286,0.350801950845381,0.348165306692356,0.344261658339266,0.483462532918106,0.47983648396818,0.347609739963355
431_chr1,0,0.259345775181943,0.21039821589388,0.209819833242103,0.616858334120832,0.618863078045811,1.17118631865782,1.1703273994188,0.262984659168028,0.262269901502139,0.26211275337821,0.267418741691285,0.266694124754834,0.263938889240559,0.259847129539899,0.405487609820272,0.40180836086284,0.257956826538035
432_chr1,0,0.158110821526139,0.289037066274159,0.289192413862826,0.807012556245948,0.808281018962053,1.09083412555592,1.09021264816822,0.702573942453637,0.702874611214893,0.701598056783678,0.705598675906918,0.704301882099021,0.702159273725139,0.699027994522724,0.811634798215614,0.808213008635983,0.722953774429791
433_chr1,0,0.258391141718373,0.215716059076302,0.215145777125289,0.621384737803403,0.623383007738521,1.17434577930002,1.17348890469765,0.271393845758388,0.270698355907939,0.270516011287196,0.275806116522857,0.275068938106106,0.272323320410611,0.268241197185396,0.413475256618403,0.409791669632751,0.266155509782985
434_chr1,0,0.314374223327867,0.170965905981882,0.169989544030577,0.5154749660459,0.517880271169221,1.21769978445512,1.21671165779653,0.027123755385706,0.0258640587193462,0.0263047873079803,0.0323177497448048,0.0318989633150544,0.0288135020797493,0.0242000718575763,0.187727994952719,0.183903899464704,0.0079591387809046
435_chr1,0,0.158903428538421,0.295241699105765,0.295393063220592,0.80959733154847,0.810872257950258,1.09730123823386,1.09667761207994,0.705487003740549,0.705794167625154,0.704504557613467,0.708510071007596,0.707207077173563,0.705065396518378,0.701927460654848,0.814651436529631,0.811217547652415,0.72499710556258
436_chr1,0,0.211344794350558,0.253322621393264,0.253093595768334,0.710387839606653,0.712044050507067,1.1379124939632,1.13716591928811,0.476670425625899,0.476449076695984,0.475743121766535,0.480425761496448,0.47942101688668,0.476960992566271,0.473325362331782,0.603185858184426,0.599620349940069,0.483135279564238
437_chr1,0,0.194697840380036,0.266629386889544,0.266521111942833,0.741880837933788,0.743416014124292,1.12502088264947,1.12431333667512,0.549305815352635,0.549252237196038,0.548361007166708,0.552828700341179,0.551729279686438,0.549370310177622,0.545892667729232,0.670313357526704,0.666789630450944,0.559911744522153
438_chr1,0,0.251704606014051,0.218785591888487,0.218263223971774,0.63267544310837,0.634624864151843,1.16721999952993,1.16637889813985,0.298449057263136,0.297816136278845,0.297566652135151,0.302772197202881,0.302000553462492,0.299293616493602,0.295274663771604,0.438370924871586,0.434707484028628,0.295097845249986
439_chr1,0,0.186211501144424,0.266574749466607,0.266526265403647,0.753851199653198,0.755323973477021,1.11259564660849,1.11190828731727,0.579962693616484,0.579980159050654,0.579016355903078,0.583379812834378,0.582242835724,0.579929643056471,0.576531674574523,0.698321073919008,0.694828756167383,0.593352236044614
440_chr1,0,0.230818469313914,0.233201556979504,0.23283010056405,0.670826789705582,0.672624120659015,1.14909441285152,1.14830237573913,0.38745739954127,0.387030144812832,0.386555497196002,0.391493139075054,0.390606279094133,0.388024217694765,0.384203196166715,0.520521670062408,0.516914020040025,0.389525983466015
441_chr1,0,0.263316043515658,0.193462629309439,0.192851894159216,0.601127735516345,0.603159935448591,1.16248111048043,1.16161346760698,0.232838689052095,0.232054770895098,0.23198583827385,0.23735383759231,0.236673350287137,0.233882463162862,0.229751281695352,0.376974583744354,0.373305716482553,0.228176754979781
442_chr1,0,0.198124905241848,0.245573255132112,0.245435391726141,0.724457469726978,0.726015685618446,1.11199626999765,1.11128146742346,0.517286146745119,0.517159235731953,0.5163647472717,0.520890994360764,0.519839746185466,0.517444599819975,0.513932114338979,0.639852591297371,0.636347343274504,0.528841077840818
443_chr1,0,0.172658434195172,0.268233826564238,0.268281282190133,0.774011438784838,0.775384732204671,1.09424679699135,1.09359160255615,0.630550243745775,0.630684867698026,0.629599575062825,0.633795198301683,0.632595507282885,0.630356887974258,0.627086383462796,0.744637272225553,0.74119253470318,0.648213583795768
444_chr1,0,0.242308549521835,0.196344207583518,0.195882260695979,0.63256160437028,0.634439639684895,1.13430540184128,1.13348760189612,0.311539108677632,0.310937444828931,0.310679209651124,0.315786821710045,0.315008641344564,0.312333604409963,0.308400033592666,0.449047139801854,0.445451564447989,0.313471149073843
445_chr1,0,0.11714133491831,0.321786081605055,0.322238606281074,0.884519346706753,0.88548993331078,1.05910683790878,1.05858141327854,0.88133545233307,0.882049018400512,0.880316487113909,0.883788105553888,0.882258306418802,0.880364402027493,0.877621943416419,0.976840948853772,0.973521986075387,0.911906802020288
446_chr1,0,0.180474352277156,0.264285954166622,0.264277309957029,0.760598741685007,0.76202909788107,1.10226809934054,1.10159448282369,0.598589981986474,0.598650706719077,0.597645045090294,0.601939792075785,0.600780951244697,0.598496815836124,0.595152425519637,0.715209659600746,0.711741905243887,0.61408285119146
447_chr1,0,0.191512166018522,0.255462862608367,0.25537415429229,0.739717212829481,0.741227821460109,1.1108159216484,1.11011642703216,0.550428864688083,0.550378348496345,0.549495534089163,0.55393280204561,0.552836736455687,0.550485596345233,0.547036451744,0.670700565866495,0.667205108378018,0.563175981296427
448_chr1,0,0.137724522598494,0.303045368195747,0.303347999556354,0.844213452890526,0.845333458846142,1.07308867150118,1.07251508686884,0.789393787436215,0.7898950678131,0.7883989389068,0.792138115117933,0.790728960502077,0.788708186635578,0.785770093893195,0.891762613158799,0.88839537188844,0.815069874689869
449_chr1,0,0.207179693771577,0.233715054737954,0.23351031827402,0.704567937788235,0.706191514609639,1.11505361657033,1.11431778136829,0.473472665256184,0.473244713016231,0.472565782612413,0.47721255364804,0.476220037424196,0.473766046540333,0.4701670418365,0.599142224956253,0.595621081699137,0.483229556258752
450_chr1,0,0.192028153251167,0.24582645944115,0.24573162649453,0.733231886827063,0.734745301614331,1.10332007231117,1.10261975982047,0.539583141239309,0.539507888746983,0.53866032670111,0.543111460057299,0.542032772637556,0.539670758704872,0.536215549577519,0.660239590163084,0.656756474828079,0.553109110313119
451_chr1,0,0.120826444368106,0.314261277082765,0.314685888934599,0.874812836406156,0.87580974692691,1.05804104805434,1.05750717823459,0.860989733880111,0.861656462364464,0.859979594777215,0.863502371394699,0.862000700878784,0.860080582961934,0.857302571232091,0.957820753504476,0.954499311702911,0.891094752226893
452_chr1,0,0.144767194444407,0.295124205662101,0.295375160410424,0.829521307190757,0.830692283294057,1.0765810671527,1.07599106836354,0.756529439509034,0.756954889128723,0.755544474183167,0.75937637532714,0.758010862785526,0.755945413296748,0.752940192066066,0.861281609595847,0.857900080374263,0.780678987123309
453_chr1,0,0.135253099363703,0.102163683001707,0.102431858294071,0.727728734802551,0.728809979668354,0.897534777144647,0.896975604604318,0.611167052235291,0.611263593417713,0.610388946666884,0.614254621977705,0.613149061851992,0.610973035293366,0.608032720214931,0.71742512191813,0.714363998926404,0.657409672130789
454_chr1,0,0.223463780291092,0.234509574923248,0.234190286289674,0.682010427408255,0.683753816248272,1.13948623507097,1.13871163517567,0.415289046808543,0.414926232673469,0.414384353389095,0.419230600487783,0.418309069843954,0.415767818504668,0.412016018009579,0.546025971214635,0.542443538240895,0.419636744676412
455_chr1,0,0.247023325951852,0.220248182592592,0.21975918230497,0.640170158835229,0.642085310149418,1.16164365840965,1.16081362909153,0.316751006080531,0.316160436109289,0.315866143195034,0.321013023239935,0.32021832496851,0.317537892495531,0.313563078902649,0.455176892559499,0.451528570961495,0.314788490347825
456_chr1,0,0.327518835153692,0.123560715567331,0.122479479598838,0.46856973571266,0.471066829210631,1.19629547953671,1.1952781029162,-0.0646093008605151,-0.0660796202274327,-0.0653745509258217,-0.0591630509029724,-0.0594493022160947,-0.0626455254321643,-0.0673883749859829,0.101200182378349,0.097397648131976,-0.0834146995147815
457_chr1,0,0.284073361595032,0.188348737047048,0.187590400236118,0.568714422503532,0.570898718802383,1.18838110679552,1.18746431085949,0.152963593012227,0.151994790325805,0.152120157365249,0.157747213021596,0.157166804633494,0.154259544613618,0.149932818912562,0.303701014017062,0.299963078785031,0.142009142713113
458_chr1,0,0.27596787588357,0.19711131689219,0.196412363838361,0.585412353641954,0.587537951576625,1.18405868328636,1.18316079361497,0.190457711314522,0.189575433350697,0.189603283717973,0.195123897679462,0.19449381544025,0.191637675985373,0.187388164368365,0.338460329280444,0.334739361532111,0.18129498592111
459_chr1,0,0.33538940562498,0.145041672748482,0.143910518160738,0.470267574172438,0.472824738650787,1.22616285233118,1.22512584336429,-0.0730742556269406,-0.0745650748462827,-0.0738612588851759,-0.0675698208119777,-0.0678547980324895,-0.071075490367436,-0.0758895201319607,0.0946949136356312,0.0908315654007179,-0.0965690348648041
460_chr1,0,0.265124370540196,0.194321053481789,0.193697796342711,0.599082765119533,0.601128348965697,1.16585358543033,1.16498160506753,0.227095093046045,0.226297829899094,0.226241652597672,0.231631202037584,0.230957391559056,0.228157460686008,0.224009408930843,0.371775841108785,0.368099029004917,0.221756723629895
462_chr1,0,0.241055675162314,0.218155876490584,0.217708391189629,0.64736107730479,0.649232136339291,1.15114808221163,1.15033233555863,0.336395441690261,0.335850479972223,0.335511724016885,0.340586908304175,0.339769016218951,0.337119050530111,0.333200004228335,0.473006076576058,0.469382878803343,0.336592388531151
463_chr1,0,0.289449170489599,0.177176783712947,0.176377677582729,0.5544382769092,0.556660954363139,1.18665957431353,1.1857304668777,0.123101889373407,0.12206434774713,0.122271539855098,0.127973376801085,0.127434307299231,0.124488643677013,0.120110028702935,0.275777493762222,0.272036230193972,0.111486320522943
464_chr1,0,0.306237445111882,0.163757053359787,0.162836171465044,0.522677925704332,0.52502266536571,1.19966062612409,1.19869215866196,0.0498498774925342,0.0486431408398858,0.0490371808999153,0.0549557891428179,0.0545121994173821,0.051464623100991,0.046926679138275,0.208080130288946,0.204296730860065,0.0340580786641604
465_chr1,0,0.264030087915062,0.195195769799566,0.194580450170822,0.601152948105788,0.60319057577088,1.16500615915069,1.16413674432806,0.231869759035302,0.231083524250812,0.231015167945169,0.236390587936452,0.235710553955942,0.232917265891224,0.228779599416731,0.376188447542911,0.372514381911877,0.226803601982019
466_chr1,0,0.287348813036202,0.162670141480952,0.161882091025638,0.54874464344841,0.55095039090704,1.1711786484325,1.17025515287523,0.117185600963276,0.11613494645829,0.11637054373887,0.122057899966912,0.121532229788139,0.118585731988025,0.114225001695546,0.269541829143079,0.265829766774502,0.107684423571872
468_chr1,0,0.277476363548613,0.175206957335061,0.174491717399617,0.570195982564263,0.572330426704243,1.16750950877375,1.1666089617836,0.164590078912529,0.163648759143078,0.163759618035333,0.169315873089492,0.168726781511044,0.165844112810966,0.161577664912852,0.313572076272787,0.309877924348939,0.157087881402885
469_chr1,0,0.252126891274295,0.200098646298472,0.199568477010905,0.620917045617745,0.622867656214524,1.15184046717215,1.15099915526174,0.279509638520919,0.278833598115584,0.278647517914706,0.283872844513156,0.283132335387346,0.280407434546993,0.276382151491967,0.419996991314855,0.416359619365333,0.277858108645812
470_chr1,0,0.227329672384546,0.229127775643334,0.228779853550615,0.673328169139366,0.67509943077145,1.14051849237703,1.13973492626922,0.396285891493804,0.395879262716715,0.395387740883602,0.400285694127765,0.399389738292344,0.396823095872559,0.393034316092496,0.528355075802482,0.524766328082145,0.399897301438682
471_chr1,0,0.218893746503917,0.215060862501454,0.214768757697327,0.67685813775286,0.678565931478782,1.11617268278474,1.11540977872873,0.413704546606572,0.413338861040525,0.412820026838087,0.417625305433241,0.416713958306592,0.414181060198809,0.410469707385919,0.543465444614145,0.53992863663804,0.421461223809742
472_chr1,0,0.0368691778763886,0.390514586128691,0.391550552769718,1.0391048590201,1.03949227996621,1.00084873179681,1.00051131099885,1.23583706695678,1.23736929318071,1.23472876167326,1.23716033768052,1.23516686268546,1.2337640774402,1.23178401866406,1.30467746278513,1.30155322420461,1.28592804453676
473_chr1,0,0.172174015228069,0.277795633093548,0.277848971619148,0.780407560730654,0.781778272457186,1.10172484029906,1.10107039182371,0.641212232848921,0.641371170402962,0.640251134673149,0.644433338670721,0.643216526315391,0.640988547765533,0.637723801933583,0.754926103781288,0.751469017854463,0.658093722532938
474_chr1,0,0.172422901061073,0.284434890195805,0.284488189194385,0.784020957258401,0.785394179446781,1.10777088843157,1.1071155659416,0.646497704117229,0.646668616507177,0.645529473759734,0.649709551464865,0.648483446783697,0.64625969659489,0.642993454283412,0.760135253900706,0.756667433328731,0.662644719040522
475_chr1,0,0.239201711588184,0.228779797702016,0.228348121030339,0.656328637196333,0.658187153669364,1.15753760024413,1.15672581182781,0.353002737830955,0.352495823098033,0.352107185868576,0.357151292747995,0.356308541428583,0.353677502887886,0.34977720878738,0.488787838310231,0.485155777715028,0.352761730033945
476_chr1,0,0.15265832574183,0.297958371917499,0.29815444808006,0.820052926367197,0.821282213395671,1.09051730968038,1.08990842180148,0.730616118053698,0.730981401970131,0.729629565437969,0.733556218474663,0.732221269873693,0.730115590240502,0.72703663546464,0.837767062183074,0.834352211523177,0.75190353354574
477_chr1,0,0.103738050729048,0.33706286086853,0.337613786116214,0.912601157224846,0.913474760486469,1.05263283111796,1.05213863658037,0.944069176636352,0.944927487228076,0.943031184191399,0.946326175446369,0.944713003083538,0.942904292444387,0.940289615154868,1.03503412584888,1.03174205718632,0.977525937914815
478_chr1,0,0.174127430808716,0.280797013326256,0.280837360758973,0.779437298357786,0.780822680423729,1.10714325568024,1.10648403359135,0.63694031307587,0.637089227777498,0.635976335294356,0.640180198815968,0.638967351228819,0.636731344067155,0.633448636918031,0.751194627441639,0.747725892791913,0.652887101124266
479_chr1,0,0.243076673508007,0.225682341574883,0.225222557401935,0.648997916544688,0.650884606633908,1.16053841967418,1.15971754642892,0.336095178062303,0.335549210818092,0.335203700635061,0.340297841275528,0.339477127985994,0.336822566610584,0.332885497214368,0.473162366876546,0.469520580752123,0.33489023963532
480_chr1,0,0.135911537461903,0.306782094448753,0.307098467208242,0.849009549638046,0.850116608417331,1.07364271972239,1.0730732884457,0.799435725847498,0.799960122689048,0.79843649755772,0.802150478077203,0.800727430516208,0.798719582199485,0.79579898512838,0.901151620876374,0.897785547918046,0.825337823671875
481_chr1,0,0.125760154910679,0.31945946167619,0.319850646948593,0.870939355829816,0.871973074809661,1.0696870266136,1.06914120136235,0.847980479408734,0.848616847568517,0.846965643278376,0.850544985378901,0.849057059095899,0.847114663964505,0.844290986067962,0.946231766775513,0.942884426184571,0.875959049882651
482_chr1,0,0.218609746065153,0.245240013595426,0.244957703216658,0.695284877293927,0.696993676132252,1.14159092218046,1.14082741152482,0.442851333775502,0.442551948299046,0.441934129294008,0.44671235137151,0.445752487584712,0.443246451924418,0.439541585711213,0.57182327858064,0.56824290049653,0.447732757297743
483_chr1,0,0.165779507032164,0.282907091993333,0.283006813851458,0.792504803041353,0.79382902233174,1.09677285242487,1.09613339584217,0.66911328884648,0.669336671318608,0.66814546682442,0.672245104515093,0.670991924741039,0.668802763852484,0.665598705050417,0.780711442376858,0.777270405633896,0.68758546830789
484_chr1,0,0.229222997695046,0.236756296343485,0.236397001470454,0.675206542457564,0.676992506874317,1.14980995822932,1.14902156485805,0.396542701591485,0.396136353998325,0.395636656978802,0.400551918053584,0.399652414900353,0.39708195182915,0.393276360634587,0.529026197320811,0.525419181687485,0.398783986051369
485_chr1,0,0.251868503509209,0.218654580200861,0.218131023434,0.632365378963903,0.634315991653957,1.1673469238193,1.16650543817235,0.297733925926968,0.297099353156436,0.296851693137735,0.302059354460612,0.301288642852711,0.298580710949221,0.294560202759331,0.437710021440367,0.43404616924114,0.294341942980056
486_chr1,0,0.194655048137343,0.266663592927452,0.266555628379409,0.741961793046053,0.743496658107765,1.1249877437965,1.12428029814834,0.549492530065177,0.549439383175925,0.548547676883067,0.553014817521308,0.551915153494698,0.549556443754849,0.546079207425903,0.670485913794255,0.666962294120119,0.560109104178906
487_chr1,0,0.166238192752933,0.284823889653913,0.284920874023975,0.793000885056739,0.794328673350702,1.09908263139096,1.09844200241558,0.669239494029765,0.669463090079127,0.668269685312414,0.672373462448348,0.67111931574465,0.668929286887211,0.665721163967381,0.780936427023227,0.777490863075437,0.687372985934851
488_chr1,0,0.0599795260353935,0.360603658844208,0.361469038315854,0.988552958893743,0.989107235516,1.00895538471566,1.00856426771928,1.12434314257212,1.12561823422225,1.12327150497194,1.12601041490189,1.12416628512193,1.12261360977418,1.12041277466113,1.20109532875168,1.19792999696769,1.16981015247087
489_chr1,0,0.240829130734476,0.218336965089799,0.217891123056037,0.64778965801088,0.649659069912869,1.15097264334671,1.15015742782599,0.337383919392282,0.336841240826701,0.3364999635067,0.341572222637561,0.340753042128612,0.338104451670611,0.33418755538695,0.473919598710956,0.470296969528203,0.337637221138733
490_chr1,0,0.228698872653189,0.218825865126948,0.218465633783756,0.665238580509299,0.667018853430935,1.13369751378566,1.13291112874831,0.381732739881242,0.38129281094761,0.380845984636802,0.385768807130754,0.384895056082817,0.382312374294185,0.378509434666145,0.514468586981188,0.510890015578458,0.38590913430984
491_chr1,0,0.0279910364496316,0.152629504950531,0.153666609788118,0.909580782594487,0.909878543613614,0.784275925491086,0.783969726856901,1.04631546014113,1.04741829624359,1.04546270885115,1.04797095491448,1.04631059966699,1.04475609887766,1.04282928860445,1.11790277147341,1.11516301037569,1.12270980637887
492_chr1,0,-0.0648288921145671,0.360062409084673,0.361807199597697,1.16475748920341,1.16439404237595,0.826442214317103,0.826347971314843,1.57545762336115,1.57777810720108,1.57436320741482,1.57556891221104,1.57317202967043,1.5722928135407,1.57126377502978,1.61324255364001,1.61053877034437,1.66183737838672
493_chr1,0,0.102892675696877,0.255456299357018,0.255992109272492,0.865055830138836,0.865914853297412,0.981546849611576,0.981058132598005,0.871092037155265,0.871784595659644,0.870142124480051,0.873490454080251,0.872001318104052,0.870128680827488,0.867511611392856,0.963686500269932,0.960518204113525,0.91285185724508
494_chr1,0,0.140187442000647,0.254451080623848,0.254723807014188,0.811706093372912,0.812839227476374,1.03508584727666,1.03450846910521,0.735204464686441,0.735582171583219,0.734262620329107,0.738070007595027,0.736747870358769,0.734673013208669,0.731705644357771,0.839470048841922,0.83616555984864,0.76485367138551
495_chr1,0,0.225756965529055,0.166918212361617,0.166565309387375,0.638396786385164,0.640150108249548,1.08497487655975,1.08419769387061,0.344013565271752,0.343488365566619,0.343182385053693,0.348109592267446,0.347304073281703,0.344693711158185,0.340911823620618,0.477035031468229,0.473544063702649,0.354258381120731
496_chr1,0,0.224248458017372,0.175332072190994,0.174991972652116,0.645555736873356,0.647298829657361,1.08997653926965,1.08920258705468,0.357311626612637,0.35681689633259,0.356471066427341,0.361373166974209,0.360547781751663,0.357952626582053,0.354185967904974,0.489666730920255,0.486168892509058,0.367222760726465
498_chr1,0,0.14546794554903,0.228685713116408,0.228914573437658,0.788848562161276,0.790017880902492,1.02073375296936,1.02014490994004,0.69209035031668,0.692369208931518,0.691177353541864,0.695069746929625,0.693811377387508,0.691686383184245,0.688666172699704,0.798602967283348,0.79531707750298,0.722544954616685
499_chr1,0,0.203178394996925,0.220610785130417,0.220430862796952,0.702400569873752,0.703993383552645,1.09800030287515,1.09727454127583,0.475741572919884,0.475519417688927,0.474848110390982,0.479455947110229,0.478466202444915,0.476022818667492,0.472459724685614,0.60046552012552,0.596978522321367,0.488097253017314
503_chr1,0,0.190558358804352,-0.378854392393722,-0.379100175691457,0.36220864119299,0.363647221543508,0.566467193618428,0.565796914879174,-0.0371387658212505,-0.0385247525475787,-0.0373864122425855,-0.0324655290823097,-0.0325725602875107,-0.0354509243405046,-0.0389714042633806,0.0975532793263119,0.0949991528870897,0.0383080122700377
504_chr1,0,-0.0928281827726868,0.0823213977214567,0.0841917853320883,1.03847349248651,1.03787571023162,0.547863099247473,0.547847250344276,1.41799044394932,1.41995745768078,1.41719109727932,1.41826963752898,1.41618347058354,1.41522233459621,1.414421034111,1.45347521399919,1.45128542189159,1.54085338381092
505_chr1,0,-0.0206807719871197,-0.318159951487687,-0.316901415993428,0.697234063759607,0.697125705540454,0.310299199999242,0.310128765235972,0.783780682566202,0.784294519063999,0.783427866570215,0.785705677827596,0.78456663396088,0.782879813287654,0.781350405969585,0.851090806111504,0.849226765347649,0.922412953811078
506_chr1,0,0.135784513511587,0.304596117121096,0.304912820570412,0.847883595971162,0.848989496737477,1.07158630397269,1.07101726768201,0.797858598256887,0.798379430368301,0.79686170980157,0.800575836488838,0.799155648479852,0.797146651377626,0.794226970276267,0.899585543343862,0.896223171183304,0.824017279719203
509_chr1,0,0.165647925077645,0.190645372870129,0.190722197718682,0.737585905509937,0.738899700824926,1.01760752329203,1.01697229916599,0.583625451602963,0.583654529356632,0.582757363979529,0.586927431565488,0.585818138983803,0.58355225453925,0.58033775285287,0.697323283381032,0.694019137252155,0.611214983289638
510_chr1,0,0.247905976313828,-0.317619463174137,-0.318253574627427,0.31767041964688,0.3195369311908,0.702531764515169,0.701722485738775,-0.187595846939697,-0.18933300853342,-0.187898969104815,-0.182321224790554,-0.18226977145825,-0.185406395095212,-0.189457578636893,-0.036414005516678,-0.0392703720835552,-0.136946086130155
511_chr1,0,0.137563977008286,0.307744663350976,0.308049639585779,0.847247267312444,0.848366574499854,1.07687695672154,1.07630355430228,0.794353243933144,0.794865823502149,0.793353284184127,0.797086817976128,0.795669592708976,0.793653629778238,0.79071763927805,0.896562889494835,0.89318929320218,0.819619697508209
512_chr1,0,-0.186688905609328,3.32779597042521,3.33116587712482,3.10964845609461,3.10869320210461,3.18898823591694,3.18905775496064,4.78156471092019,4.79119259722335,4.77723858775193,4.77462940473384,4.76704488339506,4.76931444021791,4.76980523453647,4.71242954169717,4.70578795975047,4.6159513590377
513_chr1,0,0.321341527872396,0.165396581534937,0.164369681404058,0.502294097596692,0.504750059776306,1.22309535305292,1.2220908915835,-0.00327657381763258,-0.00460648813903219,-0.00408821575183493,0.00201470897570122,0.00163554762328122,-0.00149220841558329,-0.00617176178689416,0.159632901276213,0.155791318977918,-0.0241743682956059
515_chr1,0,0.10472664008412,0.33399323367477,0.334536399473355,0.909369514941144,0.910250072291446,1.05144730845351,1.05095089300724,0.937631874323937,0.938475394040865,0.936597386007714,0.939906921963579,0.938302941257989,0.936486316350407,0.933861968338766,1.02897680237538,1.02568562250033,0.97106690233222
516_chr1,0,0.205995887320703,0.268914965833935,0.26872766140136,0.727266095218425,0.728884575837406,1.14345699509951,1.14272248015076,0.51055344170636,0.510409968419615,0.509608277156218,0.514213014299475,0.513160128324648,0.510742072323656,0.507158638298597,0.635036525268607,0.631467710696128,0.517235845599483
519_chr1,0,0.180623447178213,0.268754053974794,0.268745512838192,0.763056517969138,0.764488428366919,1.10631014027188,1.10563597932436,0.602213591514277,0.602282529387904,0.601263851344405,0.605556941267736,0.604391765251207,0.602110574809486,0.598765350159821,0.718776159504342,0.715301248854728,0.617218196505417
520_chr1,0,-0.047905184508343,3.21685901254918,3.21922223487407,2.84709498810242,2.84714878642633,3.29646410160839,3.29620824290865,4.17601190601984,4.18424110687854,4.17183171438835,4.1710145158291,4.16421929767718,4.16564637227699,4.16482004077888,4.15279537898955,4.14580547229467,3.97587489107202
521_chr1,0,0.198635977258642,0.263481431772431,0.263344591077304,0.734430601791515,0.735994410923248,1.12807062556515,1.12735384664848,0.532122605290227,0.532029337934589,0.531181938068112,0.535700480722818,0.534623457392229,0.532240581547096,0.528725564241545,0.654433138166664,0.650899527002729,0.541748888506866
522_chr1,0,0.243586403291993,0.213837249596957,0.213370814552031,0.641202261070482,0.643091484924849,1.1511428684026,1.15032128599623,0.32321417269224,0.322638843668512,0.322335598324179,0.327445252228773,0.326645347896866,0.32397809276346,0.320034738021784,0.460715403745271,0.457089248323051,0.323007367848192
523_chr1,0,0.249271811965002,0.138447935946086,0.137921967231488,0.588133223049119,0.590056522370547,1.09490470069655,1.09407279852647,0.232398277953092,0.231615603154564,0.231602283418555,0.236840669973633,0.236184034508516,0.233422807279532,0.229416527800152,0.373424438456005,0.369888754284813,0.237745009099742
525_chr1,0,0.270274070958664,0.208488757161084,0.207832867472399,0.600261000545279,0.602345900284869,1.18549226671167,1.18460743614923,0.221661542843816,0.220851105483687,0.220793747406081,0.226235512124885,0.225562358728039,0.222746512384112,0.218551901814129,0.367621893829798,0.363905124542565,0.213243830471136
526_chr1,0,0.290463481301243,0.190078990426866,0.189276067912083,0.560709725508711,0.562941183228476,1.19918300396926,1.19825093592636,0.131453116110483,0.130434395882666,0.13060900580929,0.136313231185521,0.135758457445932,0.132818145619631,0.128431640107137,0.284146133821119,0.280382050437761,0.118236505473675
527_chr1,0,0.267857282376202,0.210420620430355,0.209782261207663,0.604833123404469,0.606900451442623,1.18362067512274,1.1827415107091,0.232206678061051,0.231420597498576,0.231336341362215,0.23674690034921,0.236060001976261,0.23325882667157,0.229087152614675,0.377367398879365,0.373656695341543,0.224390162961792
528_chr1,0,0.19702127137569,0.264772149135376,0.264647020903132,0.737485330588185,0.739037399706792,1.12682017694459,1.12610718369783,0.539168025810396,0.539091031729445,0.538225660719762,0.542723354186791,0.541637147556539,0.539264073732788,0.535764380780756,0.660944309416836,0.657414750904146,0.549195981221803
529_chr1,0,0.183546986688508,0.270988081473511,0.270959514429747,0.760255806322032,0.761709441353878,1.11248677992901,1.11180557057239,0.593716308500657,0.593765463643357,0.592764700036756,0.597091969448929,0.595936262865626,0.59364116151786,0.590268769624931,0.711140111397954,0.707651105170038,0.607544086701294
530_chr1,0,0.272173106115749,0.202424068249016,0.201753229610644,0.593952777051672,0.596051018052025,1.18307106441264,1.18218197472593,0.209139176029532,0.208299970093845,0.208278293596369,0.213748129272442,0.213092895815856,0.210261705459529,0.206048496597843,0.355833348955462,0.352118535479698,0.200696245799306
531_chr1,0,0.323899669726436,0.163351727334089,0.162306271414301,0.497454560149028,0.499929121764778,1.22507641039988,1.22406595137961,-0.0144384735185348,-0.015794169219391,-0.0152474255582087,-0.00911146993620138,-0.00947608239555375,-0.0126193675542532,-0.0173231989507667,0.149317400558866,0.145469397737255,-0.0359726281311232
532_chr1,0,0.19831830623158,0.259180606930221,0.259044894347627,0.732311165970212,0.733872198570347,1.12392587626324,1.12321003562146,0.529264844665946,0.529165131991324,0.528328768292871,0.532846765946423,0.531775068132284,0.529390297952847,0.525877718967642,0.651575956618168,0.648049876761447,0.539418128085138
533_chr1,0,0.182258154756398,0.28111172300641,0.281094852807255,0.768125248342134,0.769570444729738,1.11927239339266,1.11859381938653,0.60781254718977,0.607893951018333,0.606849751160062,0.611153278086375,0.609976002345376,0.607696356792101,0.604337347578791,0.724598924132277,0.721099708458237,0.621066563495761
534_chr1,0,0.339163449217203,0.15342193813256,0.152266351072115,0.469934871326968,0.472520643834518,1.23884107092694,1.23779472956001,-0.0789223866067106,-0.0804271025888794,-0.0797177446378297,-0.0733864757737339,-0.0736678353393643,-0.0769018724918293,-0.0817502771658978,0.089831031794088,0.0859413612822446,-0.104476933652145
535_chr1,0,0.238076021472224,0.227400222704257,0.226976122763333,0.657096825750285,0.658946924058135,1.15471475286566,1.15390570045835,0.355790637536975,0.355290239989728,0.354896366531545,0.359927718397429,0.359082134216018,0.35645601607406,0.35256611680417,0.491256176291223,0.487630310983877,0.35605384195896
536_chr1,0,0.179292495200822,0.278943670694981,0.278947140268133,0.771024939059859,0.772448107883243,1.11309078885837,1.11241936063913,0.616523713170374,0.616625392647006,0.615562706213592,0.619831484566315,0.618644449255127,0.616378997410705,0.61304755926992,0.732434169551325,0.72894910740642,0.6309618565373
537_chr1,0,0.105407648339199,0.338003624405258,0.338543026581128,0.910801583047343,0.911687558638717,1.05587343069174,1.05537522512826,0.938904291394915,0.939750594657759,0.937865594279937,0.941180366670943,0.939573126852871,0.937756190652353,0.935125956071253,1.03036885585432,1.02706923275424,0.971721935890993
538_chr1,0,0.144642317233173,0.306641337994136,0.306896146791115,0.836576751043146,0.837747989438535,1.08625725360011,1.08566706255067,0.767712284078764,0.768163173817136,0.766714842346487,0.770536215341281,0.769152114439991,0.767097005413382,0.764094414514849,0.872158217737677,0.868760121948908,0.790769961925804
540_chr1,0,-0.0265273133904628,3.19977058194025,3.20197873731169,2.80665195807151,2.80686118809984,3.31301939488636,3.31271341587417,4.08273418068193,4.09074793179675,4.07857646795186,4.07803530185883,4.07136166584686,4.07265896675102,4.07162974873473,4.06659083778965,4.05954727608742,3.87727923353232
544_chr1,0,0.274159236521642,0.2076504672073,0.206966981483648,0.594265176438304,0.59637855637417,1.19044175131407,1.1895477156791,0.206822017502023,0.205977226929871,0.205955855760454,0.211446015448645,0.210791407756449,0.207953879570751,0.203722683861697,0.354015223554071,0.350285350992395,0.197214836853271
545_chr1,0,0.257368336140768,0.216533640118071,0.215970777210049,0.623319699262512,0.625310532703446,1.17355370574834,1.17269922910856,0.275856637081992,0.27517145523642,0.274977727127389,0.280254625830721,0.279511630422643,0.276772221636305,0.272699805339403,0.417599637622856,0.413918617714181,0.270872732929446
546_chr1,0,-0.0937434204131549,3.25349986931064,3.25619558478014,2.93381256353546,2.93353308661903,3.2609663930403,3.26081800185651,4.37601715233864,4.38470831856945,4.37178876165214,4.37037969680115,4.36332378333574,4.36502911750792,4.36463781342817,4.33763436851281,4.33075950839437,4.18728279902386
548_chr1,0,-0.0265273133904628,3.19977058194025,3.20197873731169,2.80665195807151,2.80686118809984,3.31301939488636,3.31271341587417,4.08273418068193,4.09074793179675,4.07857646795186,4.07803530185883,4.07136166584686,4.07265896675102,4.07162974873473,4.06659083778965,4.05954727608742,3.87727923353232
550_chr1,0,-0.0638743545338358,3.22962399051907,3.232103047135,2.87730574292214,2.87724343448772,3.28409737473835,3.28387895567826,4.24568993182973,4.25408007264233,4.24149294856372,4.24046955503954,4.23358351559609,4.23510753054133,4.23443275432611,4.21718976923543,4.2102399425808,4.04952538743552
551_chr1,0,0.111599079928944,0.333054495069231,0.333548986953108,0.899088524607721,0.9000195161298,1.06066815347837,1.06015543213435,0.911889316325966,0.912673221310567,0.910857129521561,0.914251846081081,0.912679818726303,0.910825297634645,0.9081363033206,1.00540240729537,1.00208724470093,0.94316678812455
552_chr1,0,-0.030309064650723,3.20279352999878,3.20502911675679,2.81380634116909,2.81398807528631,3.31009075896781,3.30979364625263,4.0992350358609,4.10728690009447,4.09507334660701,4.09448335029505,4.0877882063692,4.08910846427568,4.08811513694007,4.0818404447559,4.07480637463918,3.89472083237539
553_chr1,0,-0.00415857824104243,3.18189010280823,3.18393600387507,2.76433439415631,2.76470626014644,3.33034202577949,3.32998360337906,3.98513303406079,3.99292134933908,3.98099884212891,3.9807465026031,3.97420008406159,3.9753615962611,3.9741200879393,3.97639071729377,3.96929101367536,3.77411366862516
554_chr1,0,0.216622221008995,0.239978384722144,0.239708722159793,0.69495340877335,0.6966470548109,1.13418804519186,1.13342948529824,0.4451407137065,0.444846849944779,0.444228826365085,0.44898673480409,0.448026294232629,0.445526574364235,0.441839703633856,0.57361400726149,0.570048745497711,0.451190309214977
555_chr1,0,-0.0155877222294662,3.19102600473638,3.19315480847061,2.78595624840937,2.78624501672712,3.32149115238797,3.32115952555875,4.03500163640763,4.04290513650163,4.03085542669346,4.03045551331502,4.02384409392398,4.02507498638334,4.02394194626293,4.02247781868928,4.01540680037827,3.82682537038634
556_chr1,0,0.235753617903478,0.215494692038716,0.215083884250097,0.653270813777583,0.655102616075867,1.14113642012535,1.14033339722159,0.353101382737675,0.352595243294289,0.352219549978726,0.357231661459959,0.356394418663575,0.353770848378896,0.349901247895496,0.488117842170459,0.484518152149939,0.355295842827076
557_chr1,0,-0.0492156385937683,3.21790652582034,3.22027925368118,2.84957412803356,2.84961839846243,3.29544926942085,3.29519648307419,4.18172978950665,4.18997219733978,4.17754821992841,4.17671410070054,4.16991142961698,4.17134645928718,4.17053256464329,4.15807967940351,4.15109306173694,3.98191876146097
558_chr1,0,-0.0329918280829651,3.20493800062914,3.20719304713363,2.81888163989541,2.81904386849262,3.30801319309742,3.30772237010775,4.11094069491363,4.11901959648367,4.10677618472522,4.10615154839684,4.09944114681894,4.10077769035664,4.09980982376634,4.09265847193686,4.08563113512351,3.90709385226904
559_chr1,0,-0.0287631646495882,3.20155781271187,3.20378218609871,2.81088178054161,2.81107475440627,3.31128792344486,3.31098718637482,4.09248983495148,4.1005261193475,4.0883297712165,4.08775973566618,4.08107338372103,4.08238425729008,4.08137625860263,4.0756067276751,4.06856877759879,3.88759107533541
561_chr1,0,0.219898522288899,0.246485187229872,0.246194116112913,0.694205747667796,0.695924150004642,1.14453660886493,1.14376998001726,0.439348080437825,0.439040525613816,0.438429770851371,0.44322285687433,0.442266759790854,0.439754810333466,0.436038001011061,0.568693640114278,0.56510666339288,0.443685119824479
563_chr1,0,-0.167622270090019,3.31255502916305,3.31578663373398,3.07357786194405,3.07276123539923,3.20375367916925,3.20377849658086,4.69837156314223,4.70780729271862,4.69406548860359,4.69170249522692,4.68422641136235,4.68638022477271,4.68669006733641,4.63554487165193,4.62885543552634,4.52801521910449
564_chr1,0,0.224677364725474,0.242665212971531,0.242339477947509,0.685165050064667,0.686918197845576,1.14823740477817,1.14745957195818,0.418496633173781,0.418140916380168,0.417583348555784,0.422438139303977,0.421509220880468,0.418968261610059,0.415206098720989,0.549423343392962,0.54582437254808,0.421644893755444
565_chr1,0,0.0464613809883283,3.14142696894667,3.14310569206496,2.66857067100593,2.66931057862649,3.36954276125685,3.36906566061392,3.76426377034518,3.7715419292477,3.76018280546604,3.76058407415542,3.75432554597181,3.75517977129758,3.75345785464971,3.77226981410074,3.76504306255184,3.54065224782549
566_chr1,0,0.144271993552194,0.272376713374043,0.27262528393148,0.816635357038479,0.817800360582783,1.05638754563824,1.05579969102835,0.737126565726983,0.737507989055591,0.736166103685748,0.74000968328566,0.738677594087862,0.73659572680748,0.733592275829197,0.842251892260936,0.838905822303457,0.76367552963806
567_chr1,0,0.198420368958012,0.27497046683091,0.274838112329823,0.741597593193723,0.743160994627102,1.13759041804255,1.1368736638589,0.543607580597505,0.543540454645907,0.542654450365019,0.547161371921074,0.546065401780912,0.543693332726374,0.540181794098924,0.665584192115614,0.662034390871969,0.552174460864542
568_chr1,0,0.28059844910818,0.197964617445405,0.197233252125415,0.579372565743831,0.581532297950818,1.19154339849816,1.19063445897414,0.174497054315559,0.173577755524406,0.173642570900741,0.179219418337861,0.178608539305182,0.175728112847183,0.171435231345349,0.323926080544345,0.320186756800137,0.163734456619606
569_chr1,0,0.211183257015054,0.248896990870489,0.248667960823624,0.707973027340162,0.70962759690741,1.13388865656314,1.13314265410827,0.47313140934633,0.472902041556095,0.472208860511092,0.47689297124826,0.47589444013243,0.473431573673046,0.469796899973326,0.599699080116596,0.596140711309079,0.480084423867432
570_chr1,0,0.118040420350853,0.32106739643099,0.321513399482935,0.882818441179343,0.883795564747712,1.05980310101822,1.05927556848666,0.877412487152414,0.878116992087197,0.876394467324526,0.879877694814253,0.878353009038222,0.876453646777014,0.873702655402694,0.973215459356503,0.969894240018744,0.907760181483702
571_chr1,0,0.217591022751226,0.236912378589344,0.236635096960356,0.691751916640188,0.693452371646905,1.1329767591557,1.13221602526349,0.438778386684271,0.438469905639371,0.437869995852119,0.442642203017026,0.441690860662708,0.439183336409863,0.435486981207768,0.56762539504605,0.564061089765029,0.444812370804165
572_chr1,0,0.199756948536527,0.255747177509113,0.255600439918073,0.728225685651346,0.729796944116779,1.12308541207303,1.1223662955478,0.520860058258048,0.520741010418503,0.51992796362689,0.524466320258401,0.523406380027486,0.521010960146704,0.517484438702514,0.643700149723843,0.640173835084726,0.530880052311742
573_chr1,0,0.230798458787406,0.237772308034866,0.237402172920549,0.673585057388888,0.6753827096987,1.15297765729529,1.15218547360074,0.391788560722222,0.39137115452368,0.390881712454658,0.395815539168618,0.394921433178526,0.392343315998733,0.388523060914473,0.524740525242327,0.521126191438946,0.393414145680918
574_chr1,0,0.110130283764746,0.3342285792983,0.334733725271405,0.901867218849557,0.902787531221686,1.05953069918605,1.05902142142732,0.918298091288916,0.919096799045769,0.917264360040539,0.920640111408187,0.919059730584543,0.917214125773901,0.914539071058332,1.01132520937199,1.00801373321896,0.949940938965032
575_chr1,0,0.10652722782022,0.334833328333897,0.335364021950856,0.907324543279622,0.908218425761138,1.05479280506924,1.05429207131984,0.931899204556601,0.932729405357288,0.930864144940484,0.934195150231976,0.932597840726469,0.930772198475328,0.9281310505225,1.02378699417033,1.02048792512329,0.964662133666843
576_chr1,0,-0.0221159858816111,0.439939816384556,0.441404226543781,1.15205302197712,1.15201181376647,0.957117518432908,0.956918291395229,1.4953261381424,1.49745764581966,1.49415334950884,1.49582152841723,1.49348902478513,1.49244621680365,1.491026244273,1.54459762632133,1.5416180669681,1.55986640072206
577_chr1,0,0.195646492698382,0.25903287602296,0.258915954116587,0.736001917811519,0.737543290459352,1.11990222317964,1.11919274359768,0.53879514489834,0.538717522916995,0.537858728109421,0.54234401026705,0.541260692684191,0.538890225196562,0.535402714001267,0.660275231391048,0.656759233332892,0.549837650751511
578_chr1,0,0.265784405958863,0.207530884484843,0.206906387049688,0.606039031612695,0.608090822405307,1.1781235743572,1.17724946294621,0.237014889902735,0.236240070350749,0.236147289730455,0.241534634093409,0.240843066250096,0.238050658297554,0.233898081344603,0.381595267102095,0.377896488232953,0.230161204649455
579_chr1,0,0.222174299585773,0.235540323094237,0.235230387863694,0.68444988953252,0.686183902968281,1.13848764493376,1.13771606821955,0.420915417479224,0.420565598945357,0.420009368166596,0.424838965406312,0.423910101112527,0.421376677525391,0.417637114836822,0.551225698164769,0.547646501579551,0.425583884937694
580_chr1,0,0.293236471939775,0.185587037878236,0.184763413588305,0.554104733629764,0.556356119666544,1.19938280082059,1.19844432817753,0.117233726642568,0.116182240599707,0.116394992407479,0.122136799636902,0.12160135963764,0.118642304780178,0.114229194210333,0.270897024988794,0.267129345863238,0.103551100149974
581_chr1,0,0.197309498735343,0.250828756747123,0.250697996782518,0.728749717522171,0.730302476715891,1.11530544929256,1.11459236285862,0.52513345496883,0.525024512292896,0.524206220284229,0.528718343778838,0.527655249297863,0.525268916661109,0.521764752519193,0.647323289229307,0.643813281371071,0.536438434417244
582_chr1,0,0.169617552719159,0.282122593628363,0.282195065405395,0.786607752838581,0.78796011138449,1.10169965041143,1.10105109854343,0.654494386389748,0.654683924686811,0.653528131080457,0.657675542732689,0.656440615427129,0.65423007227108,0.650989877561994,0.767309430498106,0.763855384902036,0.671787232980492
584_chr1,0,-0.0098684411501524,3.18645428955867,3.18854160780129,2.77513641255338,2.77546676394558,3.32592023585868,3.32557520020343,4.01004678815801,4.01789264838522,4.00590659228661,4.0055805266385,3.99900163445415,4.00019780819723,3.99901048928459,3.99941527898563,3.99232990620188,3.8004478010035
585_chr1,0,-0.0548335862660526,3.22239724000011,3.22481071831854,2.86020225957993,2.86020568369734,3.29109865981983,3.29085904472352,4.20624249131164,4.21454151775663,4.20205501444304,4.2011483559084,4.19431373393056,4.19578286717578,4.19502228962022,4.18073360031564,4.17376108279132,4.00782897682892
586_chr1,0,0.250451331264541,0.222062757456147,0.221550067873018,0.636405409920541,0.638345952018079,1.16819708984867,1.16735883009241,0.306037494541926,0.305422023422965,0.305151311334067,0.310338897219285,0.309556562802647,0.306859143477311,0.302852372960939,0.445491901943501,0.441828242601055,0.302774255780636
587_chr1,0,0.100487132714088,0.341936845321233,0.34251193904764,0.920110300463435,0.920960500550031,1.05206292127275,1.05157625183367,0.960373899031202,0.96126979206963,0.959330027977947,0.962581266350267,0.960946042135804,0.959158975770952,0.956575439304802,1.05021043828275,1.04692316488299,0.994415564775604
588_chr1,0,0.197475873541839,0.241471816752424,0.241337468112962,0.722925794414925,0.724478817844483,1.10753885567884,1.10682577103503,0.515813189863467,0.515683034339175,0.514896103620977,0.519417578296879,0.518369873639037,0.515974789491311,0.512467878817264,0.638272097438798,0.634775309204815,0.527983990922634
589_chr1,0,0.183563343714677,0.233944208522611,0.233905960548391,0.73810753782522,0.739557496256245,1.08080214054933,1.08012246599926,0.559141849685222,0.55911240965892,0.558230298391044,0.56258669618728,0.561489068439724,0.559162788336939,0.555785553905626,0.677430300138778,0.67399600124997,0.576607672421145
590_chr1,0,-0.185887145771027,3.32715508259843,3.33051917363685,3.10813167282657,3.10718224817745,3.18960912885751,3.18967676817926,4.77806640495831,4.78768621099235,4.77374112484314,4.77114229420038,4.76356233270183,4.76582702246674,4.76631020768985,4.70919650980957,4.70255291557503,4.61225360831171
591_chr1,0,-0.0680726920553046,3.23297993737706,3.23548944713799,2.88524823118603,2.88515539797423,3.28084612915994,3.28063755308128,4.26400847122236,4.27244092357939,4.25980707339071,4.25872947065862,4.25181955405466,4.25336905487605,4.25273412295015,4.23411922670315,4.22717993719832,4.0688882999641
592_chr1,0,0.198647774281939,0.228911358443098,0.228765507750047,0.713766305163231,0.715326657722035,1.09849683670074,1.09778149834354,0.499869585741669,0.499703000900198,0.498966300011766,0.503511983239048,0.502489144842984,0.500077191092336,0.496557687193488,0.622985941767208,0.619503397373248,0.512892099158877
593_chr1,0,-0.122258213173566,3.27629320802652,3.27919575896702,2.98775734660463,2.98727054769548,3.2388841775425,3.23880263914844,4.50043529446826,4.50941383752733,4.49617692038388,4.49439967066893,4.48718158532472,4.48906001765137,4.48893933298868,4.45261797065764,4.44581467806836,4.31879424496337
594_chr1,0,0.0131263627665276,3.16807336149855,3.16999388417164,2.73163444080749,2.73213198010845,3.34372770230896,3.34332875545036,3.9097139256334,3.91732804039881,3.90559790887355,3.90556875363341,3.89912063955379,3.90017722406142,3.89877167314255,3.90669058667699,3.89954750064545,3.69439478011756
596_chr1,0,0.276957625543877,0.198599556079689,0.197894012355514,0.584901339616752,0.587034367336769,1.1867762566598,1.18587594969111,0.188262958438458,0.187375533319499,0.187407106943126,0.19293872064612,0.192310698136193,0.189450463504846,0.185191847199051,0.336540160223547,0.332813338375967,0.178629837201997
597_chr1,0,0.211917924886857,0.252864488712727,0.252631305816677,0.709303581246063,0.710963959196396,1.13835633348598,1.1376084151092,0.474169694264349,0.473942569229481,0.473242993053618,0.477933033082397,0.476931548031857,0.474468044540517,0.470826975015167,0.600874755518642,0.597307808809109,0.480491976974804
598_chr1,0,-0.0393374945571339,3.21001041783165,3.21231149338937,2.83088648258372,2.83100257385741,3.30309902886915,3.30282308326295,4.13862864060288,4.146771494856,4.13445745792541,4.13375088593763,4.12700439471801,4.12837945942487,4.12747181633247,4.11824686022852,4.11123545001419,3.93636033793071
599_chr1,0,-0.162819482740875,3.308715914506,3.31191268148256,3.06449186493703,3.06371015793212,3.20747301832507,3.20748657562565,4.67741563742167,4.68680296370764,4.67311461302965,4.67081363355649,4.66336486453353,4.66548952277403,4.66575378452206,4.61617801900179,4.60947652865485,4.50586455807276
601_chr1,0,0.148856854528603,0.298717686211064,0.298940748203655,0.82588320434419,0.827084618453811,1.08562230363986,1.08502242512545,0.745079210901216,0.745477978970657,0.744091125649857,0.747970473812964,0.746617474408506,0.744532958419222,0.741489792953494,0.851025271642353,0.84762333204915,0.767536462536339
602_chr1,0,0.145771215080236,-0.108403358315268,-0.108263680068326,0.587086983534574,0.588223981645794,0.732637485135602,0.732062241131554,0.376913482824748,0.376475852105231,0.376365024202193,0.380524375439257,0.379795192321708,0.377385646178459,0.374319919979175,0.491342384725917,0.488553746626051,0.440422738019911
603_chr1,0,0.168788244255456,0.282785502486651,0.282863989752139,0.788176653077406,0.78952298198513,1.10105742346756,1.10041081590913,0.658112894831075,0.65831079103689,0.657145767501222,0.66128247106848,0.660042827245679,0.657837318380631,0.654604994217015,0.770653549995902,0.767201585830274,0.675612039147165
1_chr2,0,-0.031926389833003,-1.08981029264468,-1.08867176646296,0.252257420801018,0.25198728644105,-0.366614722366792,-0.366725628428618,0.105495152442012,0.104468948780929,0.105974586999575,0.108716791960167,0.108736179334101,0.106462444362217,0.104940951324715,0.187197887202198,0.186516212068525,0.323703603851846
2_chr2,0,-0.41839169893885,-0.628996825323878,-0.625015804343234,1.07409946525219,1.07103503288391,-0.535883210697989,-0.535094503491239,1.9332768985833,1.93646725993762,1.93318572877281,1.93081925677024,1.92840285951612,1.92860263093488,1.93076811012754,1.88358749411442,1.88365121912618,2.23268285253245
4_chr2,0,-0.0368900333604113,-1.20159069400793,-1.20044605251016,0.192515052383914,0.192196965173942,-0.46953569874613,-0.469630050318638,0.0193057678370652,0.0180844369770754,0.0199051370494447,0.0226736382813626,0.0228460436786273,0.0205052944984221,0.0190162576626292,0.10205194219279,0.10155385343147,0.250133214685642
5_chr2,0,0.276835784617851,-0.850438142518293,-0.851413715505696,-0.041483356558969,-0.0394587473912398,0.28865219659325,0.287796745009769,-0.788726908276223,-0.791835147809783,-0.788448498670435,-0.782099193380863,-0.781085088533162,-0.784825108775902,-0.789215366677782,-0.616146654833527,-0.618322071170536,-0.695143473299286
6_chr2,0,0.116312336110082,-0.727098292356469,-0.726910773863159,0.25922642365334,0.260083407962216,0.160082534407585,0.159603640591007,-0.0929527075323939,-0.0944537015098197,-0.0928377098112363,-0.0885572089689788,-0.088448257504433,-0.0912180004657213,-0.0940854415396619,0.026631425449116,0.0248662520729299,0.0410516261583989
7_chr2,0,-0.310564894110562,-0.566317235436915,-0.563079906865616,0.959026826712455,0.956761627529333,-0.324951362705747,-0.324421779301028,1.60150711932046,1.60392608950572,1.60136836118894,1.60027790316521,1.5982416337955,1.59791179152537,1.59907278514944,1.58403950830176,1.58361250611939,1.85944820069057
8_chr2,0,0.083480522204708,-1.43977950329832,-1.43954464440572,-0.119998519713562,-0.119455982357011,-0.497841867286912,-0.498212395789205,-0.63818475179491,-0.640919887056654,-0.637305305400559,-0.632871707635209,-0.631792411291803,-0.634983020069477,-0.637632403121557,-0.51231802436654,-0.512908326800788,-0.423337223700657
9_chr2,0,-0.370871157651929,-0.529471107102723,-0.525799273189374,1.06633044065018,1.06362560946107,-0.381376930248611,-0.380705476519518,1.85405612826376,1.85705881530648,1.85386624077483,1.8520059751324,1.84964451462651,1.84967122553453,1.85140311737783,1.81689888371605,1.81664003543571,2.12811619380303
10_chr2,0,0.0733532111315531,-0.702761341024476,-0.702264796255962,0.334523079421251,0.335066696370284,0.11825260463938,0.117874853206611,0.0851704417865125,0.084081212006299,0.0852510831466518,0.0889847038594565,0.0888649970436188,0.0863476411491826,0.0838866372146843,0.190773004648106,0.189130439973728,0.230845013765248
11_chr2,0,-0.120021521099108,-0.806097522834559,-0.804264910225175,0.546310970827817,0.545422186646409,-0.252263292174568,-0.2521767208628,0.688613683053208,0.688927067830008,0.688769858945491,0.690208013666,0.689392385897611,0.687832444332531,0.687174015853368,0.736219729885802,0.735443813884883,0.907758347413883
12_chr2,0,0.143656672360707,-0.743981236411226,-0.743990778726694,0.210467214515507,0.211523520698407,0.185516610745675,0.184973396928101,-0.207628604082674,-0.209394642352705,-0.207490232749131,-0.202860544843453,-0.202603868150107,-0.205535428771885,-0.20866175135337,-0.0791126252880989,-0.0809537835408589,-0.0809157014532689
13_chr2,0,0.193620014218198,-0.438179098993299,-0.438461777542048,0.322445495552233,0.323900506494158,0.520152773926311,0.519477733435738,-0.103492576876871,-0.105029884344354,-0.103675504658145,-0.0986706739263208,-0.0986712294429823,-0.101615915603835,-0.105172651594275,0.0335322030603407,0.0310544830265496,-0.0232133165580564
14_chr2,0,-0.324483802481735,-0.691572078819179,-0.688269004762925,0.903902839097565,0.901522461386187,-0.452468536077124,-0.451900526077366,1.53516764513418,1.5374380409111,1.53516171466513,1.53399803404364,1.53209616008679,1.53173634938765,1.53301217740999,1.5162592416561,1.51606880686271,1.80998473758601
15_chr2,0,-0.313193735993358,-0.65770940371233,-0.654477148902115,0.908159384323177,0.905865488905259,-0.407014970838881,-0.406475252301807,1.52586580320955,1.5281132502875,1.52582537178902,1.52477397866343,1.52286915802567,1.52247680616573,1.52365091452321,1.50969775680778,1.50941557864229,1.7936562608997
16_chr2,0,0.120312454770367,-0.375714178473951,-0.375464113436092,0.463439308832633,0.464361720110594,0.466692021588248,0.466188686051252,0.219971633993572,0.219181321301064,0.219707442460748,0.223762701932072,0.223339170753405,0.220842740868556,0.217982219101992,0.332651812429878,0.330352366208734,0.318106513476881
17_chr2,0,0.204571310588248,-1.26500402171802,-1.2655773833008,-0.186880276913382,-0.185429491998627,-0.171611829107017,-0.172277791274997,-0.913505940114967,-0.916886270824492,-0.912792804037388,-0.907007741551558,-0.905665012374133,-0.909362774225007,-0.913126993590961,-0.753875840351028,-0.755171564692444,-0.755490657107842
18_chr2,0,0.0687263803604578,-1.39525430805027,-1.39490397613579,-0.0725369159119675,-0.0720982963705459,-0.481250472219751,-0.481587800219079,-0.543311025007355,-0.545828141160965,-0.542482483894818,-0.53826495241252,-0.537320820689441,-0.540394393836489,-0.542899609723665,-0.423085399841588,-0.423687063760162,-0.328012532405242
19_chr2,0,0.151534240714307,-0.400671355905134,-0.40064776183816,0.404373388770392,0.405522803727899,0.49087056678172,0.490294031922957,0.0837421115224575,0.0826371404737456,0.0835107497996983,0.0879691470075303,0.0877231831613257,0.0850372224048397,0.0818803905236361,0.206752478586109,0.204374670719662,0.174110298992646
20_chr2,0,0.15648491114869,-0.400773159459294,-0.400784480081784,0.397310405055724,0.398496209941555,0.498004644991674,0.497416339519076,0.0657332749599489,0.0645865761305893,0.0655029500568367,0.0700222598849618,0.0697984146476669,0.0670856368901514,0.0638823087360922,0.190292183686332,0.187896250218068,0.154490735350454
21_chr2,0,0.244758049285079,-0.471334413541069,-0.4719860339636,0.230313740285524,0.232141351094889,0.566364477566035,0.565569216160376,-0.319427505942813,-0.321463836153057,-0.319565011352382,-0.313905913007142,-0.313627723361003,-0.316876360433011,-0.320917444112256,-0.165662126794979,-0.168279611597713,-0.252628759834955
22_chr2,0,-0.0680727943535586,-1.40371185366288,-1.40239965354543,0.115899069746741,0.11533099105549,-0.688029898304286,-0.68804149655145,-0.0561839695593869,-0.0575719156321446,-0.0553718918244086,-0.0528287243591681,-0.0524781356294279,-0.0548201485092044,-0.0560419848787714,0.0215131642364086,0.0214290183056258,0.204731372692236
23_chr2,0,0.253976842109911,-0.482558989883941,-0.48327847551906,0.210570685880001,0.212464928423635,0.570203410585974,0.569386699558055,-0.363244063255622,-0.365381467894722,-0.363367706247864,-0.35758656348913,-0.357249906613607,-0.360557741966574,-0.364686804552898,-0.206339049748856,-0.208973972016409,-0.298359367840985
24_chr2,0,0.0480349839014115,-0.67252069719062,-0.671837920729943,0.388394711299023,0.388755272686772,0.107207690891839,0.106888872987725,0.204960778380301,0.204147894924501,0.205003982242236,0.208402881459477,0.208123519862077,0.2057682524244,0.203548797026119,0.301954341797416,0.300360533559202,0.355949699917166
25_chr2,0,0.11386501308975,-1.12513684581678,-1.12503486408988,0.0249520589049115,0.0257502514325694,-0.184196860464976,-0.18465302382265,-0.454965657805972,-0.457289166464759,-0.454420734512499,-0.449859479532142,-0.449138102560646,-0.45222869950385,-0.455123545015184,-0.326910069960162,-0.32807772634043,-0.281011587200871
26_chr2,0,0.153998594758599,-1.23842968417065,-1.23863978717523,-0.0994787129736272,-0.0983970458800258,-0.222632067094755,-0.223178873357681,-0.705748378336188,-0.708648364942742,-0.705073443049059,-0.699930562560711,-0.698853765991438,-0.702256152746794,-0.705542165392413,-0.562529618681847,-0.563677935529152,-0.533790391120171
27_chr2,0,-0.08316808027694,-0.909556720663633,-0.90801053765979,0.43239292032715,0.43176450101993,-0.287065709994812,-0.28706239768251,0.458862539284697,0.458647778028251,0.459137480407576,0.461109275694705,0.460619119822358,0.458773353084458,0.457755800462382,0.520379140934517,0.519620134978098,0.676117791439766
28_chr2,0,0.0777474983075397,-1.61971557597873,-1.6194867792945,-0.219359910182014,-0.218877968349887,-0.660224398505991,-0.660573647170201,-0.785093525201249,-0.788161688321702,-0.784020594084054,-0.779516931629481,-0.778181306282334,-0.781491977090575,-0.784110307030364,-0.656842214468878,-0.657145325114541,-0.550671765735655
29_chr2,0,-0.391038408684867,-0.964344397638031,-0.960642736138561,0.835118745128178,0.832221058956229,-0.783032709043774,-0.782294814007204,1.52184225927044,1.52409300099359,1.52211880823964,1.52035032090049,1.51858036617911,1.51835098842814,1.5202171912724,1.48847691777156,1.48893546068214,1.84527600379964
30_chr2,0,0.133507249232298,-1.22902458174004,-1.22908784934932,-0.0648785848658837,-0.0639466187116193,-0.244470953177041,-0.244969421281406,-0.622837409320761,-0.62554565294258,-0.622176479295689,-0.617292737899389,-0.616321560021988,-0.619605408466679,-0.622697831003032,-0.48623667828512,-0.487323253402169,-0.445096035507269
31_chr2,0,0.0706943279381221,-0.336051860713566,-0.335441884638672,0.557307747953118,0.557869401605509,0.428267117766828,0.42788011168126,0.436469618330686,0.436179365380276,0.436153253175168,0.439567840156559,0.43886211633077,0.436666891727529,0.434277270404527,0.532732907277296,0.530557994548965,0.546947440337076
32_chr2,0,0.134016388669465,-1.08316342389724,-1.08319261450052,0.021519547978039,0.0224702078970953,-0.118875315404008,-0.11938119099831,-0.48877500284168,-0.491178585330661,-0.488271691539167,-0.483495596223435,-0.482750561166209,-0.485914739406236,-0.488993479527542,-0.3553997145948,-0.356703818527083,-0.325546284702589
33_chr2,0,0.174135849558884,-0.418737982944891,-0.418878332359811,0.361615270330632,0.36292901440053,0.508373538004282,0.507744013786062,-0.0148751291922173,-0.0162078830173331,-0.0150827252493335,-0.0103324945939405,-0.0104499165495855,-0.0132730796631821,-0.0166444119358684,0.115613313695321,0.113178779437285,0.0698707106258532
34_chr2,0,0.156631403118141,-0.939771236629037,-0.939922772462137,0.0751767101613301,0.0763083467239965,0.0368513479735728,0.0362855919844903,-0.437003060270715,-0.439292572142656,-0.436650559967235,-0.431708548928895,-0.431087737746444,-0.434253680475358,-0.437526609646065,-0.299891881817375,-0.301491471326941,-0.295281139353537
35_chr2,0,0.0980738644661511,-0.35408220915252,-0.353669838238711,0.507813443552544,0.508574560288026,0.452770393032238,0.452319031967898,0.320597266753624,0.320039244176363,0.320305522443829,0.324070625027407,0.32351457926307,0.321156383931136,0.318507405357519,0.4258300186985,0.423580687533196,0.423884985296621
36_chr2,0,0.146066461321417,-0.396300678945527,-0.396237423684607,0.414717429342521,0.415827089814382,0.486636249392051,0.486072533714864,0.107599586460256,0.106549720602482,0.107362475349577,0.11175027223326,0.111473211543234,0.10882044276994,0.105715502806182,0.228800858022366,0.226436773400008,0.199327931822005
37_chr2,0,0.15427700407538,-0.949249010692885,-0.949386401987163,0.0728459744792525,0.0739593286186018,0.0253044359099757,0.0247446823873547,-0.437314500794698,-0.43960434434678,-0.436952193273508,-0.432031711599621,-0.431406502528287,-0.434567687053597,-0.437819709720599,-0.300718726290672,-0.302295611727981,-0.293889628281086
38_chr2,0,0.0127152405109624,-0.906201485708932,-0.905330145945114,0.298780468158611,0.29885738568351,-0.144334996138546,-0.144559880370296,0.115035316510872,0.114023664582726,0.115324578677415,0.118471954256663,0.118401844601189,0.116041163865876,0.114123757580227,0.206420075224337,0.20530214159553,0.300570493978192
39_chr2,0,0.159362190757486,-1.29946006038136,-1.2997237213364,-0.143516443277779,-0.142401595140129,-0.267048801142192,-0.267605771753876,-0.782020993811266,-0.785095215865197,-0.781279064696466,-0.776022618773939,-0.774826465152133,-0.778309035081872,-0.78165313333327,-0.6357109866361,-0.636788873266735,-0.605816369918896
40_chr2,0,0.0175821346669185,-0.289741034501293,-0.288744807166568,0.660089104097062,0.660264991055158,0.390436581310323,0.390173932705922,0.67180555231141,0.672058738786447,0.671429170684395,0.67415495880284,0.673141133276276,0.671271560463753,0.669386488020526,0.750406427615393,0.74835911770511,0.795116291833298
41_chr2,0,0.141723173968723,-1.09566422908039,-1.09575095902003,0.0031528110691017,0.0041588547075313,-0.118334264337469,-0.118857939097455,-0.528309480590816,-0.530804162105101,-0.527791209975126,-0.52291065297444,-0.522111858927302,-0.525328142359352,-0.528480826221235,-0.3922371712473,-0.393551244002825,-0.366374293634035
42_chr2,0,0.0377808434516427,-1.56919907657537,-1.56867558195613,-0.132659559018939,-0.132466298760198,-0.675280461648975,-0.675536797548835,-0.593406076444381,-0.596032120068536,-0.592395248444424,-0.588422138568777,-0.58734289214657,-0.590395361831077,-0.592632038098055,-0.478809187082003,-0.479039441461745,-0.350868600765113
43_chr2,0,0.0590737698755048,-0.93728370275081,-0.936747087367025,0.21464699439695,0.215061582419716,-0.103320332532352,-0.103654157917895,-0.0816734008151099,-0.0831396077968631,-0.0813418525391785,-0.0776005580937813,-0.0774163687879619,-0.0800534531706654,-0.0824100684678517,0.024911132669414,0.0236680135234999,0.0917420700587397
44_chr2,0,0.119381940672085,-0.961837303248313,-0.961732032407743,0.114682620808761,0.115538114802031,-0.0363699299053604,-0.0368461523671296,-0.322775867021593,-0.324799771581527,-0.322406480466365,-0.317904954145073,-0.317414813874279,-0.320398144777065,-0.323324120231792,-0.196786331178488,-0.198215785224618,-0.166689019474269
45_chr2,0,0.210572568294001,-0.44400820240771,-0.444411854341695,0.29498643041074,0.29656548945609,0.539890809512982,0.539175695797379,-0.170266539967908,-0.171958343209899,-0.170439991522579,-0.165222298337599,-0.165138531415369,-0.168179646597975,-0.17189629323798,-0.0278119316897612,-0.0303436164507955,-0.0949638568125408
46_chr2,0,0.060943567770439,-1.68289307118829,-1.68256216773797,-0.233326514767803,-0.232974601203303,-0.738813326172032,-0.739119923542523,-0.783153587855646,-0.786214655714088,-0.782015490975996,-0.777668977772161,-0.776308959534242,-0.779581920153843,-0.782050469667201,-0.658684509057218,-0.658832180444934,-0.537016857645745
47_chr2,0,-0.0224175558899461,-0.964458111463606,-0.963354226922717,0.313677111190756,0.313489739766115,-0.245446917729663,-0.245585765365358,0.187883157679662,0.187042713765245,0.188228833780905,0.190989994971796,0.190855273184775,0.188635400901567,0.187040493349105,0.26964708428317,0.268744978276634,0.390649785153975
48_chr2,0,0.148195281346107,-1.18587258212963,-1.18602821641631,-0.0598798692503522,-0.0588354847537171,-0.186109601005715,-0.186644837107883,-0.635779538478785,-0.638519548723637,-0.63516251750867,-0.630131988897368,-0.629163231655691,-0.632490172452981,-0.635715043383237,-0.495592749987031,-0.496797346410657,-0.467090856905871
49_chr2,0,0.207257941469422,-0.445214172557731,-0.445594777040897,0.298954318244328,0.300508882514309,0.534023704128643,0.533316525330774,-0.159396226490073,-0.161062790271267,-0.159568994559184,-0.154391089292698,-0.154320136325887,-0.157344366058847,-0.161030043285045,-0.017948850702846,-0.0204665160675592,-0.0828897963957558
50_chr2,0,0.165742526619917,-1.26884105543094,-1.26914177333927,-0.134252964800362,-0.133088066182393,-0.231533227935774,-0.232106674646124,-0.776579252544722,-0.779642124434938,-0.775869236205905,-0.770558299880183,-0.769381791343127,-0.772873114302513,-0.776273243807498,-0.628987017821116,-0.630133727222715,-0.605474899629128
51_chr2,0,0.14020443780159,-0.387759340752164,-0.387652569007613,0.428110088937419,0.429177523677442,0.48539684089934,0.484846704915482,0.136769605606168,0.135786984097396,0.136522161732069,0.140831257026464,0.140514820025564,0.137900872370519,0.134852053921078,0.255941879470601,0.253586807363698,0.229576975971132
52_chr2,0,0.214976557988221,-0.451384059262124,-0.451820651656425,0.284352104677523,0.285962788554305,0.540001098204239,0.539275823148355,-0.193074743291824,-0.194819096575204,-0.193239395210412,-0.187961826663999,-0.187846975691226,-0.190918061043505,-0.194676991739239,-0.0490735493237753,-0.0516105871706061,-0.118488386487885
53_chr2,0,0.108654707835775,-0.907089640994718,-0.906894635897234,0.162554160145646,0.163336392393719,-0.00515460597406336,-0.00560764002257241,-0.232948810180992,-0.234766810974795,-0.232640628246581,-0.228313668810619,-0.227956838563092,-0.230836297885189,-0.233654622133623,-0.111579898346846,-0.113050693256783,-0.0787347356899133
54_chr2,0,0.147085048223688,-0.397114887783379,-0.397059020964782,0.412790448847106,0.413907515140504,0.487425055948289,0.486858952199178,0.103155202415703,0.102095071069564,0.102919162352484,0.107320111296684,0.107048843605158,0.104389891532044,0.101275284677278,0.224693488485974,0.222326847374832,0.19463016538694
55_chr2,0,0.256056017369445,-0.484220981480318,-0.484955548662679,0.206637265802895,0.208546625368828,0.571813550155442,0.570991964511474,-0.372316095625859,-0.374474454539342,-0.372437552358514,-0.366629563153218,-0.366281081406265,-0.369601538327387,-0.373750333310206,-0.21472315630156,-0.217363296963555,-0.307948613221109
56_chr2,0,0.222816375922094,-0.457650828483946,-0.45814428793839,0.269520600156415,0.271188284856953,0.546072352185773,0.545328696715758,-0.22728209630198,-0.229105460575585,-0.227438504626363,-0.222059707839446,-0.221900269553185,-0.225018946274169,-0.22885228070052,-0.0806869828763337,-0.0832436974012789,-0.154645962699259
57_chr2,0,0.0143316234982946,-0.826023712551862,-0.825143059857853,0.344381919081537,0.34447893918663,-0.0733473978232657,-0.0735795326871993,0.183891306892124,0.183035915887703,0.184094178511788,0.187198805514365,0.187010316667585,0.184708200284593,0.182785766056358,0.273920503304398,0.272678063282606,0.361011541148159
58_chr2,0,-0.0962225534648706,-1.07362312364178,-1.07202730912721,0.3528653674887,0.352124147461011,-0.446543575941668,-0.446502244246622,0.353232813741204,0.352780027719581,0.353682709783957,0.35562221229758,0.355331060396049,0.353418083609182,0.35250233622592,0.414479155986336,0.414010907401502,0.590898337914457
60_chr2,0,0.00606664306847449,-1.10632904338384,-1.10546252754068,0.188654320779305,0.188661841365261,-0.325336349650453,-0.325536918613312,-0.0473736787170696,-0.0487534463424466,-0.046869270946813,-0.0436473136751996,-0.0434335379905719,-0.0459262834875891,-0.047806595863253,0.0465782224143649,0.0457807127610872,0.160021374510798
61_chr2,0,0.141386241863414,-0.74714115332228,-0.74713551141316,0.211791170733031,0.212830459439127,0.179500083567725,0.178962404103891,-0.202357282062354,-0.204110975035991,-0.202215919047265,-0.197611662298508,-0.197360108275383,-0.20028206159457,-0.203387466374417,-0.0744770773403842,-0.0763051821745124,-0.0745903014781963
62_chr2,0,0.210724414452382,-0.447985102492727,-0.448390851453644,0.292396384099335,0.293976151992312,0.536708184569029,0.535992878642503,-0.174521432971713,-0.176222932444689,-0.174690556033141,-0.169467891441403,-0.169377223639517,-0.172422496487921,-0.176141072248777,-0.0319271234424545,-0.0344534890950641,-0.0988773183156857
63_chr2,0,0.081896980230467,-0.699588330415565,-0.699151176008621,0.324333995108375,0.324940756306004,0.1334308483388,0.133032641152811,0.0572112678907772,0.0560571175989977,0.0572900777526346,0.0611262052750794,0.0610394266506975,0.0584786010271068,0.0559377786182331,0.165408572503405,0.1637297761178,0.199776722015835
64_chr2,0,-0.0317649566216437,-1.16853516932604,-1.16741810953957,0.205009213192137,0.204732196762944,-0.433765498548082,-0.433873444153086,0.0315598631909273,0.0303655685320505,0.0321244501338298,0.0349301146592218,0.0350734918446149,0.0327328124501491,0.0311998387906303,0.115139690866137,0.114573811017558,0.25745834252629
65_chr2,0,0.0533580574383075,-1.13725457733175,-1.1367293196432,0.103294965476927,0.103647031762457,-0.282826831447542,-0.283138567043928,-0.247312048916355,-0.249153862134335,-0.246765349820171,-0.242938132879485,-0.242466165675307,-0.245240220508188,-0.247568481210569,-0.137872652548861,-0.138799023247784,-0.0523575185181073
66_chr2,0,0.0702711757057578,-0.99473641432133,-0.994293545112777,0.164494806620337,0.164985836130161,-0.136165290904965,-0.136523308071435,-0.175722180425851,-0.177403962877459,-0.175326414649564,-0.171402663540416,-0.171078842927437,-0.173824607941399,-0.176293631446601,-0.0643074138343343,-0.0655069285323942,-0.00032180929215464
67_chr2,0,0.11244891437583,-0.904453903633642,-0.904284956482856,0.158761914188093,0.159572313921641,0.00263587091104567,0.00217370054694066,-0.244222309234963,-0.246066542630341,-0.243916266962943,-0.239544743100986,-0.239175210518729,-0.242072944836456,-0.244926560444263,-0.121729559194178,-0.123218257785536,-0.0915096082563611
68_chr2,0,-0.351996080204559,-0.561768883315341,-0.558238406084736,1.02034327650312,1.0177739160408,-0.381491064275418,-0.38086313195195,1.75566359135009,1.75843960195378,1.75551215952821,1.75390904929387,1.75168188555428,1.75157957180706,1.75313015146564,1.72515077199806,1.72486999447715,2.02672097827814
69_chr2,0,0.140310904073132,-0.746281580584233,-0.746268138583414,0.213825513549768,0.214856983816663,0.178667328407361,0.178132170067625,-0.197665277769953,-0.19940813331033,-0.197525045476069,-0.192934673558998,-0.192689235293097,-0.195604660807979,-0.19869986010296,-0.0701408644249306,-0.0719662703347037,-0.0696307975161044
70_chr2,0,0.181656104293625,-0.420893787235061,-0.421087690127512,0.349691102148469,0.351059918777214,0.517497534736072,0.516850215526413,-0.0440957920998168,-0.0454961704039154,-0.0442996494109873,-0.039455327495217,-0.0395360168723808,-0.0424015955678527,-0.0458438107330443,0.0887913773362321,0.0863322682343704,0.0384001140954702
72_chr2,0,0.103125324139295,-1.12315052185138,-1.12297234239045,0.0413285380080222,0.0420479693524507,-0.19816190563183,-0.198592609524037,-0.414253396124825,-0.416482643789093,-0.413712630988485,-0.409284894864161,-0.408614265209499,-0.411645205209389,-0.414438961010154,-0.289598086983153,-0.290729032944758,-0.236978751448621
73_chr2,0,0.0331086363525566,-1.12106817480425,-1.12039603550998,0.141603174024163,0.141808013206688,-0.298508238774547,-0.298772499703971,-0.158958071671701,-0.160595807853077,-0.158432664908037,-0.154866909813151,-0.154510106927008,-0.157161238284743,-0.159297322015119,-0.0562184950962568,-0.0570940430153564,0.0410336791244896
74_chr2,0,0.220280522454891,-0.810205404757556,-0.810772031979834,0.0625375925055922,0.0641504964437456,0.240596810456205,0.23987416374415,-0.54659544287663,-0.549144245543524,-0.546371122267389,-0.540748177421862,-0.540047928792467,-0.543448807365788,-0.547302957696845,-0.392611901158116,-0.39463801790749,-0.438454103825309
75_chr2,0,0.0229290499754372,-0.381447415320591,-0.380512549699481,0.59775315980548,0.597958960977548,0.31973773153895,0.319466261448962,0.56701122472097,0.567025344594851,0.566735002576968,0.569598105911653,0.568751598409666,0.566776186525546,0.564829302174666,0.649409921488457,0.64747845648649,0.697591158288828
76_chr2,0,-0.00996726322798858,-1.28455335877144,-1.2836198706634,0.104884775748284,0.10475613785913,-0.501278888859552,-0.501433750535535,-0.155413835120278,-0.157036630598411,-0.154719721763354,-0.151555612259246,-0.151133878578483,-0.153689628975577,-0.155441953373999,-0.0623342117146346,-0.0628090331436795,0.0747593726355627
77_chr2,0,0.170306211005196,-1.32274088139017,-1.32308767881864,-0.172900455908006,-0.171707526829848,-0.271013193167929,-0.271595204597148,-0.843313569542731,-0.846528867163301,-0.842544419104454,-0.837135314756925,-0.835854162846165,-0.839415365213583,-0.842865167130835,-0.693045365527901,-0.694129233926087,-0.668402022127089
78_chr2,0,-0.0070635183491472,-1.06851674632579,-1.06754793542664,0.229809580905493,0.229724436126962,-0.312122209873866,-0.312293155715723,0.0353690030127196,0.0341794194064904,0.0358300679003478,0.0388611561970964,0.0389574821870702,0.0365673694557862,0.0348151264785148,0.124342760075217,0.123537818501957,0.243343603453467
79_chr2,0,-0.358894476153092,-1.26137249250358,-1.25797405608265,0.612249199072538,0.609557410447391,-0.990394031488629,-0.989719970843081,1.12877650230197,1.13012861380412,1.12938023346811,1.12823867400687,1.12707640746707,1.12642417410504,1.12795097018965,1.11234228654501,1.11312130835946,1.47090082745642
80_chr2,0,0.239254201559355,-0.466934905310127,-0.46754660291273,0.240726015559783,0.242513609642121,0.562102228404077,0.561319870742021,-0.295412654621519,-0.297393516138162,-0.295555947344977,-0.289967915040553,-0.289721027369283,-0.292936253506416,-0.296925102961986,-0.143468304715413,-0.146071975748363,-0.227244778309209
81_chr2,0,0.0323664545620845,-0.958284853107545,-0.95756544875903,0.239878236399292,0.240094303328867,-0.160252931996592,-0.160522343100161,-0.00460070130890289,-0.00588744310160339,-0.00425144479113726,-0.000821926271613371,-0.000723314655142193,-0.00323381664580635,-0.00534232693457382,0.0941299738137173,0.0930164978433159,0.179623692379264
82_chr2,0,0.10971349560633,-0.930837066214246,-0.930655654795843,0.146873035377767,0.14766061845415,-0.0239373399290009,-0.0243918834082754,-0.258906463866947,-0.260783639228637,-0.258572406559343,-0.254213892636419,-0.253815180396454,-0.256720287632297,-0.259551559081908,-0.136655856496957,-0.138095450559545,-0.102703367506085
83_chr2,0,0.14336512819633,-1.24391233983245,-1.24404892235248,-0.0877134589935102,-0.0867105376153916,-0.242835406066473,-0.243356688209079,-0.672379631619252,-0.675202067038334,-0.671700758685969,-0.666684259316211,-0.665646043373283,-0.668995615358057,-0.672182481060291,-0.5323546708422,-0.533455626850942,-0.496401243912162
84_chr2,0,-0.0345901554633632,-1.48391188260864,-1.48285635125444,0.0206406140903552,0.0203105000554824,-0.707839899494688,-0.707927727550442,-0.252066373344772,-0.25390493838937,-0.251161310618418,-0.248144085492039,-0.247519397478941,-0.250109513491256,-0.251655880384209,-0.162051132894337,-0.162140312628927,0.00577545883454622
85_chr2,0,0.19354848484157,-0.434255499592617,-0.43453666088703,0.324890107783449,0.326344994952808,0.523406927841416,0.522731890796385,-0.0995779722395249,-0.101106369834622,-0.0997651558471309,-0.0947642679788046,-0.0947712846594473,-0.0977122915662374,-0.101267859301827,0.0373334275084587,0.0348501706679563,-0.0196611950405616
86_chr2,0,0.078667886510289,-1.18518866190754,-1.18485414561872,0.038867479520645,0.0394007261031248,-0.286939247986827,-0.287309145478204,-0.383557689395276,-0.385713252790525,-0.382954423139517,-0.378778771171508,-0.378119480620794,-0.381070428435285,-0.383642398429812,-0.265101370794557,-0.266050307959121,-0.192174545017396
87_chr2,0,-0.0227423479930726,-0.957858112670016,-0.95675023496624,0.318078464415186,0.317889381396812,-0.24027126007137,-0.240409615587693,0.195207901821643,0.194384159976225,0.195546380799705,0.198298397083271,0.198151899838044,0.195939320588855,0.194348298028437,0.276717248715395,0.275806583920212,0.397431725180206
88_chr2,0,0.0221208018995243,-1.05839944585925,-1.0576336903759,0.194574308249522,0.194704781465758,-0.26089283029343,-0.261133619486373,-0.0608076514599047,-0.0622205220642949,-0.0603520628437129,-0.0569702623939605,-0.0567603289005412,-0.0592995334906039,-0.0613245165083449,0.0370461160945159,0.0361184784142203,0.136617575794628
89_chr2,0,-0.18572503655951,-1.66233134733717,-1.66025680952369,0.127840005305103,0.126380367635667,-1.08101243618522,-1.08073321729726,0.128574003743406,0.127624840801368,0.129643692764635,0.130943121273883,0.131176818900173,0.129253023202922,0.129103124718446,0.175527137517098,0.17625967925816,0.45344225038239
91_chr2,0,0.0914824638165545,-1.58468820380411,-1.58454715532228,-0.217865769426451,-0.217279249527632,-0.610207671524381,-0.610591076208623,-0.802157029658403,-0.805266175547294,-0.801119401160419,-0.79647431815098,-0.795132618665757,-0.798488054556461,-0.801230912653943,-0.670428802633677,-0.670834404301726,-0.57567686291977
92_chr2,0,0.0316972922511157,-0.731010684980432,-0.730227877003561,0.376568362881155,0.376802804528438,0.0333112080006195,0.0330337333264252,0.209581171874734,0.208781402218864,0.209684560356401,0.212928378945773,0.21266813821163,0.21035199762991,0.2082785383335,0.30282935227872,0.301382331838514,0.371671394491174
93_chr2,0,0.0785559389174527,-0.691942875813895,-0.691480202147398,0.333625919288412,0.334208898735316,0.135101780904993,0.134711195432996,0.076424391649788,0.0753144494086553,0.0764943093491324,0.080283412338483,0.0801698423201382,0.0776334736574578,0.0751249890761532,0.183400832076672,0.181723066161308,0.219331670455811
94_chr2,0,0.158154252501402,-0.755569896987651,-0.755684599240344,0.183040439147059,0.184202152626082,0.196743719830887,0.196166516508822,-0.270885665132919,-0.272797812429006,-0.270732049546429,-0.265915167940388,-0.265576039313083,-0.26859560704008,-0.27185951879219,-0.137572948004339,-0.139450492844169,-0.147779162217178
95_chr2,0,-0.00882469889525927,-1.04029147089123,-1.03930296011198,0.24915864137968,0.249063440314744,-0.290531098297028,-0.290699054329292,0.0680404559839807,0.0669254205981122,0.0684706722872983,0.0714580784634409,0.0715023951483245,0.0691454811598788,0.0674133471678111,0.15580924740513,0.154969077665776,0.273815569555659
96_chr2,0,0.15453665063557,-0.39921581474508,-0.399213003426152,0.400996158328616,0.402167798031648,0.496495887454558,0.495912149669037,0.0742340890974975,0.0731070251619141,0.074001715592082,0.078495869353389,0.0782609437947159,0.0755599928914967,0.072375154688558,0.198148387082142,0.195757343433427,0.163476196311022
97_chr2,0,0.31003877200735,-0.527372170465511,-0.528498308036441,0.104511747553963,0.106813598566635,0.613618476850676,0.61267032890711,-0.607858191110133,-0.610560597211315,-0.607922884799676,-0.601417866745543,-0.600762369449985,-0.604410526988819,-0.60907164488116,-0.432404260776719,-0.435179889443116,-0.556919390525355
98_chr2,0,0.0475205867191054,-1.16029102508476,-1.1597305781193,0.0977924853779029,0.0980992698459715,-0.311060110163257,-0.311356982965281,-0.247653171170843,-0.249494826893735,-0.247082656402715,-0.243309180401151,-0.242827033558592,-0.245588902667298,-0.247865269457435,-0.139502396354618,-0.140373158822105,-0.0485218638610658
99_chr2,0,0.157520745084782,-0.401601154737293,-0.401619988905536,0.395350796320439,0.396544132425506,0.498806807868637,0.498216073888531,0.0612136372067949,0.0600564990705932,0.0609844014864556,0.0655170860699244,0.0652991319200011,0.0625800661650877,0.0593669074371817,0.186115266876997,0.183716733632679,0.149713424856452
100_chr2,0,0.00379834272021229,-0.869445395642551,-0.868501725304479,0.333345690544419,0.333360812943396,-0.125879327340899,-0.126084564632484,0.181548209209957,0.180689175391274,0.181796059233796,0.184805162599549,0.184637945498104,0.182356261198946,0.180527230974097,0.269295205974295,0.268155848110421,0.366387486508494
101_chr2,0,-0.249234580256915,-0.626701472131165,-0.623911943728053,0.836216238664464,0.834395788358808,-0.287180029116649,-0.286793751737921,1.32332118301442,1.32509799638144,1.32325919678457,1.32296951056305,1.32129983247527,1.32058815235792,1.32116565321742,1.3264091951196,1.3258450586552,1.567123087286
102_chr2,0,0.0838229739570571,-0.904381855580511,-0.904011156886487,0.199293195382216,0.199893127044348,-0.0390572449255938,-0.0394513328865138,-0.140572322937802,-0.142176370649373,-0.140271717216783,-0.136252001032978,-0.136009554507577,-0.138752660199273,-0.141337488816498,-0.0270216179705645,-0.028404746294489,0.0215047906015693
103_chr2,0,-0.386761845473651,-0.848523656877121,-0.844822225379044,0.898246080090575,0.895391709053786,-0.677655516536161,-0.676932713443561,1.6142823886048,1.61674257614474,1.61443450563801,1.61262812420138,1.61069577715367,1.61054051456216,1.61238122383583,1.57956527143067,1.57983679096234,1.92492469051409
104_chr2,0,-0.435978935164504,-0.640245369334717,-0.636143312109921,1.09225628011112,1.08906138266805,-0.571164994556821,-0.570333979064467,1.98643552350193,1.98974953250444,1.98635322405514,1.98377942657386,1.98130263324136,1.98158792765698,1.98391711506492,1.93151432580492,1.931659607109,2.29270548414772
105_chr2,0,0.136432984190505,-0.743181760005474,-0.743140189047445,0.221161830127119,0.222165105271418,0.175664218293573,0.175138151717703,-0.180744811569203,-0.182448584787448,-0.180608656920762,-0.176068356958148,-0.175844973544915,-0.178736858268863,-0.181795254195611,-0.054503465244792,-0.0563191382013346,-0.0517456648662913
106_chr2,0,0.0866000419911903,-0.698372940642552,-0.697968615842974,0.318407944571049,0.319049410134015,0.14133123587783,0.140921791046209,0.0413256845351047,0.040134672484101,0.041404060635148,0.0452970296080526,0.0452292087319068,0.0426440085939919,0.0400591815155531,0.150963635172799,0.149265679856579,0.182231922426694
107_chr2,0,0.0688451593175327,-1.64088220497176,-1.64059613741411,-0.219410687093768,-0.218996370218899,-0.691327688591906,-0.69165486424985,-0.772602247730671,-0.775640593715311,-0.771508096433927,-0.767097295709499,-0.765768013168429,-0.769048379925971,-0.771585802271876,-0.646640155510055,-0.646879107965185,-0.533184244844081
108_chr2,0,0.0807400533969468,-1.44588418144097,-1.4456315862777,-0.119768558637127,-0.11924679659483,-0.50706464019775,-0.507428391281714,-0.633956350788082,-0.636681436338973,-0.633070816644777,-0.628666126248532,-0.627589426333028,-0.630770361296237,-0.633394785953982,-0.508803870388328,-0.509375030490842,-0.417611236645182
109_chr2,0,0.0672891112753803,-0.3294743744522,-0.328838702637025,0.566052577417813,0.566589867999954,0.428930291520126,0.428551105156439,0.45491989115762,0.454672122447724,0.454595776579129,0.457963384421613,0.457232256856562,0.455060939402654,0.452704123287759,0.549967053210939,0.54779498680924,0.565865585998383
110_chr2,0,0.0147210305444656,-1.12709797212457,-1.12629780860415,0.164009016046962,0.164078040250379,-0.330490371127543,-0.330710641834299,-0.0980407956277762,-0.0995371197567758,-0.097512311155076,-0.0941677916600536,-0.0938831069063499,-0.0964400135795467,-0.0984042135943004,-0.000904073447923981,-0.00170282608051009,0.108563702442268
111_chr2,0,0.144339842590252,-0.391064982243837,-0.39098820715416,0.420286657916825,0.421384159870335,0.488599350574972,0.488039519155168,0.118725659606544,0.117701360799894,0.118482564124109,0.122845056034862,0.122552138277809,0.119913086777789,0.116825021301634,0.23926619317252,0.236900741866815,0.21050431190263
112_chr2,0,0.0416467613749993,-0.662439474105229,-0.661709075290414,0.403451346129786,0.403765970680969,0.106518847857331,0.1062147957684,0.237469619505688,0.236731654100065,0.237500727084095,0.240813256365666,0.240489773172868,0.238177460514018,0.236019262192713,0.332234113864583,0.330648984029814,0.389558378671116
113_chr2,0,0.0149181575629759,-1.73709817823965,-1.73645692129986,-0.20060362174091,-0.200595671031177,-0.852345606643874,-0.852540431962543,-0.667115901738764,-0.669905844257876,-0.66592781072363,-0.662104522583844,-0.660863775956293,-0.663933712159239,-0.665976975960521,-0.555763614086578,-0.555661236188036,-0.400580202644704
114_chr2,0,0.130188154386803,-0.733215158089718,-0.733127004893872,0.23594719210013,0.236905572970763,0.175086420393788,0.174574783449577,-0.148861633632198,-0.150491933935996,-0.148737424489368,-0.144281642966235,-0.144101565632488,-0.146951366038632,-0.149949865755914,-0.0248019127676153,-0.0266092672133116,-0.0187983194932033
115_chr2,0,-0.0142451454794967,-1.62279087009158,-1.62191457628724,-0.0910831935696617,-0.0912779532351555,-0.7970404149304,-0.797170732736862,-0.455083870138414,-0.45738717362813,-0.454024834436734,-0.450649162802464,-0.449716764536927,-0.452533294432638,-0.454288266052578,-0.355492086697587,-0.355451046546217,-0.190243290644438
116_chr2,0,-0.0125721322417072,-1.37129495782459,-1.37036551152555,0.0567610642249992,0.0566043830313907,-0.579326774773167,-0.579471755902279,-0.226808773993006,-0.22859344380344,-0.226021357918179,-0.222821520549063,-0.222275514038472,-0.224890000307484,-0.226628846399242,-0.132530007243326,-0.132866968815155,0.0127485615208252
117_chr2,0,0.216614310570184,-0.460437002290269,-0.460887473964091,0.276628647055819,0.278250444798141,0.534640919840941,0.53391213405728,-0.207435937026908,-0.209213197038469,-0.207590493768203,-0.202285731353018,-0.202149440135942,-0.205236966685783,-0.209012420658407,-0.0627131868927622,-0.0652428863646253,-0.132495354306676
119_chr2,0,0.116717316991268,-0.7174899177865,-0.717302772153621,0.2643924008003,0.265253347601651,0.168897748013966,0.16841748278287,-0.0854656190656109,-0.0869496585712279,-0.0853609346978179,-0.0810829606448991,-0.080987258414388,-0.0837511239217572,-0.0866211512738744,0.0340220507006506,0.0322411767234243,0.047461114315615
120_chr2,0,0.142349808506015,-0.752903766894157,-0.752906403490659,0.20698648476822,0.208032267558972,0.175972942406367,0.175433215953619,-0.211213203843263,-0.212987181551231,-0.21106542956152,-0.20644483264657,-0.206179981061801,-0.209111973725134,-0.212227155155186,-0.0828983492163644,-0.0847214914270928,-0.0831948996552225
121_chr2,0,0.046818937951596,-1.25353099503363,-1.25298968030764,0.0430956064844943,0.0433876752293219,-0.391894313264255,-0.392185556173884,-0.331989699588131,-0.334022951839309,-0.331318499390537,-0.327480834480642,-0.326855797210401,-0.32969213278473,-0.331973713749817,-0.221894589572596,-0.222624910641678,-0.123458198284976
122_chr2,0,0.0213008594502201,-0.955591924834244,-0.95479384356041,0.257137706375202,0.257272688284207,-0.174088522037519,-0.174331728541233,0.037949222316124,0.0367609708637806,0.0382934956446572,0.0415849388362899,0.0416302510883781,0.0391817588422501,0.0371774877394122,0.133161437107152,0.132084830001876,0.225531387432547
123_chr2,0,-0.124306165668203,-1.33273255525679,-1.331005738271,0.237828687435325,0.236854421668439,-0.709297584668926,-0.709178449833345,0.213430546069243,0.212664458216902,0.214155349996796,0.215952102517328,0.215942117364743,0.213963313260601,0.213278453981366,0.271918079446849,0.271936587370774,0.485774376538672
124_chr2,0,0.193734429524322,-0.438270557025229,-0.43855406549913,0.322229042677388,0.323684885496629,0.520241378583806,0.519566069847116,-0.103991803363932,-0.105530263927917,-0.104174610837137,-0.0991683027674179,-0.0991682075711209,-0.102113588286498,-0.105671410134503,0.0330708325657665,0.030592825368017,-0.0237410048520696
125_chr2,0,0.036572004444095,-0.673360232994329,-0.672596891329449,0.404106408763622,0.404382601252337,0.0897687738373901,0.0894772557606535,0.245657296444367,0.244938753788083,0.245699262245342,0.248957961618393,0.24862906943539,0.246334992701725,0.244223060520832,0.339090254283846,0.337540004503863,0.40048151491435
126_chr2,0,0.214144207189744,-0.44686319685938,-0.447292756104683,0.2882295415548,0.289834568851062,0.542656731763891,0.541933244358673,-0.185850615205628,-0.187578414018977,-0.186020311170315,-0.180756500750958,-0.180652420884671,-0.183715217589094,-0.187465760840027,-0.042214277491246,-0.0447549264896496,-0.111436408428106
127_chr2,0,0.0510823142956532,-0.889752902131627,-0.889147695655679,0.254338674113925,0.25469937579925,-0.0742919369059613,-0.0746087742075505,-0.00846998469413629,-0.00976851297513415,-0.0081913256002415,-0.00458534559057267,-0.00451103074908321,-0.00706507262573952,-0.00934063728080403,0.0945158098385295,0.0932319201224234,0.162886884811168
128_chr2,0,0.14793830404311,-1.28311515652152,-1.28329409031277,-0.117596316093918,-0.116563788076406,-0.26972130612687,-0.270251799926911,-0.72545449694061,-0.728398309772948,-0.724732379439065,-0.719629072245245,-0.718509184590176,-0.721916352226922,-0.725151119134602,-0.583091621195995,-0.584151500116883,-0.547117526275005
129_chr2,0,0.1060827717698,-0.364339661844047,-0.363986380093016,0.490359271711492,0.491178223488265,0.455672375430409,0.455202401314392,0.282059783709389,0.281412880130963,0.281780629618336,0.285652154494646,0.285147694990586,0.282737645949776,0.280012170878129,0.390031861533926,0.387768129521255,0.383734421152354
130_chr2,0,0.0695206361827095,-1.2494979469,-1.24911557431496,0.0133953593664611,0.0138547582817647,-0.355328656803513,-0.355674065976787,-0.4103779543867,-0.412593022110776,-0.409706865311599,-0.4055933946057,-0.404873976941283,-0.407829507347891,-0.41032373113157,-0.293286293635058,-0.294106383979856,-0.209675151111964
131_chr2,0,0.139863662590615,-1.39650095918469,-1.39665226836731,-0.173897374982507,-0.172935838326213,-0.378554269401558,-0.379060741147611,-0.801882564581425,-0.804998818598114,-0.801039358931618,-0.795946729308537,-0.794685108907594,-0.798143840051567,-0.801317143838281,-0.659410616817428,-0.660273051153846,-0.60975022962438
132_chr2,0,-0.14056940611284,-0.765823256342677,-0.763835438698441,0.599428242853529,0.598392506001412,-0.247761525036827,-0.247627792484762,0.800491285573242,0.801062267558434,0.80060006798579,0.801754283275896,0.800784448603488,0.799369258720933,0.798908858589793,0.840745379993265,0.839985775756119,1.02240175189215
133_chr2,0,-0.289799846349196,-0.599989346259646,-0.596907048271583,0.909545660522946,0.907429687422048,-0.323485111868806,-0.323003486690971,1.49499520903005,1.49716874426604,1.49489674637446,1.49408774065235,1.4921963032463,1.4917260778074,1.49268783976561,1.48479418248465,1.48434030585653,1.74945004817731
134_chr2,0,0.340211760877235,-0.901097816094297,-0.902533094330465,-0.161379135561637,-0.158893739819059,0.337731352696597,0.336727316452173,-1.06525429839601,-1.06900125156845,-1.06490924874385,-1.0577416287152,-1.05636708634907,-1.06049182846656,-1.06548355557409,-0.871705167952587,-0.874039647764738,-0.987436191178392
135_chr2,0,-0.00510420177769411,-1.09052269021608,-1.08957336951498,0.213894888739184,0.213821894524315,-0.328100743039423,-0.328275414160021,0.00777539771077063,0.00652277687332648,0.00826062355012436,0.0113329719866915,0.0114724474033294,0.00905328588010601,0.00727986079031462,0.0978716928743038,0.0970920530135371,0.217272925826612
136_chr2,0,-0.0104536483062768,-1.12095708979275,-1.11997792935953,0.203283589454903,0.203168143411241,-0.361954608470547,-0.362115263257137,-0.00122460840354188,-0.00249683258696365,-0.0007074764169821,0.00232290487795028,0.00248630892269919,7.04889928857533e-05,-0.0016565608173007,0.0879071402250324,0.0871922445277304,0.213017543749177
137_chr2,0,-0.155562080416132,-0.89666168212059,-0.894601993761515,0.542488082128756,0.541328699465531,-0.381624317759118,-0.381449367506101,0.732834780326777,0.733254365712353,0.733082226709408,0.734154385315272,0.733322926482339,0.731878879832605,0.731542689261134,0.771442284095263,0.770931466287856,0.972521950517147
138_chr2,0,0.0457938580446642,-0.312292114290324,-0.31150052407646,0.606717672980341,0.607098678410027,0.412284096052091,0.411955305202629,0.548709788003174,0.548678652033632,0.548363071095588,0.551453130826358,0.55059975353531,0.548558922341483,0.546406106758794,0.636644928314222,0.634526811530024,0.665002614871772
139_chr2,0,0.304780681038984,-0.887753206617947,-0.888935348773156,-0.103295450956965,-0.101069198449812,0.297472958984734,0.296552627000489,-0.924613360100919,-0.928034954448371,-0.924289371999037,-0.91756754470024,-0.916371056518017,-0.920293285604881,-0.924950650127525,-0.742439603586742,-0.744663013871388,-0.836508393056829
140_chr2,0,0.179832254129569,-0.423291411754045,-0.423473080723074,0.350838712653298,0.352193873469824,0.512784905617906,0.512142026207519,-0.0397301607352576,-0.0411203238739115,-0.0399317670043309,-0.0351079840015807,-0.0351930088558539,-0.038050751814608,-0.0414761457701971,0.0926430216677749,0.0901941903533419,0.0435986486809625
141_chr2,0,0.0609814592383752,-0.403682311481724,-0.403021350689121,0.53065200563392,0.531135312438349,0.356209855282875,0.355848823903267,0.408601577114531,0.408249528488279,0.408356519945283,0.411704568910997,0.411061663890829,0.408862123388507,0.406555138655306,0.503400617775757,0.501361550125304,0.528910877660676
142_chr2,0,-0.124945045694816,-0.790188010047299,-0.788316592102951,0.562777004318261,0.561853650036401,-0.245826826449936,-0.245729220638163,0.721252972963018,0.721641338238021,0.721391024852344,0.722756256348716,0.72189387739408,0.720373873455631,0.719763687284416,0.766952165703895,0.766170904094917,0.940444731833978
143_chr2,0,0.0337602203946249,-0.977934930023128,-0.977230421975244,0.22617053845389,0.226394839139664,-0.175039842120925,-0.175311733449961,-0.0279528071104749,-0.0292928542326436,-0.027582042817444,-0.0241200532495611,-0.0239844897700423,-0.0265190095661039,-0.0286430936332849,0.0716691110777505,0.0705795415871044,0.157747954961732
144_chr2,0,-0.0466673243171792,-0.870757656565077,-0.869458683064494,0.403940062763299,0.403583996150422,-0.200613552882289,-0.200698704190993,0.362935346451595,0.362496695984271,0.363175168424911,0.365565181710709,0.365176173910725,0.36316588183397,0.361810523371723,0.434951496550557,0.434000380093929,0.564425030810975
145_chr2,0,0.103190738443203,-1.43908015021959,-1.43898401271781,-0.14745875464317,-0.146771224017057,-0.468493237790454,-0.468910675832802,-0.708854478595356,-0.711753405959356,-0.707972098719984,-0.703296850789493,-0.70213122290274,-0.705427671682014,-0.708262031570542,-0.576848139060476,-0.577512238562949,-0.500528422576827
146_chr2,0,0.0232567655819794,-1.14089570636837,-1.14015925886469,0.1436952060699,0.143825576008451,-0.329850319569717,-0.330090305963837,-0.141783225973913,-0.14338034686821,-0.141238224693092,-0.137778044732626,-0.13743389326299,-0.140048469607034,-0.142094560792963,-0.0416604944482528,-0.0424703586394823,0.0633839188171619
147_chr2,0,0.133223951863353,-0.740616615611911,-0.74055176755282,0.227232733542222,0.228212676832688,0.173179103147096,0.172660560131547,-0.166742891810122,-0.16841432386637,-0.166610111469672,-0.162111246741771,-0.161906114024099,-0.164778518418025,-0.167806459048639,-0.0415633011876513,-0.0433709199908079,-0.0369454702811045
148_chr2,0,0.142774557882441,-0.748250905636885,-0.748255334044604,0.209164730235739,0.210214112946235,0.180575213019612,0.180034278655781,-0.208414899286768,-0.210182583940357,-0.208272076452843,-0.203649893677098,-0.203390443898984,-0.206320824946991,-0.209439405529127,-0.0800753497221729,-0.0819069390055138,-0.080993274440941
149_chr2,0,0.15951953347959,-0.964890004291992,-0.965068379675873,0.0560891217340063,0.0572394190149255,0.019563126397564,0.0189915682295553,-0.470857918226192,-0.473224848465765,-0.470477717325187,-0.46548060222762,-0.464807647461111,-0.468010266741556,-0.471313492963266,-0.332261889467649,-0.333835003942866,-0.327610985167847
150_chr2,0,0.253849227888966,-0.482456981281339,-0.483175541251394,0.210812108692479,0.212705423393683,0.570104584522212,0.569288172685199,-0.362687246153259,-0.364823364674996,-0.362811023332272,-0.357031528336683,-0.356695597240166,-0.360002657915009,-0.364130509379571,-0.205824455694728,-0.208459057671177,-0.297770805586299
151_chr2,0,0.156492271361156,-1.39427483482158,-1.39454275441741,-0.196087122372164,-0.195003093824108,-0.352393706498535,-0.35293982318587,-0.859978952109185,-0.863229924792686,-0.859135040680283,-0.85383981948771,-0.852507927064881,-0.856054577414454,-0.859383730608867,-0.712365257315105,-0.713292369785011,-0.673509402710756
152_chr2,0,-0.061534877071199,-1.25909631107321,-1.25779284164666,0.193026191796865,0.192521006468375,-0.554706687737229,-0.554739979724538,0.0549027372958393,0.0537662619071626,0.0555596717041689,0.0580702465344252,0.0582233841793336,0.0559674431860775,0.0547025254904709,0.131286221615933,0.130964132353989,0.29945424634556
153_chr2,0,0.0374390016452493,-1.16628145670752,-1.16565150960133,0.108473885081473,0.108705929559694,-0.330893097440097,-0.33116573717466,-0.216754520863986,-0.21852432847094,-0.216179416101435,-0.212525143258612,-0.212078334000007,-0.214790794438004,-0.21697326034546,-0.111613400785819,-0.112438089040606,-0.013733545226513
154_chr2,0,0.0353044930941712,-1.32860244782371,-1.32799937375297,0.014543720719435,0.014743433647634,-0.47294870247418,-0.473209369601704,-0.360271826143468,-0.362367527425783,-0.359521609538791,-0.355766809507352,-0.355075292782945,-0.357912461630202,-0.360095432316531,-0.252030972042682,-0.252607796064178,-0.14058720059885
155_chr2,0,0.171699159077289,-0.776364210541182,-0.776579736173905,0.15146287065357,0.152722043241559,0.198701450008743,0.198092914149641,-0.339272758807253,-0.341342524156038,-0.339094123587366,-0.334094565943567,-0.333662796108196,-0.336772953083006,-0.340166674294477,-0.201247238428059,-0.203144042773409,-0.218555361975425
156_chr2,0,-0.104987602120541,-1.16228158920096,-1.16064689941505,0.312309669874136,0.311494916654144,-0.535217696008843,-0.535151750634001,0.302342439546072,0.301775373407317,0.302886557782255,0.304787589636597,0.304596388052541,0.302656328997657,0.301811657132409,0.362908472699283,0.362603659165315,0.551597328610604
157_chr2,0,0.0411537086390268,-1.00893351320551,-1.00828911321589,0.197198788278128,0.197474273173649,-0.190789347161653,-0.191077506664764,-0.083588746723942,-0.085056443664814,-0.0831830808332894,-0.0796060344989544,-0.079389136378158,-0.081989594633674,-0.0841870222184422,0.0190615534368099,0.0179905198486607,0.102740374339068
158_chr2,0,-0.0390200794137688,-0.957554975314297,-0.956332306783814,0.341282582326145,0.340973846521806,-0.263755045268479,-0.263854697837925,0.254391256184855,0.253704647757738,0.254726360273573,0.257278121428852,0.257058947991625,0.254934516132465,0.253496368633126,0.33080975393521,0.329958732557888,0.461914233553244
159_chr2,0,0.129418325674745,-0.981638320175474,-0.98160889094165,0.0886607354410787,0.0895879935521067,-0.038679617088631,-0.0391788694301205,-0.377541894223786,-0.37969189354415,-0.377149218827975,-0.372508904335439,-0.371943240640869,-0.374997382575332,-0.378020099157577,-0.247958374464592,-0.249395604347897,-0.222793234852125
160_chr2,0,0.116945121530251,-0.732596495504358,-0.732414856155379,0.255047515383543,0.255908588771969,0.156299232091639,0.155819066801077,-0.100365336861834,-0.101883281905367,-0.10024427569156,-0.0959517057518275,-0.0958313379741806,-0.0986091122825865,-0.101483190730136,0.0195440021757407,0.0177846216304536,0.0339726051516904
161_chr2,0,-0.499584886784804,-0.443793568280723,-0.439192537931281,1.29955435902104,1.29591192726761,-0.49578569932155,-0.494811745775546,2.39963548580255,2.40389892096793,2.3993288638677,2.39582007733652,2.39275353334069,2.39354715281155,2.3964984228815,2.3202907317881,2.32038037835929,2.70740687773182
162_chr2,0,0.119441599659483,-1.25315807526521,-1.25312845119962,-0.0593984402821646,-0.0585723670019311,-0.285645178075101,-0.28610916644044,-0.594427059584344,-0.597068474631661,-0.593742667972483,-0.589012917509114,-0.588066339065603,-0.591294493782958,-0.594257904335333,-0.461659296763894,-0.462658266207133,-0.4097072869432
163_chr2,0,0.148665222655489,-0.747984827961188,-0.748030700397233,0.200991951573454,0.202084673333227,0.189395295324244,0.18884033898543,-0.229482331994198,-0.231298847267868,-0.229338694153634,-0.224644335519874,-0.224359173751493,-0.227321138620636,-0.230494994809412,-0.0993092004221507,-0.101162929328056,-0.104015350006284
164_chr2,0,0.289855776557296,-0.50738334371107,-0.508362085909991,0.144997072019577,0.147152574066438,0.601288726900523,0.600387734097708,-0.516201702712269,-0.518692535325337,-0.516291787714069,-0.510050384572852,-0.509515711100125,-0.513038112510089,-0.517507195816324,-0.347515074977853,-0.350245747799838,-0.46062141024585
165_chr2,0,-0.0150176839400235,-1.11730882164697,-1.11629655543361,0.211917911795981,0.211769282100226,-0.365489055283849,-0.36563900971161,0.0186895757511647,0.0174633486786302,0.019201908639324,0.02217335880847,0.0223108058617068,0.0199226917669599,0.0182389569011616,0.106311245837686,0.105607805133449,0.234067071640077
166_chr2,0,0.0200084195719955,-1.11059649854696,-1.10982933525827,0.166386392977365,0.166495984648508,-0.308653212032701,-0.308886759569077,-0.101798103965552,-0.103303813981433,-0.101286472122691,-0.09788986788132,-0.0976075697193015,-0.100179176622236,-0.102190932847997,-0.00339292743516939,-0.00423559592377787,0.101452440200832
167_chr2,0,0.264047000572891,-0.840215410445495,-0.841098218453204,-0.0172893114953963,-0.015357685510639,0.278748400777218,0.277922932434286,-0.732925810076416,-0.735905162115433,-0.73266084791889,-0.726476672243039,-0.725535300911363,-0.72919768724195,-0.733466573289149,-0.564576914562315,-0.566720233114753,-0.636161053343002
168_chr2,0,-0.00448994826921734,-1.52620919666076,-1.52537670993853,-0.0471956709739372,-0.0473088051670305,-0.700139990058757,-0.700297613163693,-0.40039397227239,-0.402574517039338,-0.399437540471122,-0.396017418572182,-0.395192985518213,-0.397981129691911,-0.399815470735434,-0.299996483652982,-0.300134247940138,-0.14824618664644
169_chr2,0,0.0882485330280736,-0.919461770068158,-0.919126153219644,0.184026972259118,0.184657897704937,-0.0455099479157797,-0.0459139212322255,-0.170636756289638,-0.172309851910046,-0.170319016795153,-0.166233144145095,-0.165947454261515,-0.168727112502478,-0.17135540286494,-0.0553539698180603,-0.0567311407466757,-0.00852530838530408
170_chr2,0,0.101425516130995,-1.73501592370108,-1.7349837643667,-0.321715115895112,-0.321070896649193,-0.72438063052721,-0.72478129802195,-0.978202328194701,-0.981713238584291,-0.977000294849651,-0.972115642821013,-0.970494444664785,-0.974029736969428,-0.976884981736551,-0.839880620361499,-0.840100675373581,-0.740192019213459
171_chr2,0,0.103013131042546,-1.09036247994818,-1.09017504314268,0.0610704828682387,0.0617924499601388,-0.170259926008564,-0.170691755967971,-0.383297484343934,-0.385456346984014,-0.382792192651811,-0.378391439172288,-0.377772649320571,-0.380775464953427,-0.383564017077721,-0.259438004815244,-0.260617012265804,-0.209210933154075
172_chr2,0,0.195815435693389,-0.790649204088177,-0.791038370867878,0.108821071021694,0.110256097091962,0.221650738409355,0.22098544997146,-0.439847318579124,-0.442149558028957,-0.439648723088653,-0.434341673039093,-0.433780564438475,-0.437032928470478,-0.440654893087497,-0.293958411853128,-0.295923125182,-0.325620075464146
173_chr2,0,0.139506925200948,-1.49285956104679,-1.49303323844003,-0.23094475331464,-0.22999571603066,-0.46155483277215,-0.462056362494599,-0.8903729086799,-0.893690256547698,-0.889425580978632,-0.884262088900664,-0.882851164777674,-0.886388842191697,-0.889570993385408,-0.745776541506201,-0.74649519697532,-0.688646567297012
175_chr2,0,0.103590719406412,-1.74672416251246,-1.74671028517614,-0.33177051876105,-0.33111157966742,-0.731244308492726,-0.731649628428894,-0.996946146462473,-1.00050001018988,-0.995731048135035,-0.990810647491426,-0.989161511654097,-0.992718321725113,-0.995595378271281,-0.85767653899954,-0.857887277059891,-0.758493129252061
176_chr2,0,0.0920524543231508,-0.712698507819142,-0.712336306521515,0.302139898056032,0.302819984775088,0.137022036349743,0.136600231793566,0.00824844239936651,0.00698136979980557,0.00834332884863365,0.0123144830457971,0.0122932790209291,0.00966661486751574,0.00702878008287033,0.119921675144086,0.118224771177232,0.148778652847816
177_chr2,0,0.100456228975451,-0.911941075509288,-0.911689546793399,0.171252399838939,0.171973854591251,-0.0212658803614731,-0.0216992086100868,-0.207802922966185,-0.209562453422876,-0.207491030081816,-0.20326102390541,-0.202932962068296,-0.205772224763774,-0.208514185027781,-0.0888819678828132,-0.0903153242949215,-0.0504276919085491
178_chr2,0,-0.0258543717467583,-0.793900982116766,-0.792728835484023,0.42040648689543,0.420211327405054,-0.104467939867907,-0.104605858865978,0.359234221358636,0.358783831504018,0.359394837272827,0.361980580083722,0.361563541851881,0.359505373291736,0.357964323936208,0.435967288209187,0.434825708551732,0.54635107300451
180_chr2,0,-0.0819506393017804,-1.68063347895719,-1.6792949869125,-0.0298687678092677,-0.0305672684211795,-0.945309613080688,-0.945276439238128,-0.263986091351091,-0.26584418267311,-0.262877186838681,-0.260288301492116,-0.259565643135042,-0.26206513809849,-0.26319172337795,-0.184197759952527,-0.183821257474563,0.0287087976444109
181_chr2,0,0.251782803540787,-0.476949660493468,-0.477652235813947,0.217024187469116,0.21890287303336,0.571804535945451,0.5709928050384,-0.350078504558023,-0.35218563141106,-0.350208623415509,-0.34445882098514,-0.344140679528537,-0.347431960150773,-0.351539712205189,-0.193988881798612,-0.196623997601133,-0.285027227440886
182_chr2,0,-0.385530715330632,-0.772770168362816,-0.76905785143936,0.941749943618505,0.938912389073177,-0.611016922765906,-0.610300266045536,1.68041013043251,1.68302043877671,1.68048056860918,1.67863015956832,1.67658465240311,1.67648632112511,1.67832505969591,1.64431978774065,1.64447476420441,1.98319875684275
183_chr2,0,0.224665025920943,-1.04014217891975,-1.0407990801018,-0.0809977663831798,-0.0793761926056067,0.0501728807916211,0.0494495739983417,-0.776702121325564,-0.779774689193132,-0.776228358211976,-0.770371980644576,-0.769292230571977,-0.772909766539352,-0.776834189386734,-0.616013938806418,-0.617716290258711,-0.647381054616269
184_chr2,0,0.0444231083431829,-0.890235947452529,-0.889583936905679,0.263468881967512,0.263780571579418,-0.0844187580737706,-0.0847197362437345,0.0151762538309521,0.0139325409785762,0.0154541886494592,0.0189787185072832,0.019024252162227,0.0165057618109352,0.014292661371591,0.116093472092049,0.114834879956146,0.188760709106997
185_chr2,0,0.0789648766904418,-1.55666109020619,-1.55642459038677,-0.183421308852446,-0.182923953243689,-0.604475847545571,-0.604830670390547,-0.730748195882993,-0.733693019064264,-0.729743215255871,-0.725273832791893,-0.724031543437351,-0.727295866783783,-0.729917645727357,-0.603579747193588,-0.603980575228141,-0.502926616847174
186_chr2,0,0.221557565474106,-0.456644596625235,-0.457128925147041,0.271902039752082,0.273560572042055,0.545097513483037,0.544356809287853,-0.221789548677739,-0.223600226450096,-0.221947280645426,-0.216584737701117,-0.216432458634183,-0.219543493785852,-0.223364881481518,-0.075610931265393,-0.0781644863792144,-0.148840274978869
187_chr2,0,0.0449897516363006,-0.850530329342522,-0.849872059059865,0.286382336703103,0.286702262311034,-0.0496053563505898,-0.0499093690433696,0.0501211835686894,0.0489568148452633,0.0503562923103909,0.0538567790631208,0.0538426518637341,0.0513544262761254,0.0491410313232379,0.150294074105174,0.148974687128229,0.219614940615053
188_chr2,0,0.114176892836389,-0.725391322845774,-0.725188314658429,0.263266292542577,0.264107750722312,0.158428820177599,0.157954932897149,-0.0836351618301201,-0.0851146344547491,-0.0835224095345515,-0.0792694816751252,-0.079172675094489,-0.0819294549144081,-0.0847766295807069,0.0352424282310118,0.0334826144729039,0.0509003820306493
189_chr2,0,0.151621283815667,-0.396885412277651,-0.396861453995658,0.40651150020706,0.4076619432048,0.494238190584266,0.493661287861746,0.0869546628153652,0.0858569804319118,0.0867192237922008,0.0911757341469785,0.0909242280534737,0.088240974793032,0.085083804856033,0.209904368664839,0.207520642116469,0.17692199299455
190_chr2,0,-0.0628059916421855,-1.03755378145742,-1.03618414637323,0.327144387308234,0.326652563302612,-0.366926695158627,-0.366966375507684,0.265922373590056,0.265265778334625,0.266339524678658,0.268661478686791,0.268462069022915,0.266398929241534,0.26517398895345,0.336768355906443,0.336123418341636,0.48910050487031
191_chr2,0,0.00934400669339097,-1.56503715110605,-1.56431218148713,-0.0899529898055167,-0.0899683880140316,-0.713196925969783,-0.71338580298832,-0.486629657225081,-0.489008438569981,-0.485628652603106,-0.482008220493781,-0.481061625599883,-0.483957055159212,-0.485926202298303,-0.381010651140879,-0.381142080059014,-0.235191931634324
192_chr2,0,-0.0490128798982759,-1.47238305804333,-1.47122290972675,0.04792577612695,0.0474907990479931,-0.71900903937633,-0.719063053426422,-0.18913592900605,-0.190829139432856,-0.188246031821624,-0.185415033853852,-0.184872372048651,-0.187374935364959,-0.188784423504775,-0.103892659774699,-0.103945640797962,0.072293681876165
193_chr2,0,0.111208559264561,-1.10990515896383,-1.10978052345153,0.037806725763518,0.0385869476095095,-0.175033766552581,-0.175484258736683,-0.431161312602304,-0.433430286132485,-0.430633356019286,-0.426116637514107,-0.425430894513922,-0.428494363958902,-0.431362339194068,-0.304288805893656,-0.305469174965088,-0.257835669592453
194_chr2,0,0.129805714563334,-0.929687851846349,-0.929647737705654,0.119141187467189,0.120076618640425,0.00635356037479884,0.00585117966865489,-0.330539312134312,-0.332582529956979,-0.330202736254104,-0.325598229466504,-0.325112195700783,-0.328124828031172,-0.331144606116982,-0.202040224894355,-0.203555691343259,-0.181026992568657
195_chr2,0,0.0929080806996584,-0.703415280038917,-0.70305671135506,0.306474286747217,0.307161616054177,0.14621626068931,0.14579202669233,0.0138019194780101,0.012547333962809,0.0138869285013925,0.0178613472815345,0.0178294020471133,0.0152059091582042,0.0125612156878749,0.125526977811723,0.123813190336103,0.153138977632621
196_chr2,0,-0.164426209354381,-1.12238963064393,-1.12032576355998,0.420205257271172,0.418957563773037,-0.58777052628125,-0.587564903656128,0.55458976035392,0.554605586629326,0.555079618315614,0.556219125711575,0.555701812161665,0.55411617762733,0.553834642822551,0.595666470739311,0.595522104904063,0.819380013667422
197_chr2,0,0.0310716390135329,-1.5917748745439,-1.5912099284081,-0.136653935960062,-0.136512319824293,-0.70439097824965,-0.704630397546652,-0.590163627572693,-0.592781228430207,-0.589129645168256,-0.585221347688917,-0.584136509613495,-0.587171699957487,-0.589348239024464,-0.477138305769836,-0.47731041483768,-0.343209295253237
198_chr2,0,0.173406304213298,-0.762804337500817,-0.763028392239297,0.157147184473533,0.158420298878375,0.212798415387097,0.212185243107578,-0.332815776180091,-0.334871136735893,-0.33265148315677,-0.327641537203378,-0.327223428296353,-0.330331422521398,-0.333739456262152,-0.194571718417697,-0.19649487260648,-0.21399092361631
199_chr2,0,0.235790535340859,-0.468021740616134,-0.468609309692791,0.244975858722355,0.246737874411274,0.556119705031545,0.55534563170934,-0.283892039924554,-0.285846159936578,-0.284034805877862,-0.278488485898308,-0.278255259812621,-0.281452695761147,-0.285409161345709,-0.133004234392257,-0.135593511964054,-0.214483341822019
200_chr2,0,0.0203431457212092,-0.942547642657572,-0.941739443814949,0.26628322430883,0.266412501513009,-0.164319943050042,-0.164561425828159,0.0535685897725338,0.052415996372098,0.0538985795432905,0.0571680682667122,0.0571887066946384,0.0547563335977599,0.0527627058928526,0.148179024103478,0.147086667143804,0.240181336613528
201_chr2,0,-0.0566357849914665,-1.63879713914274,-1.6376262429317,-0.0406863271786091,-0.041194409389723,-0.872573777700536,-0.87260259136433,-0.316607189406702,-0.318588941490261,-0.315538782083509,-0.312671501274847,-0.311902067048528,-0.314503138994828,-0.315862117745999,-0.229883333677144,-0.229662137807754,-0.0363145789051442
202_chr2,0,0.0907888820581454,-1.17405188136079,-1.17379990844461,0.0283753090455359,0.0289988180962344,-0.259726378203528,-0.26012557803407,-0.417040877799465,-0.419274490253011,-0.416447384317735,-0.412131487970392,-0.411435872393433,-0.414442921583122,-0.417127289703469,-0.295057373630788,-0.296067522434591,-0.230721221670157
203_chr2,0,-0.0956462252699308,-2.14667874243606,-2.14536407935799,-0.288851956067721,-0.289698923033484,-1.36420791678217,-1.36412236992677,-0.648661840534465,-0.651392164595251,-0.647051583047839,-0.6442670544622,-0.642875373011122,-0.645692063155464,-0.646749047614005,-0.562337102131917,-0.561221013168252,-0.305646075557353
204_chr2,0,0.0561658365303616,-1.16022693465247,-1.15972739600554,0.0856030080833727,0.085973364294953,-0.298394990153376,-0.298712428001511,-0.278876258996342,-0.280790270779345,-0.278304195174557,-0.274424537641463,-0.273904144281706,-0.276712640348842,-0.279070171969767,-0.168026911144571,-0.168929683553353,-0.0825815184851364
205_chr2,0,0.023362967073424,-0.982114023696737,-0.981337323195529,0.238380271076258,0.238527696441607,-0.19378282041977,-0.194029804829047,0.00577578419176295,0.00451406848353297,0.00614912085783059,0.00948661391566263,0.00958260329398364,0.00710071687775216,0.00507372687715701,0.102247430058393,0.101202422132472,0.195291405716091
206_chr2,0,0.10530544526546,-0.980213592914992,-0.980013867311967,0.123616701345419,0.124366812812748,-0.0726319726744455,-0.0730739341804576,-0.288962052565192,-0.290906843990258,-0.288575431495434,-0.284232525153323,-0.283776047518117,-0.286698794185332,-0.289494927083049,-0.166942458231631,-0.168292778335593,-0.126459497416505
207_chr2,0,-0.42682696817289,-0.686365148813685,-0.682339496684518,1.05176594272713,1.04863360903731,-0.597292834257442,-0.596481627014799,1.91034750658853,1.91348709432462,1.91031678788372,1.9078914631746,1.90552748238088,1.90572465226355,1.90796207123117,1.85935475520439,1.85953443675125,2.21815736382067
208_chr2,0,0.0533601478756163,-1.03139923674553,-1.0308466592791,0.166516054549549,0.166878986008248,-0.192214631004216,-0.192530868556802,-0.148689921554387,-0.150307553290575,-0.148257679354444,-0.144513098679028,-0.144206879028189,-0.146892102157638,-0.149206983479558,-0.0417060623269583,-0.0427889431698749,0.0358526672242205
209_chr2,0,0.0649156931508561,-1.30571439507302,-1.30531408699938,-0.0136677602627902,-0.0132479817003415,-0.410165261661337,-0.410497329985295,-0.446094118428782,-0.448389638025153,-0.445363106706293,-0.441262321706666,-0.440475301483908,-0.443453148839214,-0.445911251171065,-0.32913625514307,-0.329856232150898,-0.238354666938711
210_chr2,0,0.0407258153161509,-1.04057302866288,-1.03993378333843,0.178906714856784,0.179175810678463,-0.218496009651403,-0.218781807309069,-0.111520229428085,-0.113051350131364,-0.111080433052227,-0.10748393745597,-0.107219393595166,-0.109844096032871,-0.112041510875762,-0.00826942749714554,-0.0092921038348539,0.0780608357027623
211_chr2,0,0.131773224666983,-1.57223559793507,-1.57237527122468,-0.267415078632475,-0.266531040020847,-0.540779098698486,-0.541258862093969,-0.936346398823539,-0.939767014871533,-0.935314692596356,-0.930184246727272,-0.928683332813576,-0.932245870726038,-0.935365455094765,-0.792323615688825,-0.79289636713656,-0.724281293654555
212_chr2,0,0.0587059462180413,-0.936989682405555,-0.936450398968733,0.215342849617652,0.215754763311544,-0.10360517981627,-0.103938142841079,-0.0800684816954984,-0.0815309816892005,-0.0797373201873466,-0.0760007751050051,-0.0758186777187762,-0.0784535292395119,-0.0808066537091614,0.0263943519038867,0.0251521559360075,0.0934384885265236
213_chr2,0,-0.0171929640397406,-1.49781835144239,-1.49688901270381,-0.0122716965564562,-0.0124753211434148,-0.694367294825922,-0.694495910510389,-0.327975262228775,-0.329989159064634,-0.327051906298722,-0.323810047501973,-0.323086416626383,-0.325782141743202,-0.32749361654492,-0.23220390426108,-0.232336748139228,-0.0744611334013148
214_chr2,0,-0.380250896580081,-0.521973399921322,-0.518233528946111,1.08407519460915,1.0813021663203,-0.3886407184888,-0.387947274008469,1.89498259407773,1.89807981169081,1.89478284376263,1.89280146631938,1.89038666052365,1.89047031084243,1.89229122102447,1.85472192448647,1.85448661783747,2.17137595161859
215_chr2,0,0.0149843515575107,-0.926088566250857,-0.925238352727217,0.283693135766384,0.283784698829868,-0.158047965795979,-0.158277402152484,0.088294951550512,0.0872221524154502,0.0886061416158945,0.0917969294339542,0.0917680254426614,0.0893784014883128,0.0874371725358283,0.180849837947711,0.179752929734918,0.275043238937697
216_chr2,0,0.0450095225556897,-0.950089227883367,-0.949456805540512,0.226890992762205,0.227200859298394,-0.134796094323133,-0.13509592454362,-0.0427133999428895,-0.044088797749533,-0.0423706383119731,-0.0387921635276327,-0.0386503056819687,-0.0412221964944837,-0.0434483790968487,0.0597757573680995,0.0586034908204525,0.136565863852793
217_chr2,0,0.163770476000192,-1.48750464655234,-1.48784793144636,-0.262064560421144,-0.260936573782805,-0.421579524239272,-0.422138991174841,-0.973181084819359,-0.976690544863111,-0.972235005151754,-0.966777547698696,-0.965267385312265,-0.968931581487006,-0.972340872899711,-0.82113104512324,-0.821947189992866,-0.779924767754446
218_chr2,0,-0.011877161789012,-1.16982817663363,-1.16885160414869,0.176107839019572,0.1759769173166,-0.405863250415796,-0.406018443283097,-0.0416087936296075,-0.042972589185994,-0.0410390857014997,-0.0379880331257536,-0.0377544169307917,-0.040203567339101,-0.0419234373657509,0.0482123362753844,0.0475749494180691,0.177906034213238
219_chr2,0,0.142701328625248,-0.980477688003325,-0.980541567141545,0.070566595312491,0.071591637161853,-0.0183111014795282,-0.0188419961303024,-0.424524981914705,-0.426783903148388,-0.424131074946753,-0.419328447167233,-0.418705682788359,-0.421830573303806,-0.424977861227017,-0.29081988243719,-0.292307864384662,-0.274239035843417
220_chr2,0,0.0651585343051222,-1.00926486510162,-1.00878971766002,0.163048692453775,0.163500641575466,-0.15605870584652,-0.156403945631104,-0.170758850766783,-0.172428533804498,-0.170348333001956,-0.166476060090087,-0.166152167292894,-0.168882519709524,-0.171305378021388,-0.0606037424178401,-0.0617629033926561,0.0077442118097304
221_chr2,0,0.119121000998797,-1.04616818711572,-1.04608285373304,0.064683522539122,0.0655284543227122,-0.108935375986481,-0.109407395240837,-0.400406144672508,-0.402606471951534,-0.399945623239407,-0.39538144970482,-0.394760414762009,-0.397813114497572,-0.40074731438362,-0.272541352530762,-0.273845163808361,-0.235939622503891
222_chr2,0,0.0322956954747087,-1.13420449585887,-1.13353001972992,0.134907080678151,0.135104596194104,-0.31093833847497,-0.311200107800578,-0.168256088522812,-0.169914830470164,-0.167716630141927,-0.164150606253838,-0.163776839338257,-0.166434606294767,-0.168564719845595,-0.0654656017587656,-0.0663187271212369,0.033293806000112
223_chr2,0,0.121938911057221,-0.952198310705176,-0.952108570335026,0.116823132269248,0.117698414638811,-0.0243895418561313,-0.0248722554397927,-0.323047216365763,-0.325072146381874,-0.322687773427103,-0.318162354468771,-0.317675966010187,-0.320665013608922,-0.323613777165993,-0.19648275085642,-0.197935895150504,-0.168745494207892
224_chr2,0,0.0364419503386855,-1.34535867846961,-1.34476794717589,0.00292694594357634,0.00313330469930984,-0.485632423332028,-0.485895084004404,-0.380000166974018,-0.382140895302008,-0.379231619577997,-0.375449757772407,-0.374726957485247,-0.377584331411268,-0.379780103016179,-0.271015266081603,-0.271571515846608,-0.159039883583852
225_chr2,0,0.16600874880148,-0.987425595970719,-0.987655521456923,0.0334510433684982,0.0346467435175875,0.00973869685134587,0.00915266175241125,-0.51533643909183,-0.51780551226899,-0.514930656574602,-0.50983620499692,-0.509099178616971,-0.512355750782545,-0.515722758789103,-0.374190817415055,-0.375754569891518,-0.371997474075475
226_chr2,0,-0.25480504938958,-0.890923975083129,-0.888163419320362,0.686283314276392,0.684394824583599,-0.521472231770807,-0.521061480496841,1.09729113815809,1.09855504403034,1.09751380273926,1.09736199754506,1.09608135197619,1.09517799161122,1.09577435045736,1.10477022299066,1.10461729196992,1.36890393355233
227_chr2,0,0.195056094968597,-1.44843906144189,-1.44899273486485,-0.282981994841828,-0.281619973074698,-0.342506211960981,-0.343141749879935,-1.04998899596132,-1.05367805097341,-1.0490792998725,-1.04326791539499,-1.041680154541,-1.0454804927991,-1.04917858977056,-0.889074368914785,-0.890063765893822,-0.870817139680626
228_chr2,0,-0.360259064594753,-0.898632800393531,-0.895131078928852,0.830832200918761,0.828167558555702,-0.681889640697676,-0.681227744478666,1.47169346639413,1.47382529394375,1.47190472570932,1.47046313661289,1.46872681025208,1.46838638773773,1.46997191140751,1.44641631929074,1.44666408413133,1.7785877612362
229_chr2,0,-0.0638026085172648,3.29061326413882,3.29310756410911,2.91363122954908,2.91357569982305,3.33640710402208,3.33618592334944,4.30225648601125,4.31077519900502,4.29799357083197,4.29692343266709,4.28994220953911,4.29151702457852,4.29084929464722,4.27236358036517,4.26532331891332,4.10006993696197
230_chr2,0,-0.404285997993526,-0.621577072560261,-0.617693541412783,1.05858008385079,1.05562012573866,-0.508957050695127,-0.508202208448652,1.88914875651794,1.89223655416833,1.88905220453987,1.88685326729956,1.88448781885387,1.88461765266243,1.88665162821637,1.84369264243147,1.84369332443854,2.18320705682241
231_chr2,0,0.0273139205373787,-0.876559694705822,-0.875783580612161,0.295836342338999,0.296023636485733,-0.0976683291050053,-0.0979291948693041,0.0898285011059254,0.0887572174964069,0.0900884455574804,0.093392060466432,0.093340289218808,0.0909256596550976,0.0888749338284427,0.185084892096861,0.183869241261903,0.267669016317841
232_chr2,0,-0.431100803786686,-1.39102072597721,-1.38714691502381,0.636942332286509,0.633706350000693,-1.20669186742167,-1.20584055963178,1.26925633359354,1.27093931492597,1.2699867316804,1.26805915302096,1.26677962170711,1.26640846039208,1.26859681350083,1.23327910329341,1.23451636434328,1.64777078554104
233_chr2,0,-0.41244908069994,-1.08529760873135,-1.08147629494529,0.793160263347844,0.790092755512634,-0.917795553514468,-0.917001595815975,1.48661970760899,1.48879380531141,1.48702303062727,1.4850859038571,1.48341037823471,1.48319509476173,1.48524701900068,1.44937395513386,1.45009036258674,1.8289590195125
234_chr2,0,0.147400326739886,-1.00193774133745,-1.00204027681504,0.0511029676185535,0.0521603598010503,-0.0298261736353425,-0.0303673329603237,-0.461523486175507,-0.463867261125444,-0.461105495650034,-0.456228369203535,-0.455551158064365,-0.458719432352407,-0.461913557013491,-0.325852865396882,-0.327326466636356,-0.31066521379386
235_chr2,0,0.0269296693969491,-1.2526050609689,-1.25192334334329,0.0717798238409133,0.0719257494000867,-0.420112915240938,-0.420356891788956,-0.259157727060193,-0.261022243508577,-0.258491251221572,-0.254898705825096,-0.254363339308391,-0.257091503991122,-0.259186221215416,-0.155295862243699,-0.155954128162078,-0.0442059888137862
236_chr2,0,0.00978175719647378,-1.1162079484066,-1.11537016472473,0.177499342408987,0.177533166237366,-0.328373416504162,-0.32858240201352,-0.0700213793971045,-0.071453222126614,-0.069505594495975,-0.0662302720473762,-0.0659845484144714,-0.0685056452152923,-0.0704220904114599,0.0253200386437062,0.0245234196338471,0.137129053958653
237_chr2,0,-0.0438732939820966,-1.18103603500594,-1.17983687329277,0.214668755159593,0.214301429518966,-0.462127522615024,-0.462206138038224,0.0637262748391558,0.0626070339988556,0.064302111858165,0.0669687527540517,0.0670779970543318,0.0647922058274659,0.0633713387782757,0.143814521551223,0.143311823351739,0.29481826114071
238_chr2,0,0.104647888914145,-0.955936798344896,-0.95572616992734,0.139046503896249,0.13979426889305,-0.0528108636321032,-0.0532522925064212,-0.263963018457825,-0.265850878513331,-0.26360277003914,-0.259286901292446,-0.258871354876561,-0.261770175819891,-0.264557061796429,-0.142712091289827,-0.144095876093892,-0.103632904855696
239_chr2,0,0.0577214878270068,-1.14761941441302,-1.14712758318478,0.0909327831064377,0.0913158696464897,-0.285334185754432,-0.285655859243763,-0.272758442016947,-0.274658795766733,-0.272199719008433,-0.268310791012179,-0.267803239276144,-0.270609553887014,-0.272980096161747,-0.161715773213542,-0.162642928193017,-0.0782129826894864
240_chr2,0,0.111360007915246,-1.07139339063669,-1.07125987770786,0.0605943790233303,0.0613796617344633,-0.141847883448146,-0.142300371916424,-0.395826360643634,-0.398015037115904,-0.395340016996385,-0.390851511176178,-0.390225401241695,-0.393257366027204,-0.396121888499785,-0.269800152865832,-0.271038018973447,-0.226338070872555
241_chr2,0,0.134151909586752,-1.01529575927367,-1.01530837978409,0.0618630773319679,0.0628216898826339,-0.0605848554001787,-0.0610939365029044,-0.426030343485377,-0.428291320292791,-0.425600389496045,-0.420875626468387,-0.420236262954833,-0.42334421251576,-0.426415634499266,-0.294187481454129,-0.295592425013941,-0.269521023231428
242_chr2,0,0.0909833473844273,-0.986838467837195,-0.986539522149486,0.139916907834281,0.14056103543477,-0.0991933839806085,-0.0996009996046128,-0.24331025925885,-0.245148988925336,-0.242919156000718,-0.238747064191608,-0.238343739899003,-0.241194713372193,-0.243857210198538,-0.125609983555911,-0.126897636986324,-0.0754673860255481
243_chr2,0,0.114086429917342,-1.02976019789074,-1.02963514788633,0.0816043432940226,0.0824139395874437,-0.102234204899174,-0.102694946711091,-0.366900582869324,-0.369023942746761,-0.366458745209888,-0.361969248680569,-0.361396238036454,-0.364407982175909,-0.367292834007579,-0.240988892829116,-0.242298376745963,-0.202399638999301
244_chr2,0,0.0510624859381843,-0.936854408954344,-0.936261225536812,0.226234479371219,0.226590207526237,-0.114638405166074,-0.114953194323889,-0.0522846100946386,-0.0536827319458304,-0.0519550256740735,-0.0483125079607207,-0.048164525733494,-0.0507579922185966,-0.0530393327362275,0.0517879006684221,0.0505737216406517,0.123711355063701
245_chr2,0,-0.223454985376469,-2.0162627796817,-2.01401374508637,-0.0301871718733973,-0.0319604999843041,-1.43900185232714,-1.43861785867506,-0.0646725153978238,-0.0660549247633102,-0.0632271968792306,-0.0621150050848545,-0.0614944480732915,-0.0635115677416343,-0.0633520080878538,-0.0212907267947173,-0.0198956275790161,0.307358122655556
246_chr2,0,0.0211369061829351,-0.831463524602809,-0.830632234843371,0.331507566417226,0.331654065569178,-0.0680773009991964,-0.0683253908145169,0.154197925095384,0.153273949319198,0.154407952492055,0.157600449748522,0.157450664513864,0.155107236875928,0.153120217165746,0.246478749711149,0.245219229527804,0.329625285831348
247_chr2,0,0.105734360428601,-0.968631994000011,-0.968432300391145,0.129927370549164,0.130681822737084,-0.0620928239575233,-0.0625362976318427,-0.279723037473578,-0.281646895878935,-0.279348858847995,-0.275009726076114,-0.274569481345774,-0.277484823693062,-0.280283517827642,-0.157838216524246,-0.15920724291079,-0.118499991970052
248_chr2,0,0.257165917230371,-0.481252659806974,-0.48199428218856,0.206840318953528,0.208758143426005,0.57597328714562,0.575148935555313,-0.373566558977988,-0.37572793774691,-0.373691017473819,-0.367871707928383,-0.367522951146317,-0.37084690979125,-0.375005750243919,-0.215695853614408,-0.218344480163762,-0.309854378419058
249_chr2,0,-0.326167161584098,-0.617465435863015,-0.614131362628177,0.950545318861941,0.948160159735155,-0.391490769946975,-0.390921904380855,1.61030702273057,1.61274848979168,1.61022064849604,1.60897841346213,1.6069530306411,1.60666450610791,1.60796552001949,1.5891533608399,1.58885957702409,1.87838655214087
251_chr2,0,0.0869427919212684,-0.995784161223592,-0.995459050906481,0.140288850198089,0.140902352256385,-0.112744336247513,-0.113141961564705,-0.237024588172822,-0.238848383894442,-0.236624568656199,-0.23249514095717,-0.232095731066909,-0.234932395225731,-0.23755808635058,-0.120378678068764,-0.121638189395013,-0.0669790851514929
252_chr2,0,-0.019372532016212,-1.25369706295197,-1.25268932609314,0.136616984840049,0.136422356313805,-0.488585630433818,-0.488719432964844,-0.0926308501590718,-0.0941094280780885,-0.0919718611462779,-0.0889474177654601,-0.0886157193759187,-0.09109478795633,-0.0927548976135402,-0.00320462084378015,-0.00369034103176213,0.13758660546844
253_chr2,0,-0.352757540609975,-0.656587829530766,-0.653076470765971,0.964787922036669,0.962203244239736,-0.463764069333002,-0.463130297779317,1.67007229522444,1.67265386659705,1.67002324492155,1.66848482165414,1.66640275553002,1.66622497306116,1.66777070027047,1.64152176828113,1.64138398740831,1.95070475520242
254_chr2,0,0.0491702287960486,-1.1616096687423,-1.16106118765361,0.094671663679138,0.094990442170293,-0.309782606513016,-0.31008334689268,-0.254851028231093,-0.256709309321451,-0.254278778858924,-0.250484002571267,-0.249992473736799,-0.252764356945957,-0.255056379651288,-0.146154444989527,-0.147029347792468,-0.0561300837995482
255_chr2,0,-0.0351129702810824,-1.25663314762738,-1.25551524280668,0.157126475751625,0.156815812938998,-0.514058382884568,-0.514154622785643,-0.0384098028849946,-0.0397626132674089,-0.0377505857371041,-0.0349172658102783,-0.0346507881599156,-0.037047329145905,-0.0385600185706343,0.0461685437189723,0.0457452724998086,0.197249498128619
256_chr2,0,0.0520180147476601,-0.973993354704206,-0.973416495305638,0.202701071547041,0.203060018723089,-0.145034515698359,-0.145349999786986,-0.0903460415882895,-0.0918308350759167,-0.0899761213906971,-0.0862928606443103,-0.0860824849177675,-0.0887122810877488,-0.0910072943543367,0.0148866422247722,0.0137238440089469,0.0889898548238812
257_chr2,0,-0.436034177555223,-0.477382957738101,-0.473238456040475,1.18960698003627,1.18642836924611,-0.43183999551028,-0.431015767405314,2.13838089751753,2.14204030832246,2.13812249089998,2.1354208360944,2.13268877463569,2.1331110556108,2.13546137658345,2.07966350620765,2.07956820659367,2.4286508335345
258_chr2,0,0.0517949880070565,-1.5529639655638,-1.55253503921378,-0.142784309389379,-0.142486344509702,-0.640942153824585,-0.6412325114193,-0.628989297123193,-0.631698466024139,-0.627993400135864,-0.62386076440264,-0.622744779078173,-0.625859293392617,-0.628225497812185,-0.510392257148158,-0.510698249655222,-0.392636524059477
259_chr2,0,0.0972986609761364,-1.06015343366848,-1.05991792507229,0.0871958808004607,0.0878789279283923,-0.152737168034838,-0.153156689745196,-0.334472708989783,-0.336519672866822,-0.334001150894844,-0.329694206103447,-0.329148067118457,-0.332094672938705,-0.334825746308439,-0.213098905353639,-0.214301479749136,-0.161486536324952
260_chr2,0,-0.291698770479079,-0.656893191351661,-0.653812205254538,0.878244613886573,0.876108846286263,-0.374963016100185,-0.374474457010523,1.44884685046985,1.45091578754256,1.44880956027202,1.44802165679769,1.44621090115053,1.44570317046461,1.44667555921066,1.43937311253896,1.43901037587465,1.70952005517371
261_chr2,0,-0.415885398089891,-0.557624440184503,-0.553642651481904,1.11318304541737,1.1101443563292,-0.471134708312292,-0.470354994292224,1.99070838930352,1.99402889988253,1.99054051646047,1.98814910715052,1.98563206621168,1.98587820655091,1.98802918751235,1.94014567297412,1.94009462470847,2.28227410254399
262_chr2,0,0.142717755036911,-1.22941232946159,-1.22954060554157,-0.0781374233231049,-0.0771377756287079,-0.231368091789848,-0.231888450180187,-0.656526869639723,-0.659313166065651,-0.655863796192467,-0.650866574642383,-0.64985393547336,-0.653187842245249,-0.656366794169961,-0.517040542281507,-0.518160546041195,-0.481762674991336
263_chr2,0,0.0958437974635524,-1.38489717048915,-1.38473526616341,-0.104705533936632,-0.104066468956514,-0.432830655355239,-0.433232920861782,-0.631785132434024,-0.634507696303341,-0.630962713834543,-0.626420055293881,-0.625371859580425,-0.628583162877915,-0.631341681649924,-0.503330591167201,-0.504047675510282,-0.426382943565386
264_chr2,0,0.10577167903085,-1.19293762412494,-1.19279611485966,-0.00409606856558842,-0.00336433253273305,-0.25403760921378,-0.254471642617174,-0.488852679983694,-0.491251925124802,-0.488235961365717,-0.483721210785578,-0.48292956468706,-0.48603336529561,-0.48886080209213,-0.361751579756425,-0.362789117982787,-0.305580578270775
265_chr2,0,-0.0929420925582884,-1.22608836362562,-1.22455503755656,0.257162851796843,0.256430124573004,-0.572264477448556,-0.57222447109425,0.199304463097486,0.198501252254465,0.19991982799778,0.202018699750562,0.201980841026922,0.199922189052685,0.198956341581695,0.265113041767853,0.264858095984657,0.450891547210149
266_chr2,0,0.0214241214401272,-1.21840839577376,-1.21767904897146,0.0999914030054558,0.100100353441063,-0.398872128235006,-0.39910446284891,-0.207373510137068,-0.209119433988822,-0.206745040444523,-0.203246850444914,-0.202789452235056,-0.205459188441614,-0.207497883799364,-0.106024597043817,-0.106713096690962,0.00601725630883587
267_chr2,0,0.0125023905817149,-1.30251450737302,-1.3017440055952,0.0623762921486204,0.0624110239687499,-0.483878105281858,-0.484085646949375,-0.253455318528157,-0.255304566917885,-0.252737578256741,-0.249283339117089,-0.248733814012238,-0.251425965737545,-0.253391538209226,-0.152941278569208,-0.153472495203994,-0.0288716334567245
268_chr2,0,0.0873972042103631,-1.22039982886934,-1.220135922301,0.00549030226445879,0.00608412311830842,-0.304346117495934,-0.304735281408954,-0.447952357064628,-0.450255693571108,-0.44730938424595,-0.442998971444873,-0.442245824643686,-0.445273459406381,-0.447931848659791,-0.325952708269436,-0.326881812820275,-0.255963851750834
269_chr2,0,-0.290954218365538,-0.66946223675167,-0.666389743311144,0.869684433540378,0.867552852060184,-0.384635730872317,-0.384148408702472,1.43444160478441,1.43647767773926,1.43441804438629,1.43364910497084,1.431861333484,1.43133903349274,1.43230284043641,1.42549204622935,1.42514514371978,1.69610727089124
270_chr2,0,-0.318335687014389,-1.6469010200124,-1.64388796294581,0.324619254076247,0.322186163194851,-1.26123499823572,-1.26064102661828,0.622802195117511,0.622997674738599,0.623830375800686,0.623488254342317,0.623109582038808,0.621914779098759,0.623011956463676,0.627980708896523,0.629179988923218,0.989566602277119
271_chr2,0,-0.0173961827676398,-1.52509324496304,-1.524169517163,-0.0282746969296228,-0.0284826112866048,-0.718010247333873,-0.718137220970356,-0.352653034746972,-0.354722995115622,-0.351700225570602,-0.348439565056346,-0.347674126350858,-0.350391645629501,-0.35210466476188,-0.256312278770576,-0.256404047716934,-0.0963897917584764
272_chr2,0,0.00553796344390434,-1.38577128765829,-1.38497320511147,0.0225000688416299,0.0224750603961779,-0.565302088043878,-0.565489528202199,-0.305828266714751,-0.307795453084275,-0.305021807815061,-0.301588131709246,-0.300939127843305,-0.303663550879768,-0.305574270692599,-0.205557507552223,-0.205939922542286,-0.0707759757160167
273_chr2,0,0.121411830730923,-1.06677509020896,-1.06671122199881,0.0491355442157992,0.0499952074477601,-0.123232813583672,-0.123709406039904,-0.42789578632639,-0.43015896749346,-0.427412554612509,-0.422804139856901,-0.422140675758314,-0.425223040122342,-0.428181357712775,-0.298837381145209,-0.300119182958731,-0.262152467291822
274_chr2,0,-0.359866779698094,-0.644752679150086,-0.641188163969804,0.981911920896534,0.979276184678858,-0.464003300344182,-0.463353122582019,1.70682433685217,1.70949058688904,1.70676115884089,1.70512613625676,1.702994003955,1.70286454150217,1.704478517647,1.67577885813476,1.67564982429827,1.98862017418801
275_chr2,0,-0.0222857131141794,-0.964563500167307,-0.963460571963811,0.313427688724399,0.313241275886665,-0.245344817019664,-0.245483973760091,0.187307890191242,0.186466117543382,0.187653704925594,0.190416568479006,0.190282596520007,0.188061923889366,0.186465765084074,0.269115438922749,0.268213002012118,0.390041720623278
276_chr2,0,0.0420341013135659,-1.40664924989369,-1.40611375441369,-0.0415894566440174,-0.0413482630370916,-0.529938498864089,-0.530211856438866,-0.457342242135946,-0.459659673468403,-0.456506376788758,-0.452607937913241,-0.451764359360322,-0.454703368940825,-0.456959405060488,-0.345188674694726,-0.345674953299628,-0.232184554761066
277_chr2,0,0.0519295795978316,-1.04952877301322,-1.04897079553742,0.1577112378701,0.158061792699963,-0.209819673150089,-0.210131737977356,-0.160405436081951,-0.162049470186741,-0.159953858911297,-0.156212699579884,-0.155884436669163,-0.158577151206297,-0.160880895286236,-0.0534477034016341,-0.054498499380041,0.0263885948055749
278_chr2,0,0.160094164847862,-1.22945115424694,-1.22970189551594,-0.102737635630295,-0.101610229902015,-0.206055492268742,-0.206617177989879,-0.719439516881838,-0.722371599512524,-0.718773148668516,-0.713562377989448,-0.71247260321184,-0.715900367945469,-0.719242477308593,-0.574525337146595,-0.575709431028278,-0.550360155310838
279_chr2,0,0.131186168254289,-0.734012921843988,-0.733932007861488,0.234059132031313,0.235024769143487,0.175859294932165,0.175345318149408,-0.153216251680993,-0.154856610134687,-0.153090993123317,-0.148622325180033,-0.14843657185259,-0.151292430670592,-0.154300402030656,-0.0288263232004105,-0.030636182499892,-0.0234012022103789
281_chr2,0,-0.00233398466079826,-1.24433789916015,-1.24344781970668,0.118107763107367,0.118039371704218,-0.455721438700554,-0.45589616422098,-0.145564458271457,-0.147166084655622,-0.144912399420674,-0.141685897362248,-0.141293278115148,-0.143856492732907,-0.145675397949578,-0.0510339608962913,-0.0515964184476419,0.0781544466480924
282_chr2,0,-0.396963259651079,-0.520064720097833,-0.516206580765121,1.1088529909786,1.10595727878805,-0.411384173902884,-0.410651060931793,1.95723461010327,1.96047600609003,1.95702966752671,1.95484144050353,1.95234951657557,1.9525250086249,1.95450307798709,1.9117100945972,1.91153366214814,2.23891149949426
283_chr2,0,-0.0661104023783795,-1.09769331292722,-1.09631592051394,0.295898674033996,0.295376389883581,-0.423224345990356,-0.423253612083675,0.221844943410649,0.221088682117636,0.222326502478785,0.224654815051261,0.224534919667622,0.222439148012693,0.221237621495704,0.293054335215377,0.2925105099897,0.452019806935557
284_chr2,0,-0.0452180630065536,-1.43958492740212,-1.43844305264544,0.0621477100898618,0.0617439965241076,-0.685399524161928,-0.685463957348818,-0.172308117881948,-0.173963682820364,-0.171452973675478,-0.168600957457026,-0.16809282131672,-0.170588348025523,-0.172029315345566,-0.0866406859675042,-0.0867561666862864,0.084653338730861
285_chr2,0,-0.0494477001247764,-1.45401432074441,-1.45284636488985,0.0595118472063685,0.0590755557941154,-0.703920168171937,-0.703973928369629,-0.170447640039301,-0.172098299894708,-0.169577685656813,-0.166766374760212,-0.166254404893499,-0.168739203722766,-0.170142284113173,-0.0857663874060881,-0.0858449205913034,0.0893176893164305
286_chr2,0,0.0299381273023828,-1.49083357313695,-1.49023457332786,-0.0747616624804277,-0.074618034486255,-0.619641483711714,-0.619882495228219,-0.492010936730237,-0.494405241714599,-0.491086310441095,-0.48727076599124,-0.486349017748033,-0.489293368898168,-0.491446488074015,-0.381681798364889,-0.381998960148619,-0.254613461440686
287_chr2,0,-0.216814693438145,-0.450880647637378,-0.448274187543796,0.895374084602601,0.893810026192842,-0.089393651527269,-0.0890919526197705,1.36982930196207,1.37170665358032,1.36958327632972,1.36955466330979,1.36775347247054,1.36701430256416,1.36730965814124,1.37896298406152,1.37801922161742,1.58572503673781
288_chr2,0,0.0625200617106602,-1.17228087599883,-1.17182922952513,0.0694162165629948,0.0698320574450839,-0.299444327369382,-0.299776366365877,-0.313100142048353,-0.315092964977159,-0.312513855283199,-0.308546705082224,-0.307979251884437,-0.310832174835301,-0.31325089402521,-0.199986569580127,-0.200894978309782,-0.117700085181042
289_chr2,0,-0.372915735805494,-0.539287141277469,-0.535603433544617,1.06335946528124,1.06063859499137,-0.392761467849631,-0.392084734178521,1.85230843144139,1.85530747247967,1.85212877491483,1.85025105108801,1.84789589238768,1.84792540469827,1.84967525122399,1.81474039407502,1.81450360622101,2.12800328919197
290_chr2,0,-0.0864160749778519,-2.04389739494041,-2.04262123791826,-0.240518943097156,-0.241287509612258,-1.26276659939833,-1.26270737241857,-0.586295575942981,-0.588885607921295,-0.584794724111103,-0.581977038258571,-0.58070535886691,-0.583485624949878,-0.584616264257624,-0.499472966250428,-0.49854290938205,-0.256410476568172
291_chr2,0,-0.0826296852351509,-1.52934522627304,-1.52796288242134,0.0614513548014359,0.0607633679456285,-0.816801665253069,-0.816773303412739,-0.120567597418685,-0.122099570030015,-0.119622402159684,-0.117160001137278,-0.116677254098711,-0.119046108262205,-0.120147167930659,-0.0445017258725366,-0.0443463895712148,0.157469846980015
294_chr2,0,0.0193042340321969,-1.13076156212073,-1.12999464341678,0.155338431624872,0.155440778843754,-0.326941080486131,-0.327172096490655,-0.118038614575183,-0.119581128991893,-0.117505310849021,-0.114101612731631,-0.113790861973282,-0.116375590839402,-0.118383287710911,-0.0193854718859212,-0.0201957276197939,0.0874257715875357
295_chr2,0,0.120585316464309,-1.21172073432245,-1.2116884701034,-0.036266889399805,-0.0354281596299098,-0.248507731630766,-0.248976200629016,-0.559956752117283,-0.56251999414291,-0.559316951001594,-0.554605504941918,-0.553718739356337,-0.556918291854526,-0.559887196044543,-0.427793268674806,-0.428857723584591,-0.379686920020693
296_chr2,0,0.0844561450740243,-1.1828408316017,-1.18254650010256,0.0320829081769656,0.0326589542278928,-0.276486618067025,-0.276870382402752,-0.402314912710245,-0.404514038932212,-0.401713101536473,-0.397468157694265,-0.396786869162411,-0.399767100659635,-0.402393121231921,-0.282105298789565,-0.283079075308349,-0.213057633598888
297_chr2,0,-0.118835403496002,-1.02731413606268,-1.02554700595987,0.412507653740258,0.411604916691481,-0.439888289141963,-0.439795141152816,0.478205277410699,0.478040185050318,0.478600868310867,0.480226344916427,0.479762377098068,0.478010366806668,0.477312800236992,0.53131471790683,0.53086148213441,0.718719090604615
298_chr2,0,0.042466129962911,-1.16325858715919,-1.16266328668789,0.103169028469449,0.10343834530929,-0.32097286409476,-0.321257589038142,-0.2321286359897,-0.233934194508024,-0.231555858683159,-0.227842173759593,-0.22737779962048,-0.230114867403322,-0.23234415195414,-0.125487597770212,-0.126335313572735,-0.0310507409988681
299_chr2,0,-0.386303649278019,-0.52858549427473,-0.524804675704987,1.08868695386207,1.08586874430964,-0.40312923705806,-0.402421115490441,1.91072370155186,1.91385766821079,1.91052996759049,1.90847937815171,1.9060480785129,1.90615886173203,1.90803576614557,1.86872607544429,1.86852288909305,2.18974891973814
300_chr2,0,-0.437249120215265,-0.476411791655871,-0.47225847722587,1.19190542978437,1.18871798553239,-0.432780862444224,-0.431953785912237,2.14368203751972,2.14735369271904,2.14342235338599,2.14070501116154,2.13796603997232,2.13839569621871,2.14075754759514,2.08456266450156,2.08447041419763,2.43425420113735
301_chr2,0,0.126589546639148,-1.01530033206385,-1.01525966021509,0.0725564780793726,0.0734594870346961,-0.071619493768376,-0.0721105879493349,-0.398670222657207,-0.400867797527113,-0.398241679364071,-0.393609837987817,-0.393004010935372,-0.396071130723592,-0.399071547904716,-0.269189110481157,-0.270566129726888,-0.239684702551166
302_chr2,0,0.019132375596956,-1.15164803005877,-1.15088529364379,0.143106680038154,0.143205622858432,-0.345069979763337,-0.345299699704235,-0.13687751033377,-0.138462820715923,-0.136321655048401,-0.132903758555138,-0.132561064376933,-0.135162395016081,-0.137171122032598,-0.0377934076391919,-0.0385721492162432,0.0706973984634449
304_chr2,0,-0.0120046112502763,-1.23660767052757,-1.23564744402368,0.136402823425554,0.136264119970964,-0.463210494017977,-0.46336254680249,-0.103368766947247,-0.104872931146783,-0.102726876791961,-0.0996252424948123,-0.0992876228998729,-0.101792132282446,-0.103519258493313,-0.0120379390910932,-0.0125761249299923,0.122755790820901
305_chr2,0,-0.0746827015833875,-1.10516275023365,-1.10372687584659,0.303561991317471,0.302975912778892,-0.442121823356129,-0.442130383316375,0.245904199291282,0.245203998013155,0.246392230077086,0.2486210403261,0.248474817894125,0.246419064084791,0.245297080085066,0.314609630049882,0.314108493934777,0.479620089966674
306_chr2,0,-0.0567663655512665,-0.969123893356355,-0.967779150452632,0.35947300654684,0.359032603398074,-0.299543055860288,-0.29960000824109,0.307826897192337,0.307264591528018,0.308171188279372,0.310513919752244,0.310234146422241,0.308195827477523,0.306922841010176,0.378971361417794,0.378202957147284,0.522297460624798
307_chr2,0,-0.149846165941833,-0.788281507949044,-0.786234114339519,0.599135597780389,0.598029350612746,-0.280516550414562,-0.280359799442557,0.813133946521666,0.813735149596319,0.813265275605454,0.814323036958493,0.813347221225525,0.811963273068453,0.811587132593447,0.851011854232847,0.850319700021514,1.04029026912551
308_chr2,0,-0.0675910244104473,-1.28628880351653,-1.28494967694878,0.185350731762885,0.184798230792338,-0.586816391409261,-0.586834123931501,0.0514805410416175,0.0503372543859175,0.0521657439570631,0.0546231362178395,0.054791991408794,0.0525459287889127,0.0513344321626224,0.126603541168508,0.126344011942052,0.300689178975727
309_chr2,0,0.0258149543254834,-1.17831748785991,-1.17760873168742,0.117726082924913,0.117871426632769,-0.35815083420848,-0.358395315369777,-0.185907405797574,-0.187605235927276,-0.185321462909589,-0.181800625797446,-0.181386529182142,-0.184046326287589,-0.186121173896705,-0.0841174002579646,-0.0848813819274179,0.0221028128108989
310_chr2,0,-0.00614896645112162,-0.946033466761804,-0.945039472638126,0.301671435302408,0.301605568978582,-0.205946020246583,-0.206124344685672,0.14618231366604,0.145244477972547,0.146511113318536,0.149457792862843,0.149366381246778,0.147074128916863,0.145328802674447,0.232599688436385,0.231610284565654,0.341810834620508
311_chr2,0,-0.00738413856778042,-1.05479038969896,-1.05381577483235,0.238461381519836,0.238375286248632,-0.300840507985744,-0.301011274375326,0.049318566315637,0.0481607432472826,0.0497647294058141,0.0527811591184495,0.0528545691294524,0.0504777079638683,0.0487302128510687,0.137873691816661,0.137049640049605,0.256048093679313
312_chr2,0,-0.0317199875510873,-1.14671825898196,-1.14559588242723,0.217976159661667,0.217701710029811,-0.415025252335486,-0.415134231731066,0.0517248383604372,0.0505763743087688,0.0522658439396038,0.0550550243127317,0.055164438286003,0.0528418267223292,0.0513111923855734,0.134812486994174,0.134214185801325,0.275462823437961
313_chr2,0,0.0605094287247212,-1.09571380093203,-1.0952282135674,0.117991127550066,0.118400032884302,-0.236837874561535,-0.237168384110955,-0.234484041287915,-0.236297837553924,-0.233980919922572,-0.230098266968375,-0.229659627033944,-0.232437431667967,-0.234827580654447,-0.123775030562436,-0.124789217775541,-0.0459563976780655
314_chr2,0,-0.0699740674440312,-1.08749574651619,-1.08608849278597,0.307454087757597,0.306904440788914,-0.420131195616675,-0.420151705379506,0.245327084763948,0.244624819115422,0.245796894336899,0.248069767518726,0.247916766288492,0.245850415498865,0.244686456929081,0.315093170661477,0.314548532062858,0.475763858942089
315_chr2,0,-0.0171847467774153,-1.05367582974449,-1.05263186015197,0.252988956978057,0.252830915867936,-0.314181982619694,-0.314329486068958,0.0858205102173271,0.0847472274265608,0.0862636335468161,0.0891587644482956,0.089186957607919,0.0868639510806912,0.0852086180103195,0.171288875849508,0.170499356613565,0.295648918577905
316_chr2,0,0.0438698752004172,-1.17849705826512,-1.17791558523388,0.0920821283225692,0.0923602044675111,-0.331969009213431,-0.332256425533236,-0.251406381109174,-0.253255984963163,-0.250816864258082,-0.247074030663511,-0.246579568444707,-0.24933700531502,-0.25158139892963,-0.143973346763872,-0.144803715290607,-0.0492892822265585
317_chr2,0,-0.328167647863244,-0.765228611865697,-0.761918596955281,0.865120517085308,0.862705503947617,-0.52088981108807,-0.520309910130905,1.47986886205358,1.48201414473587,1.47994188394685,1.47879045481648,1.47698757813005,1.47658583970533,1.4778869331673,1.46151900273443,1.4614510653053,1.76313635145177
318_chr2,0,0.141452816033341,-1.12757066811656,-1.1276637318323,-0.0155215038665459,-0.0145207183639864,-0.146039619229153,-0.146561295494721,-0.557059707961243,-0.559619699534931,-0.556506988756281,-0.551604838282208,-0.550757281760548,-0.553998884025714,-0.557153068081322,-0.42033150233792,-0.421597404772931,-0.391897897629092
319_chr2,0,0.0305132119621339,-0.87911705269569,-0.878364145046286,0.289783866933213,0.289994422110775,-0.0951907574363178,-0.0954591239234404,0.0758690836714808,0.0747655570704007,0.0761323921884358,0.0794773165569334,0.0794437406055386,0.0770096898436483,0.0749286011668175,0.172184007443049,0.170960326902798,0.252913747191859
320_chr2,0,-0.0071930058127585,-0.872437864917548,-0.871417508997742,0.347104438813,0.347038439364349,-0.144473156838144,-0.144652124592822,0.218532157597002,0.217758950016928,0.218781185730819,0.221657565800896,0.221446281317041,0.219221434182652,0.217495226370491,0.302915802325582,0.301821444843031,0.407264079139214
321_chr2,0,0.043506165623182,-0.954962475639118,-0.954320717223251,0.226106689353015,0.226405002796882,-0.141160303783129,-0.141456351312237,-0.0418141101639842,-0.0431872235013655,-0.0414663607003662,-0.0379025534516804,-0.0377597329727246,-0.0403275963364305,-0.0425402803005959,0.0603185982137475,0.0591590864057192,0.138436621006259
322_chr2,0,0.0733060535900147,-1.26727340241126,-1.26692229651712,-0.00257541503929337,-0.00209000533764447,-0.365022398774551,-0.365376056243331,-0.440637581894465,-0.442922038926822,-0.439946564293257,-0.435772698153612,-0.435008655648325,-0.437999544437822,-0.44053156067476,-0.321951221519794,-0.322759006056145,-0.239425759804008
323_chr2,0,-0.175062200098949,-0.780249552619106,-0.778022382334786,0.639598141797742,0.638307314141846,-0.310422405508017,-0.310206020591418,0.911861766772737,0.912691421809972,0.911979690884733,0.912721329139386,0.911621088067296,0.910380037107659,0.910241674504219,0.941677905882645,0.941066965408106,1.14648328837191
324_chr2,0,0.0620499487182314,-1.53420887730178,-1.53384737675138,-0.146087004344084,-0.14571171637787,-0.609930092965948,-0.61024563826667,-0.648621960926275,-0.651377396496471,-0.647644423407983,-0.643400421963361,-0.642268317958233,-0.645422463891697,-0.647882581340962,-0.527257299791976,-0.527628878531694,-0.41747106588011
325_chr2,0,-0.015537020971659,-0.824958307310407,-0.823866888970202,0.387264169508484,0.387141686236087,-0.116002879365619,-0.116164018312904,0.292963564028282,0.292360882885967,0.293159692389568,0.295896465838232,0.295573823317008,0.293433879355987,0.291792025991386,0.373639548392777,0.372505797625085,0.47975734433432
326_chr2,0,0.139052437912668,-0.925719466673362,-0.92574349137291,0.108432903624053,0.109436729119426,0.0232379753933443,0.0227134332007024,-0.36030104073289,-0.362413388867136,-0.359967024768835,-0.355251994475792,-0.354731159955938,-0.35779039012831,-0.3608964862676,-0.229006122335016,-0.23056159147816,-0.214206198647607
327_chr2,0,0.205865914627113,-0.984795552519031,-0.985305680575123,-0.0213516990451423,-0.0198626750179423,0.0701269798050654,0.069446034566016,-0.657108924013143,-0.659906635531646,-0.656698524176755,-0.651116367298233,-0.650206668784093,-0.65367624568592,-0.657417152130011,-0.503576249841716,-0.505291029196352,-0.527076986467328
328_chr2,0,0.09848364188056,-1.02346667400329,-1.0232300427698,0.107431696252269,0.108127216350807,-0.119605894376643,-0.120029793048767,-0.304578023750191,-0.30655722222604,-0.304145911807089,-0.29985305466486,-0.299359106663611,-0.302281320173841,-0.305018875944063,-0.183685382985576,-0.184946571656243,-0.135588063657296
329_chr2,0,-0.371926788059788,-1.05929430353898,-1.05575184404574,0.751376881825039,0.748609983965632,-0.8364302484211,-0.835733775787035,1.36421827481393,1.36610766097439,1.3646010670558,1.36314156649518,1.36160506350644,1.36119280075963,1.36286754003019,1.33902496927578,1.33955333810795,1.69073396626876
330_chr2,0,-0.395165179367555,-0.885407166604555,-0.881656039319114,0.888102319673485,0.885182381745271,-0.721484141999404,-0.720739785070765,1.61032396615419,1.6127764986252,1.61051439083403,1.60863355261013,1.60672168690249,1.6065808429713,1.60849578510569,1.57383816136154,1.57419523364566,1.92734496058077
331_chr2,0,0.00605005433985373,-1.26631959006296,-1.26549427089613,0.0931204921364084,0.0931114922791711,-0.462307889623585,-0.462501622355674,-0.196383299691114,-0.198101784264168,-0.195705903433074,-0.192359214113771,-0.191894985914693,-0.194521919794735,-0.196422327774047,-0.0987242756965858,-0.0992851851817846,0.0267528357363527
332_chr2,0,-0.463158498682605,-1.3138426501967,-1.30972299270014,0.728380444129093,0.724916664508706,-1.18739009931656,-1.18646582250121,1.45716690728471,1.45928215878318,1.45780785464449,1.45542608765907,1.45388350956216,1.45375022099009,1.45624934286498,1.40938672403105,1.41062822632221,1.83858559427806
333_chr2,0,0.079356967123178,-1.00199915415673,-1.00162218982649,0.147306147697138,0.147863237107796,-0.129129139328018,-0.12950845808725,-0.215366069737299,-0.217139420307315,-0.214960750221612,-0.210919682781074,-0.210544188642814,-0.213345108668405,-0.215900360805799,-0.100945134974007,-0.102167453542596,-0.0422258685939187
334_chr2,0,0.106515221458951,-0.975206092164627,-0.975013599042764,0.124896427536491,0.125655947271102,-0.0665810735029722,-0.067026125135655,-0.288673932628177,-0.290618262456522,-0.288292499510697,-0.283938637948149,-0.283484635377293,-0.286409711602823,-0.289216569624194,-0.166392694781769,-0.167754884316812,-0.127059937293414
335_chr2,0,0.189056219528663,-0.994259781441315,-0.994653891991821,-0.00322891577684303,-0.00186445697951299,0.0375066671362527,0.0368661050356,-0.605101310340638,-0.607778114882125,-0.604683823899253,-0.59930083155002,-0.598450874276781,-0.601837629027922,-0.605421901976659,-0.456598991880299,-0.45823772337854,-0.46863540970885
336_chr2,0,0.252621891204473,-1.3242390342281,-1.3251663141864,-0.290221745362972,-0.288423734515936,-0.152227070674622,-0.153004802464303,-1.14256843381511,-1.14647713462762,-1.14178225435431,-1.13536049693177,-1.13371187961288,-1.1377188097531,-1.14194168886491,-0.966556865678072,-0.96794239932816,-0.994457867800763
337_chr2,0,-0.0502837053264518,-0.849868654907554,-0.848538801954753,0.421531376350155,0.42115086093773,-0.188008141908859,-0.18808557923802,0.395484332959589,0.395120248817557,0.395700891492573,0.398030155085468,0.397592396781011,0.395619163519197,0.39430040448276,0.465886331957624,0.464917682430405,0.596103431157997
338_chr2,0,-0.0413608512018155,-0.893224468058074,-0.891968691869437,0.383015923595162,0.38269657065469,-0.212104297247461,-0.212201115311867,0.32280065902302,0.322269928775381,0.323065766839142,0.325538529529733,0.325208239469598,0.323150438549383,0.321742412143349,0.396995415390492,0.396057925507588,0.524762814156678
339_chr2,0,-0.0483234479638822,-1.00208973808006,-1.00081300677719,0.327841970731979,0.327460266203141,-0.315445746708937,-0.315521379708648,0.246560624556039,0.24585770282856,0.246942140813035,0.249414360513919,0.249223657171316,0.247112082189067,0.245755649772183,0.321106872479538,0.320356038500714,0.461509474378696
340_chr2,0,-0.200813591476004,-0.961784759025201,-0.959422990298693,0.567595421838099,0.56609664744708,-0.503373232844812,-0.503087887401919,0.835899402327677,0.83656049979259,0.836208792894986,0.83677576179043,0.835845560291979,0.834591196017722,0.834671642798141,0.861885149557769,0.861637665810574,1.09680600595894
341_chr2,0,-0.218532928615325,-0.82688148930039,-0.824360013315341,0.673230933168261,0.671615702466445,-0.413745921136695,-0.413424162085621,1.02571157531104,1.02680697406189,1.02587178320718,1.02611567410279,1.02489563428727,1.02385016958904,1.02411406459596,1.04303307197154,1.04265155321082,1.27915087078729
342_chr2,0,-0.02090933092751,-0.934234749166097,-0.933133688967481,0.329595350667702,0.329422166426393,-0.21737663283887,-0.217520351676901,0.210585977432375,0.209796899149218,0.210899256513334,0.213655349268797,0.213479991188204,0.21127734118757,0.209672098068456,0.292119667793275,0.291167310055898,0.409886267999745
343_chr2,0,-0.0381954167554968,-0.920417092742652,-0.919190645846193,0.362297469807785,0.361998603932025,-0.230763195931727,-0.230866387627559,0.286010081036492,0.285395214803909,0.28630518374165,0.288838077429441,0.288564408376032,0.286466693016871,0.285025503359738,0.361824414806062,0.360915442355125,0.489610436468166
344_chr2,0,-0.0295496476567246,-1.08476833597375,-1.0836452572271,0.251907181190727,0.251655038878684,-0.358832152960601,-0.358948926187017,0.101592714392724,0.100557260108786,0.102067142192974,0.10483461497677,0.104856649527497,0.102574312785371,0.101031141978499,0.183920756714364,0.18322285318484,0.318527178312481
345_chr2,0,-0.0596438464834053,-0.812879491686059,-0.811474124345734,0.456862725024122,0.456417179378111,-0.169999499246999,-0.170056245303819,0.463818263750696,0.463611008027848,0.46399307515481,0.46617843801806,0.465641241252357,0.463749593371516,0.462523401647947,0.530438660216923,0.52944987816312,0.663863646247915
346_chr2,0,-0.0553634555834672,-1.12781882037098,-1.12652494308372,0.262705285513155,0.262258931741983,-0.433335052466003,-0.433388599868445,0.154888006713314,0.153977825468381,0.155404151108493,0.157888045480273,0.157862992208263,0.155683907575199,0.154377661386376,0.230152865035901,0.229613905133105,0.384507511017806
347_chr2,0,-0.0282968100101892,-1.03807381708888,-1.03694750965049,0.27802433867812,0.277786194021429,-0.317035544762129,-0.317157281497588,0.140566493301941,0.139619431617696,0.140990666649679,0.143737070584649,0.143691544180888,0.141441632730924,0.139892609162438,0.222202352842662,0.221430788506814,0.352498230384062
348_chr2,0,-0.0570192937197029,-1.08373477724257,-1.08241784731257,0.291377290903457,0.290923280856175,-0.398015632145275,-0.398067114007933,0.201954532265107,0.201151604407901,0.202422700323171,0.204851822967344,0.204750394710209,0.202617250069356,0.201332131151767,0.275679349927642,0.275081326487287,0.427780295520908
349_chr2,0,-0.125983204059248,-2.25600762056859,-2.25450739797399,-0.311242310861852,-0.312323539714806,-1.50204088374281,-1.50187853725026,-0.640753725172298,-0.643461224692562,-0.639030933543213,-0.636533806943911,-0.635105492243056,-0.637850133620867,-0.638636113419686,-0.561366959343605,-0.559977239149687,-0.27705341309668
350_chr2,0,0.0168183830055723,-1.05416095004134,-1.05335673282628,0.204605516941076,0.204697437955282,-0.264999090425132,-0.265227448123366,-0.0376716913594195,-0.0390311233035074,-0.037221678254042,-0.0339083429828913,-0.0337285658802782,-0.0362355823028686,-0.0382102427556816,0.0584276926548002,0.0575133631904206,0.161072558917941
351_chr2,0,-0.189713200957259,-0.837098221854629,-0.834782482684213,0.626366462120824,0.624962084538201,-0.380453701012477,-0.380200054308404,0.911908158786504,0.912740260724044,0.912084808564913,0.912690810306066,0.911614601474997,0.910404947480472,0.910396951869305,0.938467613457685,0.937994807502158,1.15691736662311
352_chr2,0,-0.0788534643870119,-1.27728615666898,-1.27586533664139,0.206657212454156,0.206022825863102,-0.595538167109443,-0.595529494897207,0.100621766422569,0.0995919845118003,0.101295126845533,0.103607097746754,0.103711900182135,0.101534205850645,0.100429595322625,0.172018422080538,0.171787159761307,0.352632034691704
353_chr2,0,0.00462682216854271,-0.967137260560667,-0.966224655184098,0.273825637309098,0.273836838121451,-0.208292327568,-0.20849538517879,0.0875269075235461,0.0864540178026556,0.0878805430719489,0.0909761138047296,0.0909655453046074,0.0885973960679629,0.0867482213036466,0.177799423354367,0.176801440129212,0.281703308775552
354_chr2,0,-0.0505302359685043,-1.0889218144591,-1.08765195368817,0.279101178092365,0.278694347920986,-0.392990423901835,-0.393057119328097,0.173640929695397,0.172772604033947,0.174115921018916,0.176628830800012,0.176564307692286,0.174391771430022,0.173045068160736,0.249512747875583,0.248898437947236,0.397852483145922
355_chr2,0,-0.116098239555977,-0.96120071930178,-0.95943580641492,0.448123687991747,0.447247852644099,-0.379304568747888,-0.379220739629155,0.529901397903001,0.52985338057756,0.530226015306343,0.531833498121206,0.531278145551222,0.52956684383296,0.528851945714365,0.582331654312653,0.58177056814997,0.763016629569238
356_chr2,0,-0.421283842422203,-0.886819839497983,-0.882885013365117,0.924200555525942,0.921088432387252,-0.760790935109713,-0.759984396145701,1.70351800446502,1.70618655409574,1.70370506731635,1.70150438988777,1.69947888429998,1.6994778846345,1.70163788421763,1.65890767080475,1.65936325247441,2.02922861208477
357_chr2,0,-0.252843197926332,-2.006835630443,-2.00437705669237,0.0170097654927752,0.0150213234838456,-1.47379914496895,-1.47334565331172,0.050452274908203,0.0493362568746854,0.0518818988725995,0.0526256109432992,0.0531010517917059,0.051250528314468,0.0516872163237985,0.0844368788102967,0.0859265312286874,0.431176768348436
358_chr2,0,-0.202341016417275,-0.892262437290943,-0.88987195207319,0.611279279833343,0.609776400673498,-0.446092063918585,-0.445806039038697,0.906203135718156,0.907024287454677,0.906437068559478,0.906930979014439,0.905885138813193,0.904697371165028,0.904800959443861,0.930098696696776,0.929754065989347,1.16077201156223
359_chr2,0,-0.0869999222983724,-1.09531696295566,-1.09379174413011,0.326863924635654,0.326188291501155,-0.45166043457619,-0.451640116873768,0.299647732706909,0.299071666429584,0.300122811894834,0.302192581386603,0.301976307355733,0.299995324848158,0.298990237335028,0.364277829223614,0.363807607345207,0.536427639640777
360_chr2,0,-0.362090870615763,-0.606599706538548,-0.603009665671825,1.00784521667751,1.00519703812702,-0.434589580323406,-0.433935733492882,1.75042086523408,1.75318657168749,1.75031601754856,1.74862387217472,1.74642213169381,1.74633669969232,1.74797638786484,1.71779549097269,1.71761826021047,2.02919233722291
361_chr2,0,-0.0594636602948087,-1.78541662512226,-1.78426366112409,-0.124257788174508,-0.124801690643425,-1.00220071106523,-1.00221657001843,-0.442985823918267,-0.445254400284013,-0.441759411978615,-0.43881238520541,-0.437825905693763,-0.440534764091483,-0.441885749912452,-0.353743110781812,-0.353294704994826,-0.147346870659399
362_chr2,0,-0.308977066256637,-0.999222331166279,-0.996107979324007,0.698220501619516,0.695922605858258,-0.693189712294608,-0.692645514636273,1.19240642686235,1.1938952005011,1.19273604950963,1.19200315609811,1.19065180739556,1.18995005998024,1.19104134852456,1.18547953548202,1.18568670259076,1.49240547722218
363_chr2,0,-0.103937830479703,-1.02530603997218,-1.02364337761501,0.392636044942681,0.391843049802873,-0.416439300850061,-0.41638167135205,0.426169490419051,0.425883732624934,0.426565698801696,0.428372666517012,0.427971633943574,0.426140868330507,0.425303677989314,0.48388510468848,0.48337390349583,0.661608664685588
364_chr2,0,0.212142892040635,-1.04776431579975,-1.04833493913482,-0.0678390443256705,-0.0663103221924459,0.0253833314588799,0.0246901317832332,-0.738492680091382,-0.741476391362662,-0.738013019543397,-0.732304560054346,-0.731268417809796,-0.734824736627967,-0.738632550058526,-0.581538516762685,-0.583183371960539,-0.604322479301061
365_chr2,0,0.124206060367723,-1.00132117516504,-1.00126009662455,0.0842769657963314,0.0851638827147716,-0.0631303698429969,-0.0636163888805534,-0.377020642197782,-0.379168623643337,-0.376607660204574,-0.372016023022749,-0.371442657854198,-0.374485175287179,-0.377461443712855,-0.248608295908693,-0.249997183734685,-0.218629722346406
366_chr2,0,0.166063204791962,-1.05292861304931,-1.05317583682361,-0.00574885829585914,-0.00455947158361214,-0.0462505854332204,-0.0468339673307419,-0.576565291643948,-0.579173555224027,-0.576088673052688,-0.570942401320637,-0.57010256349108,-0.573414405514451,-0.576790216097673,-0.433882778251999,-0.435349888454623,-0.426801694648956
367_chr2,0,0.0239469458464264,-0.945428345232148,-0.94464628698618,0.259465492277146,0.259620971566314,-0.161529114737009,-0.161779046606584,0.037844185953317,0.0366552728552976,0.0381779651316951,0.0414939863573869,0.0415351206395895,0.0390808707871608,0.0370530412454282,0.133646990737879,0.132545588821339,0.223560456029668
368_chr2,0,-0.153039165666624,-0.791778737226228,-0.789709744957978,0.601562960854455,0.600432878342351,-0.28816749874212,-0.28800300479868,0.821429294232265,0.822049864074503,0.821563807019582,0.822585064224135,0.82160056186323,0.820230919396559,0.819884316316536,0.858391120390315,0.857715924096339,1.04997489941492
369_chr2,0,-0.0526753268543413,-1.70403474012834,-1.70290860007546,-0.0852523153078759,-0.0857379644302094,-0.922638441536101,-0.922673903517883,-0.391722596945876,-0.393875729740174,-0.390582909346651,-0.387616019256322,-0.386726863724883,-0.3894040735537,-0.390808495956346,-0.302248096400886,-0.301945070233799,-0.106310197676471
371_chr2,0,-0.0585003074107703,-2.19068403664593,-2.18964251182743,-0.367673747653936,-0.368252105457466,-1.34769287232987,-1.34769380585879,-0.824075710651568,-0.827210711305273,-0.822410918391536,-0.819135582605684,-0.817510229662334,-0.820564425356693,-0.821975754531335,-0.725128596786893,-0.724084577459876,-0.488892615764762
373_chr2,0,-0.0827689443161583,-1.77798509748788,-1.7766659773129,-0.0868564068612021,-0.0875709023541997,-1.02983342889048,-1.02979417302157,-0.351731488453867,-0.353788906493561,-0.350517474582861,-0.347862623015447,-0.346991153320405,-0.349567935706738,-0.350699160285541,-0.269939851916354,-0.269416398496533,-0.0491938192208057
375_chr2,0,-0.0305411450359319,-1.72172772873342,-1.7207621416244,-0.127126147134048,-0.127450865657293,-0.905497451703622,-0.905584807164524,-0.488300320745048,-0.490676525508368,-0.487137358981227,-0.483884670891586,-0.482869631862362,-0.485681206547198,-0.4872956932288,-0.391502399505717,-0.391254926563799,-0.208393992571469
376_chr2,0,0.209049924768823,-1.1118479839291,-1.11241335849624,-0.101739529198557,-0.100240116808445,-0.0339819690673043,-0.0346650898394147,-0.787010128893672,-0.790103632774332,-0.786461756142385,-0.780741259943965,-0.77961848949329,-0.783211892153529,-0.786998776364368,-0.629535001780872,-0.631073693982494,-0.645524497597681
377_chr2,0,0.0295492649795179,-0.913683249254011,-0.912932474331092,0.270501968522864,0.270701893256982,-0.126184481855016,-0.126449087185762,0.0471504022305651,0.0459817481240696,0.0474509053930059,0.0508109775054901,0.0508272524073719,0.0483693956049751,0.0462929823899532,0.143966317569665,0.142797300167468,0.227910351629081
378_chr2,0,-0.0820308582893284,-0.916806136400056,-0.915269839616757,0.426454598054911,0.425833797260825,-0.291612211694063,-0.291611296238955,0.447992932737876,0.447753281608809,0.448275925256616,0.450267355598728,0.449793595708463,0.44793560410643,0.446906456132862,0.510032918513967,0.509280432278264,0.665588889977384
379_chr2,0,-0.0465495853576948,-1.17146663297416,-1.17024613982051,0.224169576480589,0.223783553936035,-0.457840118689517,-0.457912775209259,0.0823266229282202,0.0812500909774321,0.0828916119329564,0.0855178942450849,0.0856002830446321,0.0833369741495451,0.0819424469140517,0.161356976417062,0.160850010196602,0.313353582288982
380_chr2,0,0.0726400008355014,-1.09218357570984,-1.09178256340964,0.102942257247393,0.103440715817234,-0.216122030398577,-0.216481541920182,-0.275089216934011,-0.276997253056611,-0.274587641875794,-0.270558686942511,-0.270071768546507,-0.27291211034672,-0.275415710202569,-0.160673532760453,-0.161737721011329,-0.0908800643809791
381_chr2,0,0.0805107845450274,-1.06592249170888,-1.06557016518178,0.107494812615762,0.108053833680156,-0.182162694397078,-0.182542041843285,-0.27910110628799,-0.281019519859895,-0.278626452949122,-0.274521290124461,-0.274040581797927,-0.276901381971031,-0.279475558978555,-0.162836584064682,-0.163968654296823,-0.100051546964143
382_chr2,0,0.0302785536705607,-0.890612388597074,-0.889860795646693,0.283249964885645,0.283457616479836,-0.105372717682333,-0.10564003769671,0.0660075255611248,0.0648816197683484,0.0662832196134109,0.0696342371900913,0.0696176207118753,0.067175189123259,0.065094848664061,0.162515890893556,0.161310071972594,0.244259619049514
383_chr2,0,0.106066842706605,-0.957071041005731,-0.956870705139779,0.136362102323964,0.137120184082675,-0.0517120079016832,-0.0521567635061061,-0.270154316992203,-0.272056477500242,-0.269792576538964,-0.265458386168353,-0.265034769751594,-0.267942204409386,-0.270742556955763,-0.148433908022111,-0.149821254171256,-0.110177180542204
384_chr2,0,0.192038255942468,-1.01991522854556,-1.02033697900639,-0.0227698656531941,-0.0213861106905378,0.0198960378874619,0.019249473056123,-0.639796012876387,-0.642552159876644,-0.639350227967952,-0.633910558564976,-0.633007200802004,-0.636431589586228,-0.640047109231209,-0.489767062918454,-0.491378872593325,-0.501783058492205
385_chr2,0,0.0654186761442236,-0.936405596453396,-0.935913468190786,0.206197286353188,0.206658616017866,-0.0933137988314721,-0.0936627525846221,-0.103814252882642,-0.105331803110468,-0.10348246633098,-0.0996638923041155,-0.0994529345379358,-0.102123541789135,-0.104539620238196,0.00473152897245432,0.0034636884488104,0.0674376712922449
386_chr2,0,0.0538661020060051,-0.933120946294304,-0.93254655646672,0.224498951445239,0.224875676170551,-0.107353216274537,-0.107674832308676,-0.0589508663539506,-0.0603645895919995,-0.0586247939578213,-0.0549507412596184,-0.0547961694681072,-0.0574016408664582,-0.059708832832571,0.0459106333650774,0.0446805846252953,0.115760057397631
387_chr2,0,0.171960954253002,-1.02752022846636,-1.02780245382066,0.00108504696495326,0.00232040181615822,-0.0158990718096,-0.0164975606371209,-0.574232258545667,-0.576836161363799,-0.573782009026042,-0.568583107893047,-0.567756896499347,-0.571079258991706,-0.57450722922689,-0.430297334205115,-0.43182378197026,-0.428898460990014
388_chr2,0,0.0913936809719156,-0.975092554675779,-0.974793467603941,0.146351998336899,0.147000346876486,-0.0885406906859938,-0.0889497812633511,-0.233850908593881,-0.23566820141764,-0.233472428924957,-0.229304467326034,-0.228917715655235,-0.231761046568952,-0.234425909365309,-0.116295022248478,-0.117601556296234,-0.0672976227125011
389_chr2,0,0.0294007589547863,-0.974450188539928,-0.973714058615364,0.234417843761225,0.234610448188833,-0.178415864095824,-0.17867753468921,-0.00893123828520714,-0.01022735002927,-0.00856505798014284,-0.00515935806271095,-0.00504858810205855,-0.00755664392427669,-0.00963935455685272,0.0892482877519725,0.0881696598061721,0.177853977905259
390_chr2,0,0.338749593314331,-0.546466683219069,-0.547800082584979,0.0524988953523502,0.0550098887964967,0.63915271585567,0.638137091742794,-0.729539316408061,-0.732522909045714,-0.729577989401581,-0.722705266109363,-0.721892519350532,-0.725711729140525,-0.730644838831235,-0.544675447861159,-0.54752883627453,-0.686121788005802
391_chr2,0,0.00692706374514607,-1.04625431041944,-1.04537834533318,0.223318087509443,0.223338091885962,-0.272659052933064,-0.272864220482518,0.00548694478896294,0.00422719920697956,0.00592655713977752,0.00911217505148976,0.00923569735885277,0.00678872587938129,0.00490793891443531,0.0983136398571705,0.0974241360082391,0.206691747144834
392_chr2,0,0.0564511259217947,-1.03387001428762,-1.03333985760136,0.160668488285482,0.161053893262868,-0.189820938583297,-0.19014442291853,-0.16217673694527,-0.16382552007276,-0.161741244571799,-0.157956752986246,-0.157632954048708,-0.160336940863372,-0.162681157088198,-0.0541701820169185,-0.0552608207160232,0.0215969440409678
393_chr2,0,0.163393231733333,-1.12575041309123,-1.12599762543084,-0.0454666317572181,-0.0443043403034393,-0.112478483567266,-0.11305242141683,-0.63475501343971,-0.637495123651974,-0.634200155258287,-0.629029825557823,-0.628087800417398,-0.631446344074275,-0.634806303121659,-0.491216674667197,-0.49256626447719,-0.476955037859849
394_chr2,0,0.0469891138907096,-0.976125866266032,-0.975514117828311,0.208540217876471,0.208861970916686,-0.154195213498218,-0.154498645986628,-0.074135930078036,-0.0755830720349295,-0.0737646454659169,-0.0701415138574664,-0.0699501050680182,-0.0725545370564684,-0.0748026023366095,0.0295756227826969,0.0284345423033949,0.107056057328752
395_chr2,0,0.0151662878874617,-0.878532378209032,-0.877671166625357,0.311839613290339,0.311937388404523,-0.117075847089104,-0.11730773647156,0.131946634707048,0.130973032844559,0.132206438162422,0.135362325177634,0.135259760870317,0.132909067816819,0.130972150197515,0.223454883889613,0.222286994317508,0.313958036332663
396_chr2,0,0.0111068288867211,-0.972317062821538,-0.971451460951285,0.261566647400386,0.261624962281459,-0.203274128558796,-0.203492378513087,0.0592527971823853,0.0581146008750686,0.0596132464790524,0.0627924874812278,0.0628187726546705,0.0604112867406266,0.0585006135233717,0.151669318863013,0.150655071866499,0.251817240152651
397_chr2,0,0.0631202521743584,-0.9286428641607,-0.928132533895129,0.214084589050405,0.21452981494654,-0.0900216821853387,-0.0903654990234458,-0.0882645636466877,-0.0897463999457377,-0.0879416008920626,-0.0841573314487665,-0.0839687240853109,-0.0866204056454389,-0.0890139208810825,0.0193832601174626,0.0181124277019142,0.0829763207009968
398_chr2,0,-0.000683053650567089,-0.889517003877726,-0.888546935203817,0.327695997035747,0.327676112192584,-0.149596771069139,-0.149790496879311,0.179062597694528,0.178198629927932,0.179331311475022,0.182301021917492,0.182145356873884,0.179871024412851,0.178081530780686,0.265875704268891,0.264782565108683,0.367343100467665
399_chr2,0,0.0507118559517188,-0.972949274878595,-0.972362941100465,0.205172085574496,0.205521536085193,-0.146046021559498,-0.146358443365328,-0.0846468996698215,-0.0861185294716687,-0.0842783529024769,-0.0806119573636552,-0.0804090101401966,-0.0830308773142026,-0.0853134944909813,0.0201536222302869,0.0189941022622997,0.0950139151536953
400_chr2,0,0.0567649477039061,-0.929488226751545,-0.928933327631266,0.222568560988595,0.222966972144983,-0.100015355384385,-0.100344020514273,-0.0660555770933744,-0.0674859136054002,-0.0657328899654788,-0.0620260534446633,-0.0618643119365721,-0.0644823870008824,-0.0668163373080497,0.0396269910019833,0.0383808699405064,0.107349037631688
401_chr2,0,0.0307303750261592,-0.896850732202276,-0.896103934227806,0.278884947934868,0.279095282188095,-0.11005351955636,-0.110321649187226,0.0585600952837426,0.0574171882381775,0.058842619194746,0.0622040601809477,0.062199216303116,0.0597491093078482,0.0576637369171529,0.155354322162451,0.154156058392172,0.237277836223217
402_chr2,0,0.0301342534543797,-1.01922966597005,-1.01851026831995,0.206635031252497,0.206828439040994,-0.215675918670397,-0.215937431508563,-0.0533082311023319,-0.0547053351480038,-0.0528934951725359,-0.0494438140912488,-0.0492596713263591,-0.0518092705380959,-0.0539045362972304,0.0461394081701414,0.0451242768952276,0.137641079500648
403_chr2,0,0.133138961361363,-1.1805877908429,-1.1806359554543,-0.0354279194084937,-0.0344936965303164,-0.203547639604116,-0.204047289461922,-0.576374248783418,-0.578976816319543,-0.575765760529689,-0.570924368670399,-0.570030670602753,-0.573271878086686,-0.576354711598088,-0.441012432305242,-0.442169259481889,-0.403276240006661
405_chr2,0,0.197896122129608,-1.10913718827262,-1.10962325968389,-0.0843446277390334,-0.0829269470939407,-0.0479309276886656,-0.0485876348224802,-0.744124378905598,-0.747118614969,-0.743581025174908,-0.737999702138279,-0.736930650283536,-0.740461551919466,-0.744143366474799,-0.590195675433336,-0.591697199555159,-0.599253856312977
406_chr2,0,0.127580340505959,-1.01609232450067,-1.01605883949412,0.0706820769339567,0.071592289636492,-0.0708522104896702,-0.071345627581919,-0.402993337791793,-0.405200898047225,-0.402563752675664,-0.397919118104379,-0.397307656120471,-0.400380790491762,-0.403390610794309,-0.273184406843512,-0.274563912821991,-0.244254286315889
407_chr2,0,0.0304263148132481,-1.02588740211192,-1.0251717818736,0.202245487380131,0.202440360187993,-0.220948740047229,-0.221210664703401,-0.0605683353878832,-0.0619819893363172,-0.060146346032794,-0.0566878771480024,-0.0564920136956215,-0.0590487776671838,-0.0611476284075145,0.0391250009154782,0.0381186346215849,0.130940173329365
408_chr2,0,0.0742851171078866,-0.338922162963049,-0.338338233108284,0.550514630274248,0.551102391413106,0.431047870231702,0.430652445558795,0.420801985006642,0.420475543485224,0.420489395577683,0.423950347063038,0.423265045094457,0.421048022718262,0.418624323038806,0.518253339540252,0.516069414510453,0.530386566837224
409_chr2,0,-0.0805393341274112,-0.982966278824541,-0.981457577333047,0.384829641095096,0.384213025716953,-0.346067817180033,-0.346067638606891,0.380951784291975,0.380559500938244,0.381306592421726,0.38336801455026,0.383004469349871,0.381082896803747,0.380031369994915,0.444992730335557,0.444332552759982,0.604566539890587
410_chr2,0,-0.0244695619240002,-0.982006307723794,-0.980892493656186,0.306098465967933,0.305894208308574,-0.263460800023876,-0.263594021570233,0.178957971242246,0.178097567078035,0.17932223740335,0.1820718871472,0.181955541861333,0.179732021586527,0.178154159733841,0.260488196614751,0.259619610114404,0.384122308878891
411_chr2,0,0.034826272491108,-1.32822018152852,-1.32761363862725,0.0154484268103474,0.0156446627485778,-0.473319042546474,-0.473578588488174,-0.358185213785414,-0.360276095480882,-0.357435500031265,-0.353686874815445,-0.352998077870008,-0.355832343694104,-0.358010775831549,-0.250102586028374,-0.250678209793314,-0.138381626687956
412_chr2,0,0.0114242441984872,-1.03014242980975,-1.02929399679424,0.22658043613809,0.226635157952733,-0.252307999863793,-0.252524548217809,0.00422600367634196,0.00296267308439635,0.00464903672561468,0.00787733364636223,0.00799557436850096,0.00553784247627176,0.00361686950066487,0.0980833972030033,0.0971534706628865,0.20237386679397
413_chr2,0,0.00517307371918496,-0.999276912701502,-0.998376456138912,0.25385702712248,0.253868950108798,-0.235006171378984,-0.235209162855483,0.055604487783989,0.0544589466629519,0.0559929769516301,0.0591203576521173,0.0591625389639163,0.0567644658103235,0.0549060939317037,0.146793352382629,0.14584086964154,0.252763109911796
414_chr2,0,0.0380655390289152,-1.09112065184371,-1.0904757116674,0.152478887481819,0.152723242367029,-0.265643703876794,-0.265921026809317,-0.148991289711855,-0.150607162196993,-0.148497336136992,-0.144894057222834,-0.14456216174189,-0.147214923748829,-0.149393758670413,-0.0453984676655757,-0.0463365907904123,0.0464322332924625
415_chr2,0,-0.0997830628105519,-0.974242278217974,-0.972595709423419,0.417258351614868,0.416501138730404,-0.366669889905779,-0.366624311637732,0.458713646470336,0.458501202077683,0.459055419335403,0.460873564776539,0.46041100133843,0.458600658851807,0.457730921676264,0.516542019873402,0.515939985249427,0.687770335388607
416_chr2,0,0.115159297290881,-0.371594994972492,-0.371307550888489,0.473188142172852,0.474073086481074,0.462701351380254,0.462210097395324,0.242456324136195,0.241717945822607,0.242186714041422,0.246175435607265,0.245722596930652,0.243257449126544,0.240445833360624,0.353431504373965,0.351144991746669,0.341873096561508
417_chr2,0,0.153451482580968,-0.402203905821742,-0.402194218698713,0.400746317114738,0.401909671728327,0.492355303087423,0.491774273264645,0.0753766405520979,0.0742523472206926,0.0751472948154341,0.079630447575298,0.0793953876384519,0.0766977883253897,0.0735227608752869,0.199021355380557,0.196638735546359,0.165267897358559
418_chr2,0,0.176891035804546,-0.420940344850529,-0.421100679339498,0.35640296086073,0.357736737013889,0.510507189015687,0.509871205277026,-0.0268967895558956,-0.0282573106066479,-0.02710148852566,-0.0223156827257598,-0.0224174351398561,-0.0252573235250817,-0.0286548038712242,0.10450324736,0.102061798029018,0.0571636736137262
419_chr2,0,0.116387678900163,-0.372576903497235,-0.372298369626638,0.47086426838581,0.471758143866185,0.463652625606148,0.463158491686648,0.237096546180339,0.236345788032406,0.236828227732848,0.240832810242149,0.24038695772725,0.237914353071138,0.235091079359188,0.348478154601079,0.346188558934134,0.336207747948964
420_chr2,0,0.0310052612348806,-0.300470829140183,-0.299571968064762,0.634694998767143,0.634968481011025,0.400831619984405,0.400537500926567,0.613236637461178,0.613354543432128,0.612874370295664,0.61577347869986,0.614835994378834,0.612884936897782,0.610872472377134,0.696278752278646,0.694197752486404,0.733208256982254
421_chr2,0,0.201819856876513,-0.440867232177231,-0.441208390861245,0.309242181675114,0.3107572073609,0.52981238276696,0.529117953531356,-0.135668318401159,-0.137280076260552,-0.13584680463401,-0.130739116270479,-0.130699091264567,-0.133690309275688,-0.137324376402705,0.00397978684731459,0.00147577019753253,-0.0578091172561952
422_chr2,0,0.12297118413726,-0.373983915791225,-0.37375214057327,0.46071225926737,0.461654396498807,0.472051191700998,0.471541458994593,0.211963187470143,0.211154245560603,0.211697622773435,0.215784201172501,0.215369753670589,0.212860419941026,0.209975153550332,0.325433585044248,0.323121765623578,0.309057480237148
423_chr2,0,0.035751596055575,-0.304264818391168,-0.303400385424918,0.625715799639613,0.626023790975018,0.40450724158951,0.404201994773305,0.592527030160936,0.592597101779446,0.592169753782014,0.595130147170988,0.594219656629709,0.592239786672097,0.590182277098058,0.677139539896694,0.67504662756984,0.711317957430464
424_chr2,0,0.124395661961676,-0.375122574094583,-0.374901131497461,0.458017407234932,0.45896990139176,0.473154325311502,0.472641252923927,0.205747786014915,0.204924487980729,0.2054837191613,0.209588690510944,0.209182344426674,0.206664363449186,0.203765578062871,0.319689493098608,0.317374098468428,0.302487727478582
425_chr2,0,0.255338226429338,-0.479791692657541,-0.480520057664583,0.21029797633886,0.212202512252584,0.574557900315673,0.573737833737353,-0.365591824749246,-0.367734783746021,-0.365718205067933,-0.359922494785329,-0.359584132609795,-0.362896996315084,-0.36703849108254,-0.208325837858883,-0.210969877199211,-0.301424990136498
427_chr2,0,0.115040976846254,-0.371500415362741,-0.371212113027196,0.473411982856938,0.474296066894823,0.462609722534202,0.462118745950965,0.242972589852033,0.242235403991583,0.242702855342926,0.246690049147469,0.246236537548246,0.243772108004684,0.240961615158015,0.353908622024614,0.351622406362544,0.342418795521617
428_chr2,0,0.215240504308992,-0.451595045115771,-0.452033552076383,0.28385276641701,0.285465369363576,0.540205501567226,0.539479607690506,-0.194226416078933,-0.195973429457273,-0.194390790457101,-0.189109813818579,-0.188993461706691,-0.192066149336826,-0.195827585013048,-0.0501378915755346,-0.0526755918850448,-0.119705718228172
429_chr2,0,0.257583800248445,-0.485442216820794,-0.486187865959598,0.203746979463558,0.20566744705309,0.572996684504387,0.572171516981063,-0.378982246384159,-0.381156002547826,-0.379102096648118,-0.373274380610641,-0.372917209920305,-0.376246941199442,-0.380410235593692,-0.220883817548465,-0.223527792698989,-0.314994813317567
430_chr2,0,0.089143763519851,-0.346943920708824,-0.34646677423621,0.524707564522722,0.525403753333286,0.445854810121636,0.445424385634523,0.359561834306475,0.359093810773136,0.359260699966319,0.362910496504024,0.362303662671174,0.359999677236752,0.35743544971613,0.461839930569509,0.459613012516771,0.465070993474955
431_chr2,0,0.189801078432228,-0.427404483487816,-0.427657466927558,0.334282297788477,0.335710333934728,0.523805105534984,0.523138690473991,-0.0796346283289071,-0.081117093038261,-0.0798299211731237,-0.074880430820031,-0.0749147973720574,-0.077829819877397,-0.0813493348557728,0.0559474259983421,0.0534678743255266,0.000835144393331877
432_chr2,0,0.156428973898411,-0.404583967591516,-0.40459587805905,0.395113447026591,0.396298450032943,0.4946611099529,0.494073099416546,0.0623850000013126,0.0612306990167499,0.0621587851065102,0.0666803834284679,0.0664622573464504,0.063746583265798,0.0605432979576981,0.187014861771741,0.184624768914733,0.151535579830619
433_chr2,0,0.0566552302939969,-0.324829688749821,-0.324117878395506,0.583867158125323,0.584326737962063,0.417395063315057,0.417040971824049,0.497726189989288,0.497577425402012,0.497395062676668,0.500628375913597,0.499842807676495,0.497732806974867,0.495476423597952,0.589344436301825,0.587204759443471,0.61169636018293
434_chr2,0,0.227150381729155,-0.461115221972161,-0.461640118657797,0.261321452259852,0.263020648138743,0.549428660997285,0.548674844472225,-0.246192594969262,-0.248059638074869,-0.24634444607236,-0.240909688319782,-0.240725601288205,-0.243870587455413,-0.247745053729886,-0.0981635117643296,-0.100731103944589,-0.174634583173761
435_chr2,0,0.179765867779261,-0.423238345733843,-0.423419533161514,0.350964303510513,0.352318981652991,0.512733495190136,0.512090771422216,-0.0394404982278909,-0.0408299923138551,-0.0396421743024291,-0.0348192484845637,-0.0349046508972242,-0.037761990859722,-0.0411867547761742,0.0929107192714618,0.0904620545760575,0.0439048253729317
436_chr2,0,0.181337069515906,-0.42063876634777,-0.420830355083178,0.350294657714177,0.35166115474248,0.517250470176562,0.516603898942351,-0.042703752723904,-0.0441009157424035,-0.0429079455011872,-0.0380677429832756,-0.0381502468035513,-0.0410138888084184,-0.0444530761765538,0.0900778593478599,0.0876195509718158,0.03987151615949
437_chr2,0,0.230853098770027,-0.460219472269002,-0.46077023146441,0.25661936857553,0.258345880910372,0.555596308344555,0.55483364702618,-0.258756256320798,-0.260652450125007,-0.258908382831325,-0.253428826114067,-0.253229717945696,-0.256393945452027,-0.260303064307461,-0.109591535249741,-0.112174120870149,-0.188498532295983
438_chr2,0,0.228510690312171,-0.462202586504364,-0.462737350351541,0.258747996719267,0.260457082969396,0.550482101137147,0.549725095375383,-0.252128007793188,-0.254008760315144,-0.25227842852736,-0.246826106381635,-0.246634282881464,-0.24978752675923,-0.253674903031641,-0.103648846419147,-0.106219852754474,-0.180908384641632
439_chr2,0,0.152091145309848,-0.401116518357663,-0.401096963865,0.40331982692798,0.40447329096175,0.491301840731132,0.490724000212316,0.0813121785503759,0.0802015949244428,0.0810814024146209,0.0855469904109141,0.0853041938423158,0.0826148524139621,0.0794527352340619,0.204506805717843,0.202127600110715,0.171541831137197
440_chr2,0,0.205676450130619,-0.443950005286221,-0.444319138232186,0.301946211186154,0.3034892769354,0.532798977270384,0.532095506271089,-0.152495730462581,-0.154146355710792,-0.152670161475008,-0.147512676527839,-0.147450717959967,-0.150465347299392,-0.154136015394442,-0.0115716144232638,-0.0140853104998797,-0.0755958905815213
441_chr2,0,0.26413800313034,-0.494547750182265,-0.495341939425579,0.189038332249231,0.19100605706941,0.574762794792075,0.573922425227437,-0.411182597312392,-0.413430596811195,-0.41129137519762,-0.40537601159352,-0.404975510898848,-0.408348274298096,-0.412574260709256,-0.250825900091799,-0.253480608900177,-0.348445302794274
442_chr2,0,0.193757376993317,-0.438288900116055,-0.438572575042176,0.322185630254672,0.323641639917665,0.520259149393496,0.519583786856579,-0.104091929690749,-0.105630621523146,-0.104274713034616,-0.0992681086656795,-0.0992678829604854,-0.102213402977753,-0.105771442608532,0.0329782987477083,0.030500233955514,-0.0238468395622729
443_chr2,0,0.172892847914395,-0.421610810170281,-0.421743141731033,0.361657510848715,0.36296182115404,0.504101394671167,0.503474948918841,-0.0130540615140249,-0.0143824771490664,-0.0132587839784781,-0.00852158376986978,-0.00864002067988556,-0.0114588832282392,-0.014818908209429,0.117112829575538,0.114687131384986,0.0723812624993983
444_chr2,0,0.129742358269782,-0.390995788028944,-0.390816123572326,0.440974523984179,0.441964703379715,0.467366183267196,0.466841068343376,0.17161107198361,0.170709321968825,0.171365169100262,0.175548235201238,0.175190460484242,0.172630287394254,0.169679291003629,0.287590954707795,0.285279289820025,0.268161811768758
445_chr2,0,0.0721200148592185,-0.34493528876474,-0.344337653725649,0.549985479853215,0.550556705509147,0.422742713078538,0.42235269345208,0.423033727323772,0.422712704878215,0.422727234357811,0.426166277002329,0.425480787342056,0.423270408879191,0.420866276886791,0.519948407383076,0.517781365280305,0.533918528432243
446_chr2,0,0.1583449206068,-0.409981904516917,-0.410008710941227,0.38917953386702,0.390378070817978,0.4928352961043,0.492242957895148,0.0504226785295026,0.0492408793276469,0.0502026588718909,0.054752015294234,0.0545508401113501,0.0518202902991121,0.0485983323079404,0.175776173181905,0.173386987941689,0.139476926554199
447_chr2,0,0.159045973026713,-0.414419672690023,-0.414452565519409,0.38553743368206,0.386740670344268,0.490059272477555,0.48946545537477,0.0437510753715622,0.0425539986491108,0.0435359853349997,0.0480974216210064,0.0479063050418005,0.0451682452781621,0.0419391431615046,0.169426491478933,0.167041279246056,0.133012284983872
448_chr2,0,0.16833016469369,-0.421841004037112,-0.421941240864835,0.367973437700894,0.369244176769076,0.497249067712457,0.496633483868512,0.00324150940395418,0.00195086505235276,0.00303618172530395,0.0077174960996631,0.00757918140537628,0.00478476224761959,0.00146754858275999,0.131988737333509,0.129580223277487,0.0901931952306083
449_chr2,0,0.173640035666721,-0.42608545668465,-0.426224209298648,0.357928131035958,0.359237476487868,0.501361098828276,0.50073306601826,-0.019926966234757,-0.0212711243499539,-0.0201267105667076,-0.0153768347920153,-0.0154849507133652,-0.018311603276207,-0.0216792102298924,0.110577110865334,0.108155269889881,0.0657038427992953
450_chr2,0,0.0856394106778073,-0.355742036361202,-0.355242465881976,0.524409250673233,0.525078771558066,0.433212303875654,0.43279058809298,0.364044762382072,0.363587489214894,0.363752485105044,0.367366091070157,0.36675749012651,0.364465042595652,0.361932604883263,0.4654325340571,0.463231560452084,0.47156649567261
451_chr2,0,0.0641881590043418,-0.338594948904485,-0.337939779197146,0.564991103321091,0.565504658974803,0.416600183769049,0.416228760339169,0.457642667932094,0.45740158405025,0.457327834593751,0.460664460598127,0.459933860178074,0.457771631797225,0.455442777020608,0.551932976429408,0.549785842005084,0.570500587478693
452_chr2,0,0.0912451645233671,-0.364111401484048,-0.363653497095141,0.511481770464343,0.512191650455967,0.434225112598272,0.433790419341916,0.335962288323147,0.335440283903903,0.335680109889168,0.339369134145886,0.338798503513898,0.336468762949037,0.333882631686218,0.43929502993331,0.437085735614744,0.442471979448575
453_chr2,0,0.119220023411401,-0.614631068235558,-0.61443499895351,0.322286933880611,0.323176824786354,0.260592522600564,0.260101935112798,0.0013160873082132,2.89147251275601e-05,0.00131002287383053,0.00553842781522151,0.00548416637334448,0.00279311536908011,-8.73909562031372e-05,0.119198733685565,0.117256548358939,0.123306948570467
454_chr2,0,0.182195609432738,-0.432924366312929,-0.433125177807887,0.341742547128057,0.343114097436825,0.50798664316226,0.507338551852127,-0.057257365293403,-0.0586877479052523,-0.0574481134115485,-0.0525877675103637,-0.0526472254076644,-0.0555258143125252,-0.0589746178719386,0.0760774496439409,0.0736341355587165,0.0262451700232038
455_chr2,0,0.207610978373142,-0.441640851441113,-0.442023021127223,0.300589217959045,0.302146744225631,0.537597316889767,0.536889146606995,-0.157344281728156,-0.159006237573912,-0.157520847404319,-0.152341394461562,-0.152274470958317,-0.155297607902261,-0.158986147596349,-0.0158695591802571,-0.0183938108284218,-0.0813048772069531
456_chr2,0,0.291316392125126,-0.520150213673913,-0.521142545860367,0.135305944199237,0.137470877027209,0.592491154871239,0.591587230429135,-0.533382342402323,-0.53591246242738,-0.53345834966047,-0.527189029095904,-0.52662788552173,-0.53016888871303,-0.534653302204787,-0.363943306188212,-0.366660495832122,-0.477024555080727
457_chr2,0,0.28201213834209,-0.504969042392102,-0.50589188541261,0.157533022719271,0.159631100988809,0.591914297918916,0.591031858278501,-0.485570025803167,-0.487989974824703,-0.485664189589701,-0.479521053257453,-0.47902495153865,-0.48250297427747,-0.486898105622815,-0.319389120814027,-0.322094407151825,-0.427659355248059
458_chr2,0,0.218062406613794,-0.453850736594819,-0.45430971256242,0.278514242340964,0.280147362442047,0.542390818337084,0.541658308524454,-0.206539177563286,-0.208314630542813,-0.206700584701949,-0.201383171476812,-0.201250770389839,-0.204340588289346,-0.208128805207261,-0.0615169850388178,-0.0640617678678193,-0.132720452563529
459_chr2,0,0.307669332479344,-0.525478155727883,-0.526587106284869,0.108994294644793,0.11127891821595,0.611783552967271,0.610840960162887,-0.597519653269793,-0.600198179764973,-0.597586838432751,-0.591112414736347,-0.590470393129117,-0.594104167059664,-0.598742797804747,-0.422849686970638,-0.425619368726112,-0.545991433902541
460_chr2,0,0.233621914614158,-0.466288250662856,-0.466860089388842,0.249078493296771,0.250824741633835,0.554440297763101,0.553671308761398,-0.274429731568784,-0.276361995860116,-0.274574777833881,-0.269056459226595,-0.268835566714595,-0.272019838119064,-0.275955722425628,-0.1242594462068,-0.126843280890465,-0.204481570114992
462_chr2,0,0.167042543523378,-0.413067939033256,-0.413156836301668,0.375034510601592,0.376296681498414,0.50288039226116,0.50226749826364,0.0160749803144435,0.0148137140083695,0.0158599256228249,0.0205185670480361,0.0203608034081153,0.017580699986175,0.0142766866787882,0.144216498222423,0.141799767018081,0.102585341977341
463_chr2,0,0.297008417030452,-0.516956338336829,-0.517987958664322,0.129162800726578,0.131369912170832,0.603527605455247,0.602610007114078,-0.551003050301751,-0.553574134316325,-0.551081445452183,-0.544744676191398,-0.544163286295668,-0.547732343473589,-0.552269796884215,-0.379860405204688,-0.38260332978245,-0.496822835080766
464_chr2,0,0.11953469575927,-0.37509247574133,-0.374836769135155,0.464910686916502,0.465827443355958,0.466089715191259,0.465588203106394,0.223365217527505,0.222582743219784,0.223100208178536,0.227145425174782,0.22671747065553,0.224225762132347,0.221372621681577,0.335788062917404,0.333490568745892,0.321693571359478
465_chr2,0,0.280225771590494,-0.507407529973618,-0.508318413775953,0.158603210839025,0.160687904709043,0.587221365787161,0.586343278529431,-0.481378101787624,-0.483788236495083,-0.481469963331683,-0.475346873411923,-0.474854876922108,-0.478325300614857,-0.482703967866418,-0.315698528960721,-0.318393615472285,-0.422642780219828
466_chr2,0,0.269587167766714,-0.49890354741071,-0.499737262823602,0.178729507398661,0.180736851362508,0.578982696679296,0.578129551575287,-0.434958850778886,-0.437261767866012,-0.435061898849671,-0.429076175276372,-0.428644683605388,-0.432050525987531,-0.436328227652937,-0.272799217023648,-0.275467602356078,-0.373577083569023
468_chr2,0,0.178456245752162,-0.422191497569654,-0.4223631854968,0.353441869339172,0.354787025636248,0.511719307359066,0.511079653993472,-0.0337262452479425,-0.0351025407451062,-0.0339292983943267,-0.029123282501494,-0.029216133113636,-0.0320655230567226,-0.0354778580155974,0.0981916644773206,0.0957462867219059,0.0499448582732325
469_chr2,0,0.238096263721524,-0.469864827760723,-0.47046912171487,0.240613841493035,0.242392621399971,0.557905290198129,0.55712581110721,-0.293952587928119,-0.295929945454596,-0.294092929400491,-0.288516837705698,-0.288270498275417,-0.291481931075709,-0.295460279157385,-0.142301898134862,-0.144896962712882,-0.225117459903564
470_chr2,0,0.168016143819869,-0.413846187766055,-0.413942147161047,0.373192636552862,0.374461886187912,0.503634360621951,0.50301918402338,0.0118268856120154,0.0105558072000793,0.0116128546642935,0.0162840672800351,0.016131840786767,0.0133458271547848,0.01003257390142,0.140290533545755,0.137871358761753,0.0980950556955995
471_chr2,0,0.226330688579362,-0.47209220047816,-0.472614155147937,0.255924616245687,0.257616660136241,0.538837047810315,0.538085647215077,-0.253454232177984,-0.255337650996224,-0.253594367741474,-0.248161110387374,-0.247963470549377,-0.251113243548189,-0.254981402917631,-0.105426451442649,-0.107974788631494,-0.180548245294771
472_chr2,0,-0.00757234522081007,-0.273489288140583,-0.272311595360115,0.705374007475992,0.705366609030438,0.367656417997321,0.367452907737472,0.777969349607702,0.778467881218367,0.777570686789301,0.779974689382025,0.77882384033507,0.777103731114741,0.775456899039533,0.848336954738588,0.846358478732106,0.907916690315183
473_chr2,0,0.151053070230496,-0.396431209968744,-0.396403130081326,0.407586456593614,0.408732768291023,0.493798158810514,0.493222588261916,0.0894339401221971,0.088341984289845,0.089197903620589,0.0936470771644937,0.0933923394758849,0.0907125355381782,0.0875607582277533,0.212195644121746,0.209813343697797,0.179542618394717
474_chr2,0,0.17243001816346,-0.413518902628545,-0.413645882998142,0.367145173060049,0.368446909749705,0.510352737162429,0.509727048465787,-0.00383975709763806,-0.00514715336985905,-0.00405331566855827,0.000671878421339756,0.00053871762226132,-0.00227085440692987,-0.00562550947406049,0.125994825590559,0.12355887247632,0.0809512186234018
475_chr2,0,0.141333665017611,-0.388661990076613,-0.388563409317178,0.425973797163675,0.427049442155781,0.486271328711321,0.485718545259876,0.131842466438787,0.13084846439015,0.131596209950799,0.135919885900661,0.135609871141743,0.132989068548325,0.129929533176847,0.251388361791931,0.249030455506909,0.224368931668617
476_chr2,0,0.108589190475601,-0.362487649425405,-0.362151552690619,0.487920366115598,0.488757936443454,0.460913594244368,0.46043758005053,0.274715911873171,0.274051914089911,0.274435224463077,0.278336101621937,0.277839859559824,0.275417831271386,0.272669057078744,0.383427814605599,0.381152091668586,0.375387851207394
477_chr2,0,0.104433524636322,-0.359165812235123,-0.358799571879502,0.495782127345688,0.4965894831484,0.457695394155354,0.457229122899394,0.292848262592988,0.292226146301845,0.292563205486667,0.296410424417163,0.295890547880743,0.293493746431353,0.290784411552767,0.400185201956278,0.397919909070033,0.394553960109433
478_chr2,0,0.158891146072962,-0.402696586647411,-0.402725361183668,0.392758247791459,0.393961547646433,0.49986806369447,0.499274116816066,0.0552341883517884,0.0540632390862985,0.0550063936125715,0.0595567729029822,0.0593466126200823,0.0566192278889819,0.0533930633812454,0.180589235412285,0.17818726268259,0.143393076783547
479_chr2,0,0.209642689774722,-0.443264902737513,-0.443661809686075,0.296745590837564,0.298317889031827,0.539170699848429,0.538457766228387,-0.166209215801218,-0.167891647572695,-0.166383645126194,-0.161177958593305,-0.161099480159328,-0.164134950543568,-0.167842772178779,-0.0240622715536274,-0.0265916224696077,-0.0906752172405816
480_chr2,0,0.0835378444059007,-0.342462821573658,-0.341945011894054,0.535312940232315,0.53596837018724,0.441513515588037,0.441096234150389,0.384022052094028,0.383610525946732,0.383715023111583,0.387292435656051,0.386653719338808,0.384383764460418,0.381872739871182,0.484445347290245,0.482232499190008,0.490925732616498
481_chr2,0,0.0646443480233031,-0.327360279317986,-0.326705423395196,0.571055986739472,0.571574048088832,0.426882153468985,0.42650916773958,0.466459744628096,0.466238630282525,0.466132849072393,0.469466307559265,0.468720138460187,0.466564875958591,0.464233159948598,0.560631847730025,0.558466419257375,0.578063347432977
482_chr2,0,0.169683846798257,-0.41132374677997,-0.411430807466036,0.372340428021617,0.373622198172341,0.50822606738826,0.507606817076717,0.00814256878138453,0.00686284888133448,0.00792612260228953,0.0126158579484046,0.0124670788780112,0.0096741773959006,0.00634558484657433,0.137068540147459,0.134639479480271,0.0936166786206032
483_chr2,0,-0.0248375534688412,-0.255832798589341,-0.254528874956461,0.740339411141983,0.74020687803374,0.357586239291931,0.357423043435258,0.856894703472852,0.857575402626487,0.856473717404983,0.858651779743452,0.857396701173911,0.85578463574682,0.854302147021161,0.921460398959052,0.91951955562187,0.990757711005117
484_chr2,0,0.212396947696269,-0.445466522585997,-0.445883407874897,0.291535037587439,0.293127361115415,0.54130363195392,0.540584240989888,-0.178226825623037,-0.179937015264346,-0.178398358836798,-0.173157109145982,-0.173062966450105,-0.176115156470612,-0.179849117369026,-0.0351685944968212,-0.0377048581558044,-0.103377972782115
485_chr2,0,0.234204059595427,-0.462898067402368,-0.463473133194231,0.250279962348092,0.252030838453755,0.558191334711847,0.557420817082493,-0.273377450440933,-0.275307415786171,-0.273526053405188,-0.268003228863191,-0.267785062810815,-0.270969632219662,-0.274910553342528,-0.123104014529814,-0.12569501052124,-0.203953307196077
486_chr2,0,0.155257405060767,-0.399791950783751,-0.399794367543534,0.399632622516165,0.40080950259548,0.497054048780573,0.496468621189889,0.0710892327673713,0.0699549049487076,0.0708576171375919,0.0753610773270474,0.0751302509073817,0.0724249246870463,0.0692332461698877,0.195242002989948,0.192849150363915,0.160152046020978
487_chr2,0,0.149917692067657,-0.395523643876518,-0.395487328387354,0.409734384835997,0.410872441559745,0.492918907627665,0.49234599896752,0.0943879176180831,0.093307404315861,0.0941506872626219,0.0985852007296351,0.0983240058168278,0.0956510941566231,0.0925100921437481,0.216773964997393,0.214394514189448,0.184779031127492
488_chr2,0,-0.260905313166537,-0.0709872326354334,-0.0679719587726139,1.18463374171028,1.18278443979458,0.171472169425819,0.171862597048581,1.8833330629905,1.88638472642422,1.8826680197275,1.8818009705148,1.87920934356284,1.87902708417325,1.87978450664352,1.86988171717785,1.86853906604742,2.07629919264032
489_chr2,0,0.282550677658724,-0.50539952453374,-0.506326273913805,0.156514204632317,0.158616198450013,0.59233134956449,0.591447647321328,-0.487919825845636,-0.490345202356056,-0.488013423356316,-0.481863333369286,-0.481364168821532,-0.484845460746372,-0.489245703094877,-0.321560737176226,-0.324267375160819,-0.430143121650324
490_chr2,0,0.211113510150449,-0.444440605022845,-0.444848180743497,0.293963067156996,0.295546059218607,0.540309721715719,0.539593339764626,-0.172626822974169,-0.174324077918239,-0.172799705726708,-0.167575027865195,-0.167488184450076,-0.170532583403243,-0.174254363847694,-0.0299932361000002,-0.0325262785378166,-0.0974587038313657
491_chr2,0,-0.060037137290656,-0.311031028626332,-0.309493299796927,0.757157200644102,0.756760200999161,0.258994798730058,0.25891766839235,0.932833845351846,0.933692790149396,0.932465953791312,0.934254592780001,0.932929816754024,0.931461487274478,0.930302511496988,0.987686885087579,0.985957594225622,1.083649363285
492_chr2,0,-0.109121454565848,-0.21175815338736,-0.209848882443305,0.885874124725111,0.885126402223697,0.272373464377,0.272408861452706,1.20294180325808,1.20442258541531,1.20245738341028,1.20356535967144,1.201867415748,1.20074743955527,1.20006189753097,1.24016151156221,1.23846665199233,1.36006259143263
493_chr2,0,0.0959612871152796,-0.363992842453309,-0.363568142943423,0.504882144515924,0.505626712482797,0.441205695297047,0.440759779926433,0.319007482944968,0.31844618418878,0.318726059154783,0.322472941861686,0.321923044416562,0.319567938258755,0.316937540858988,0.423810399761874,0.421583519912363,0.423961559297774
494_chr2,0,0.103900613471754,-0.36259535061454,-0.36222624031644,0.494487516899868,0.495290602897409,0.453982484495811,0.453517626439064,0.29158116033509,0.290956248911253,0.291299711697448,0.295143060403484,0.294626190333652,0.292229388016301,0.289524622700867,0.398831238884057,0.396572983736637,0.393798628718451
495_chr2,0,0.223618887156334,-0.462158739235433,-0.462659018208831,0.265693103677444,0.26736622688724,0.543384279849461,0.542638907150576,-0.234386182462785,-0.236225823565622,-0.23453756633102,-0.229145388195182,-0.228975331439565,-0.232102124817036,-0.235943564875823,-0.0874358327130347,-0.0899888450777926,-0.161569403863292
496_chr2,0,0.25905498393552,-0.48661820951955,-0.487374530065767,0.200963768464236,0.202894932562637,0.574135987724572,0.573307371018415,-0.385401438787739,-0.38759002178551,-0.385519742097238,-0.379673030040037,-0.379307492302302,-0.382646154355836,-0.386823411007331,-0.226816247118546,-0.22946391470276,-0.321779975515852
498_chr2,0,0.147358948007845,-0.397333829951641,-0.397279949897996,0.412272280450681,0.413391338182332,0.48763716739898,0.487070421493188,0.101960099839967,0.100897208086208,0.101724347783267,0.106128833339346,0.10585912339516,0.103198508622002,0.100081302323484,0.223589009695834,0.221221681140427,0.193366927847053
499_chr2,0,0.218409870309604,-0.454128482176792,-0.454589978514006,0.277856904451385,0.279492550850534,0.542659898609665,0.541926574170129,-0.208055260385753,-0.209834215162249,-0.208216302165204,-0.202894402466164,-0.202760025252594,-0.205851952419561,-0.209643466938955,-0.062918104369917,-0.0654637592767338,-0.13432297001584
503_chr2,0,0.0455238222876344,-1.64138922699398,-1.6409389400637,-0.186728045104213,-0.186485252958618,-0.72577899389272,-0.726050679298932,-0.688686491515174,-0.691530358219837,-0.687596157645275,-0.683471530206499,-0.682244897865758,-0.685399764652353,-0.687718279878955,-0.569996289215133,-0.570148397981803,-0.441583732060206
504_chr2,0,-0.483889676164424,-0.509239664212908,-0.50476614109457,1.23826632471825,1.23473258577498,-0.528912112985597,-0.527972709461608,2.28186365800829,2.28585687309975,2.28163073848026,2.27836591898501,2.27547147344753,2.27612541727232,2.27892103605367,2.20893935151534,2.20906781610366,2.59093364693529
505_chr2,0,0.0146748183074493,-1.31211208897863,-1.31135937508631,0.0535712998608213,0.0536210209822463,-0.488924583067718,-0.48913688402537,-0.27025869396789,-0.272146485953501,-0.269530169533742,-0.266041741208693,-0.265467551415167,-0.268179488469121,-0.270166673388678,-0.16884347220762,-0.169368519073854,-0.0454422565952428
506_chr2,0,0.0632221786370763,-0.333945410213176,-0.333282232414105,0.569134398824878,0.56964132856046,0.41917104384879,0.418801720434798,0.465470226992807,0.465247090619514,0.465150185460812,0.468471310834588,0.467729145088948,0.465576034896289,0.463256838541765,0.559350958714163,0.557200516208904,0.578187088093158
508_chr2,0,-0.0554654552695747,3.28394894925154,3.28638277468032,2.89785885739334,2.89786394445802,3.34286350074922,3.34262277366229,4.26587911772935,4.27431380750481,4.26162496909399,4.26066248079562,4.25372867347099,4.25525287808329,4.25450602446447,4.23874468226875,4.23168349590739,4.06161862897473
509_chr2,0,0.153754568350552,-0.477840623537043,-0.477852603623939,0.355142217161714,0.356300047748009,0.428054522190632,0.427475984718406,0.00380614436109639,0.00251911289735984,0.00365863841959468,0.00820457982116718,0.0080893023216948,0.00532658557230858,0.00213913837466873,0.129300537248323,0.127028624062289,0.101037323531749
510_chr2,0,0.0861612030717446,-1.18420377205155,-1.1839218083952,0.0288572496712141,0.0294456926567692,-0.275166199628138,-0.275553961463855,-0.409754565177021,-0.411970875257329,-0.409150961129186,-0.404884001466902,-0.404193015776759,-0.407183597775042,-0.409825800186884,-0.288980807655823,-0.289958863595082,-0.220921434138313
511_chr2,0,0.131536113660124,-0.380830303956576,-0.380660655482686,0.44450897597523,0.44551338608626,0.478683981251195,0.478154168110149,0.174591966586318,0.173696705891251,0.174335407941024,0.178532577268725,0.17816684099976,0.175605514134348,0.17263896234719,0.290896197487894,0.288562881476013,0.269555658309628
515_chr2,0,0.0103237147137345,-0.283939006553023,-0.282890129398174,0.673820709761861,0.673943823056079,0.384815569264876,0.384569937989932,0.703476100751288,0.703802438790917,0.703092086871946,0.705724153798535,0.704669047537061,0.702843536735049,0.701027350269461,0.779675420699422,0.777646328252125,0.828592435647493
516_chr2,0,0.211969463694838,-0.441280134088456,-0.441692925778211,0.294640064159512,0.296229673653356,0.544263518109185,0.543544966048264,-0.172779349329662,-0.174477087781288,-0.172955489146562,-0.167722761449005,-0.167637070286005,-0.170683438490289,-0.174412855701567,-0.0299517667077849,-0.0324926416376736,-0.0982022942120553
519_chr2,0,0.167037006931476,-0.409207991700943,-0.409295853216421,0.377347765919249,0.378610291738787,0.506176321180475,0.505563276371828,0.0196914831117994,0.0184384385045435,0.0194722537719252,0.0241278129490441,0.0239639805343144,0.0211871466105404,0.0178836738742114,0.147741708447864,0.145319290921692,0.105824017491186
520_chr2,0,-0.0414780247629699,3.27276807748506,3.2751004434082,2.87139719201447,2.87150397723947,3.35369554351743,3.35342202296928,4.20484798447086,4.2131417065932,4.20060854366443,4.19982666198108,4.1929724052218,4.19441169957622,4.19353209835788,4.18234149680942,4.17524520425426,3.99710800018082
521_chr2,0,0.166265296287139,-0.40859112373859,-0.408673387558306,0.378807701597222,0.380064616554008,0.505578698715063,0.504967463178181,0.0230586759031626,0.0218134087242463,0.0228386351070209,0.0274842299059666,0.0273160085494641,0.0245438592709357,0.0212477104484248,0.150853569384219,0.148433088727254,0.109383180047141
522_chr2,0,0.263052434931136,-0.489813577457476,-0.490598893994174,0.193401320839242,0.195361549132961,0.577231664241276,0.576393675531153,-0.402843453194356,-0.405072323168713,-0.402957553171055,-0.39705922576587,-0.396670953367433,-0.400033881821772,-0.40424907625059,-0.242935645871868,-0.245593346413119,-0.340216390780134
523_chr2,0,0.104555387795653,-0.366985167664047,-0.366621805257495,0.490939511688696,0.491746962047389,0.451180002831031,0.450713773913866,0.285121692287523,0.28448199295163,0.284845112760183,0.288699935226518,0.288192843403478,0.285788821261916,0.283077352410035,0.392678126223616,0.390423944032193,0.387556556514762
525_chr2,0,0.279803970608058,-0.499348418834275,-0.500254249052549,0.164013254109382,0.166095672670863,0.593504481474715,0.592627055080924,-0.472342817544849,-0.474732346384247,-0.47244347205349,-0.466331858486305,-0.465854352543073,-0.469315734780511,-0.473689421501218,-0.306981978145781,-0.309687422556622,-0.414262050534035
526_chr2,0,0.117187106516592,-0.369360405409278,-0.369086674690226,0.471654678352222,0.472554761394158,0.467571928970641,0.467075757005433,0.237200761438981,0.236450112426573,0.236929114765732,0.240941008777301,0.240493665552009,0.238019443884101,0.235189071236703,0.348757411575193,0.34646010925613,0.335733894044949
527_chr2,0,0.257159808980761,-0.481247777169267,-0.481989355243932,0.206851874646846,0.208769654708182,0.575968556840008,0.575144219570462,-0.373539906949528,-0.375701224158493,-0.373664371868203,-0.367845141192884,-0.367496419150202,-0.370820340715198,-0.374979123197571,-0.215671222590472,-0.218319833809105,-0.309826206910145
528_chr2,0,0.162908983169545,-0.405908250243115,-0.405966168642883,0.385157233384532,0.386389745655681,0.502979527465126,0.502376160787645,0.0377032235947747,0.0364917818981798,0.0374796536244095,0.0420819114894697,0.0418946018089277,0.039142826923837,0.0358785311646459,0.164387631350914,0.161975574498356,0.124862639948156
529_chr2,0,0.155091288457079,-0.399659165248677,-0.399660377061742,0.399946884808915,0.401122557107216,0.496925405985543,0.49634036785441,0.0718140467045259,0.0706813930366477,0.0715822564025945,0.0760835716836286,0.0758518005107622,0.0731474826960556,0.0699573807072214,0.195911854797347,0.193519419097188,0.160918182914527
530_chr2,0,0.328489646222629,-0.538265380434471,-0.539524358042982,0.0719088424914864,0.0743452391221784,0.631207283301466,0.630215713583487,-0.68477225230125,-0.68765244348415,-0.684821713662704,-0.678081467476525,-0.677327072006104,-0.681083999109299,-0.6859197368526,-0.503303038658273,-0.506130676259814,-0.638802472427047
531_chr2,0,0.299931494551033,-0.515437382713444,-0.516489210341895,0.125935652706269,0.128164412095384,0.609091490115468,0.60816687484196,-0.56016492292347,-0.562757300299775,-0.560244413274837,-0.553872911805709,-0.55328093480877,-0.556864500548576,-0.56142920737741,-0.388144595200908,-0.390900556449411,-0.507091053331417
532_chr2,0,0.197993832128879,-0.43780889404583,-0.438122300200223,0.316480322129529,0.317967530005747,0.526849460900859,0.526164001761236,-0.118974285418268,-0.12054748396334,-0.119156794728658,-0.114098508246216,-0.114080242950322,-0.117048235198296,-0.120645991467453,0.0194079230808359,0.0169135091358683,-0.0401633271924373
533_chr2,0,0.173254325397528,-0.410333135172582,-0.410465101960972,0.36788203910526,0.369190163136887,0.514282026253664,0.513654241641811,-0.00385420161019123,-0.00516176245318478,-0.00407105052167056,0.000661784785048525,0.000527291752125514,-0.00228405742024851,-0.00564604891514664,0.126163906176933,0.123720199997754,0.080353582381814
534_chr2,0,0.247414779782742,-0.473458074709462,-0.474128966045459,0.22528769111961,0.227134618171794,0.568421883203238,0.567620393106149,-0.331019575905785,-0.333082681088248,-0.331154287754543,-0.325460885531836,-0.325167586290482,-0.328432350961591,-0.332498648320788,-0.176375178266755,-0.178999331034393,-0.264881714718933
535_chr2,0,0.212118745568354,-0.445244141333349,-0.445659008649731,0.292061345232942,0.293651646041692,0.541088188713908,0.540369449993381,-0.177012950699151,-0.178720336573104,-0.17718477644336,-0.171947118916566,-0.171854558436703,-0.174905059639924,-0.178636380263225,-0.0340467668524558,-0.036582332268984,-0.102094892648484
536_chr2,0,0.0949426683327853,-0.351579283227252,-0.351144199806554,0.513737095096523,0.51447544590039,0.450345555216869,0.449901535226281,0.334259565085236,0.333733099223854,0.333964528312462,0.337689200687338,0.337115346904402,0.334776159400318,0.332156897419048,0.438456314581534,0.436214842213328,0.438326196021143
537_chr2,0,0.0491287311518933,-0.314957849684098,-0.314190449372494,0.600408701779174,0.600813954010998,0.414866663887333,0.414530054444468,0.534158789168088,0.534094043792218,0.533815578890484,0.536948698720328,0.536114287817775,0.53405321238142,0.531868747211661,0.623197321460228,0.62107083468259,0.649622037217165
538_chr2,0,0.153162877391908,-0.398117687217915,-0.398104911069915,0.403595086549425,0.404756737983953,0.495432020111508,0.49485150313052,0.0802282520612572,0.0791150332411146,0.0799944340287815,0.0844708495403643,0.0842281109356748,0.0815354994798136,0.0783636990610699,0.203688016895117,0.201300421195596,0.169812097370692
540_chr2,0,-0.0215028718723431,3.25680091161564,3.25898838537032,2.83360784882996,2.83385986704111,3.36916455409164,3.36884420189694,4.11769071728366,4.12578312648992,4.11347228041585,4.11294831920947,4.10620766692563,4.10752570274137,4.10645652749118,4.10179330373446,4.0946468767684,3.90498173920527
541_chr2,0,-0.0431029749394011,3.27406698363806,3.27641113633229,2.8744713011445,2.87456627187337,3.35243716158667,3.35216745072612,4.21193810375398,4.2202482023947,4.20769695430713,4.20689409116111,4.20003059283991,4.20147975140337,4.20061557176193,4.18889397734686,4.18180176315448,4.0046023400162
542_chr2,0,-0.0215028718723431,3.25680091161564,3.25898838537032,2.83360784882996,2.83385986704111,3.36916455409164,3.36884420189694,4.11769071728366,4.12578312648992,4.11347228041585,4.11294831920947,4.10620766692563,4.10752570274137,4.10645652749118,4.10179330373446,4.0946468767684,3.90498173920527
543_chr2,0,-0.0207936076089432,3.25623396025357,3.2584162892748,2.83226605030632,2.83252322535244,3.3697138172913,3.36939180223007,4.11459599579392,4.12268125691686,4.1103783047198,4.10986350157985,4.10312688308714,4.10444061333643,4.10336470681931,4.09893325279306,4.09178504568813,3.90171058203374
544_chr2,0,0.201519548291469,-0.429093087248184,-0.429429089215156,0.316699259433357,0.318213283875162,0.539452674393985,0.538758459234934,-0.123611207068516,-0.12519550944274,-0.123802480445534,-0.118707676606495,-0.118687420554811,-0.121667135140118,-0.12529689222291,0.0156699079854308,0.0131495924169536,-0.0468117214677917
545_chr2,0,0.274002686829231,-0.494711154686196,-0.49557490459644,0.174988224104814,0.177028463376287,0.589011894078261,0.58814806876542,-0.447030168219535,-0.449361230755275,-0.447136922797049,-0.441100215784397,-0.440655703420946,-0.444081869147286,-0.448400498829788,-0.283588769169704,-0.286279653294257,-0.3875062811876
546_chr2,0,-0.074433152745895,3.29911080425329,3.30168221415178,2.93374227882582,2.93360945779237,3.32817467636644,3.32797841895184,4.34864057071655,4.35726642010471,4.34436647748523,4.34315907703991,4.33611739493035,4.33775674235485,4.33718990152017,4.31523039263479,4.30821681213379,4.14909846241463
547_chr2,0,-0.0693371845977076,3.29503733512227,3.2975717808043,2.9241016372616,2.92400586739244,3.33212105843429,3.33191285354773,4.3264054138744,4.33497990524724,4.32213667907026,4.32099507809804,4.31398237823415,4.31559079074395,4.31497558666353,4.29468131205696,4.28765494149811,4.12559563897625
548_chr2,0,-0.0215028718723431,3.25680091161564,3.25898838537032,2.83360784882996,2.83385986704111,3.36916455409164,3.36884420189694,4.11769071728366,4.12578312648992,4.11347228041585,4.11294831920947,4.10620766692563,4.10752570274137,4.10645652749118,4.10179330373446,4.0946468767684,3.90498173920527
550_chr2,0,-0.052773356802527,3.2817970166483,3.28421131461779,2.8927658984851,2.89279055894186,3.34494829578842,3.34470125709002,4.25413272726759,4.26254028562654,4.24988140938257,4.2489536816352,4.24203518505366,4.24354304736671,4.2427706444085,4.22788901231278,4.22082106921862,4.04920255550059
551_chr2,0,0.150813633695796,-0.4000953376962,-0.400066516619746,0.405736645716298,0.40688082136927,0.490312519609303,0.489737674210109,0.0868863246753309,0.0857886160241104,0.0866542052319343,0.0911032979149429,0.0908532357680749,0.0881716494338778,0.0850216564679318,0.209658268272728,0.207282269013632,0.177433769436737
552_chr2,0,-0.0461356324095499,3.27649114254768,3.27885729298679,2.88020853552404,2.88028145676458,3.35008863335609,3.34982603254589,4.22517044990223,4.23351111216978,4.22092611160613,4.22008409058905,4.21320334466715,4.2146709128826,4.2138355146531,4.20112292401742,4.19403832130599,4.01858908620404
553_chr2,0,-0.00798123793253114,3.24599237497391,3.24808176793424,2.80802738553315,2.80837771524587,3.37963587811808,3.37928382451991,4.0586919867832,4.06664812271168,4.05448776795771,4.05413839897069,4.04747464813232,4.04871060129362,4.04751309908257,4.04726840536516,4.04008804127953,3.84261938413466
554_chr2,0,0.182796223346979,-0.421805142964626,-0.422007315847442,0.347534205006589,0.348911311078503,0.518380457324388,0.517730465111282,-0.0490704554479535,-0.0504823240616665,-0.0492731139202092,-0.0444140707128597,-0.0444882759030087,-0.04736077565541,-0.0508138111115359,0.0841939392019233,0.0817319685851876,0.0331418361725109
555_chr2,0,-0.00503195586028971,3.24363486230299,3.2457028622919,2.80244788218787,2.8028196551929,3.38191983938795,3.38156087121264,4.04582343118373,4.05374984375653,4.04162231353799,4.04131102587346,4.03466404845577,4.03588209809282,4.03465660574339,4.0353756632626,4.02818789695481,3.82901716885423
556_chr2,0,0.207087261106122,-0.448944161270485,-0.449324526110572,0.296967922630272,0.298520849642803,0.530581979933167,0.529875365549286,-0.162254001218088,-0.163927033841587,-0.1624227681452,-0.157244047443176,-0.157168010829272,-0.160194449489671,-0.163878996281081,-0.0207733839084376,-0.0232849045590715,-0.0853248362151198
557_chr2,0,-0.0381229164502258,3.270086167052,3.27239419629438,2.86504993949802,2.8651811186489,3.35629378175128,3.35601239516839,4.19020869368511,4.19846860246734,4.18597278078604,4.18523422048006,4.17839904519275,4.17981797246745,4.17890652961999,4.16881229312111,4.16170757978542,3.98163409689139
558_chr2,0,-0.0207936076089432,3.25623396025357,3.2584162892748,2.83226605030632,2.83252322535244,3.3697138172913,3.36939180223007,4.11459599579392,4.12268125691686,4.1103783047198,4.10986350157985,4.10312688308714,4.10444061333643,4.10336470681931,4.09893325279306,4.09178504568813,3.90171058203374
559_chr2,0,-0.0214774376628198,3.25678058074536,3.25896787000995,2.83355973194808,2.83381193508328,3.36918425066459,3.36886383883952,4.11757974060142,4.12567189347748,4.11336133047776,4.11283769767955,4.10609719004742,4.10741507146559,4.10634565483223,4.10169074233578,4.09454425153396,3.90486443554121
561_chr2,0,0.283320952814866,-0.502159723386654,-0.503091064457396,0.157359765732366,0.159467755153352,0.596228076895702,0.59534240495463,-0.487688410120275,-0.490113383691822,-0.48778536651062,-0.48162834143979,-0.481130833400909,-0.484613565368449,-0.489020629981207,-0.32116392525709,-0.323878196725829,-0.430482523158442
563_chr2,0,-0.164614266351607,3.37119720114425,3.3744227505718,3.10434848491932,3.10355998567928,3.25833728350146,3.25835245525891,4.74212639066542,4.75166110032886,4.73775747169811,4.73538564683197,4.7278310786303,4.73001786767449,4.73030688999123,4.67887846032171,4.67209121986577,4.56501762221259
564_chr2,0,0.229378287440842,-0.459040579809548,-0.459580641284006,0.259409442411568,0.261125231862107,0.554454195832523,0.55369499220197,-0.252321235484045,-0.254202565894168,-0.252474912763509,-0.247014398906327,-0.246823678416805,-0.249978953127251,-0.253874075297332,-0.103644477505412,-0.106223361587334,-0.181696639256858
565_chr2,0,0.0470242493608985,3.20202366323732,3.20371406729503,2.70396704378038,2.70471730090383,3.42223282189321,3.42175180820382,3.81868741815508,3.8260891996259,3.81454103777943,3.81490190323201,3.80855098451884,3.80945302859594,3.80773349723912,3.82546321393796,3.81814479495397,3.58893172000372
566_chr2,0,0.0870567557328579,-0.360763391170776,-0.360275105656109,0.519405475381557,0.520084902784447,0.430981555954463,0.430556682401672,0.354237505841753,0.353757712903541,0.353950923282229,0.35758586653146,0.356991415206526,0.35468710024577,0.352140719043728,0.456184450594169,0.453985668505896,0.46178910024457
567_chr2,0,0.159865059252796,-0.399630406909459,-0.399665253049187,0.393212086695005,0.394422861629218,0.503913209518801,0.503316815974792,0.0545669705934282,0.0533943490035398,0.0543360428247941,0.0588959950537551,0.0586853533893215,0.0559552833368398,0.0527203625672805,0.18015504208778,0.177744940806361,0.142105451510156
568_chr2,0,0.332007141595848,-0.541077095187126,-0.542361587370417,0.0652543832972896,0.0677163545185557,0.633931276125001,0.632931459656624,-0.700120083967526,-0.703035725054351,-0.700165846671086,-0.693380182355225,-0.692605781870629,-0.696384061819085,-0.701253182324639,-0.517487055071749,-0.520323521019154,-0.655025311796931
569_chr2,0,0.202696970325851,-0.441568354016376,-0.441915874948046,0.307582843129359,0.309104246028182,0.530491630495219,0.529795144871499,-0.13949541357665,-0.141116011131397,-0.139672977521839,-0.134553963812242,-0.134508950408301,-0.137505492909086,-0.141147884274416,0.000442897600322567,-0.00206332046270141,-0.0618544020648417
570_chr2,0,0.103684670080239,-0.358567214318275,-0.358195542056272,0.497198823476628,0.498000734595939,0.457115471733232,0.456650956163053,0.29611572777767,0.295501158567404,0.295829883248334,0.299667432919958,0.299143297430954,0.296751041879642,0.294048813999348,0.403204897560044,0.400941484177913,0.398007709407078
571_chr2,0,0.248472800588571,-0.482025749037541,-0.482706308854432,0.218674036073231,0.22052786418602,0.562631464178858,0.561827821603619,-0.342830867993953,-0.344920990973769,-0.342956117890903,-0.337243024403765,-0.336931616249566,-0.340209284528455,-0.34428660045775,-0.187657234209661,-0.190272625887129,-0.276196717489328
572_chr2,0,0.188770709533943,-0.426580856695286,-0.426826366230583,0.33623156766977,0.337652112331337,0.523007174852291,0.522343175486052,-0.0751388360883718,-0.0766109165684439,-0.0753352123688558,-0.0703990262061822,-0.0704392527643289,-0.0733480204476114,-0.0768577567180384,0.0601023054834657,0.0576253398703419,0.00558724989881787
573_chr2,0,0.177216585823927,-0.417345052055203,-0.417506752367702,0.358089860743408,0.359426399044775,0.514059515586572,0.513422604805871,-0.0247249117083301,-0.0260805478062487,-0.0249334371876957,-0.0201464386239683,-0.0202523768274965,-0.0230910055654379,-0.0264910875154105,0.106693377526922,0.104245410900134,0.0588753634907873
574_chr2,0,0.10728065657268,-0.361441671054771,-0.3610960827123,0.490395873411927,0.491223929805785,0.4599002490704,0.459427302727785,0.28042541705818,0.279774606897423,0.280143353720405,0.284027335004164,0.283523650931046,0.281109566056596,0.278373210494697,0.38870437203846,0.386431933310421,0.38142286563236
575_chr2,0,0.120331517894515,-0.371873894958414,-0.371622972604613,0.465706025977735,0.466628971035126,0.470007000838229,0.469503456816194,0.223480801240798,0.222698462327075,0.2232124609264,0.227264955782771,0.226835495734999,0.224342186016513,0.221481971357593,0.336077826284269,0.333772631999976,0.321231734046321
576_chr2,0,-0.042863205517033,-0.245279490543054,-0.243845811272608,0.772137873480557,0.771873886409484,0.340326730255536,0.340205959242023,0.931953399539425,0.932807598314992,0.931517628265966,0.933465952968746,0.932114394585869,0.930608517425319,0.929296612982978,0.990644502745154,0.988754601104083,1.07067965005338
577_chr2,0,0.128707185917548,-0.378568996684204,-0.378378828243469,0.449860790897185,0.450844632773973,0.476493223893632,0.4759700431596,0.186935382051673,0.186068631761325,0.186675848779603,0.190836490807779,0.19045466560803,0.187910511659691,0.184970807789087,0.302303620462416,0.299977404602741,0.28260279426501
578_chr2,0,0.234504990504608,-0.463138616937505,-0.463715865567829,0.24971065599714,0.251463720075771,0.55842437940701,0.557653156246637,-0.27469049749494,-0.276623495671977,-0.27483878402936,-0.269312073847835,-0.269092196314287,-0.272278592514773,-0.276222369620073,-0.124317494151605,-0.12690924543106,-0.205341213442734
579_chr2,0,0.118031694952675,-0.377757472279767,-0.377491861884303,0.465444798391383,0.466350230695018,0.461616225224658,0.461118401172429,0.226320735418129,0.22554521961532,0.226058326271854,0.230087155695175,0.229656707531072,0.227170877889885,0.22433151225062,0.338336004450396,0.336047998902316,0.325403250508431
580_chr2,0,0.309239646915529,-0.522877867076969,-0.523997212505552,0.108326327458967,0.11062276346467,0.616299840817019,0.615353402626615,-0.600779036221808,-0.603465222707162,-0.600848739020511,-0.594357050080941,-0.593712134927662,-0.597352205514248,-0.602005251290096,-0.425678968926693,-0.428458292135826,-0.550020650848243
581_chr2,0,0.194105508239889,-0.43470075701031,-0.434985958740785,0.323836321187864,0.325295258297263,0.5238382937932,0.523161950809583,-0.102008423581884,-0.103542434951517,-0.102195021477565,-0.0971869412867883,-0.0971907900141584,-0.100135178314005,-0.103696032475788,0.0350872755775682,0.0326026206982082,-0.0222302108195178
582_chr2,0,0.158664583549687,-0.402515483583583,-0.40254261472139,0.393186862730813,0.394388515321708,0.499692610816214,0.499099195112519,0.0562227450093431,0.0550540790786784,0.0559947120388915,0.0605421659392249,0.0603307171296863,0.0576047077392725,0.0543806934213862,0.181502830515573,0.179101426421258,0.14443799284806
584_chr2,0,-0.00802353262956052,3.24602618329801,3.248115883048,2.80810739937984,2.80845742158126,3.37960312457076,3.37925117013229,4.05887653056265,4.06683309274413,4.05467226726415,4.05432235216524,4.04765836078469,4.04889457069462,4.04769746988106,4.04743895531994,4.04025869738718,3.8428144490895
585_chr2,0,-0.0431029749394011,3.27406698363806,3.27641113633229,2.8744713011445,2.87456627187337,3.35243716158667,3.35216745072612,4.21193810375398,4.2202482023947,4.20769695430713,4.20689409116111,4.20003059283991,4.20147975140337,4.20061557176193,4.18889397734686,4.18180176315448,4.0046023400162
586_chr2,0,0.322760469230569,-0.533685754945326,-0.534903175281038,0.0827473996080785,0.0851421412142852,0.626770536310995,0.625792398619962,-0.659774225372806,-0.662596676956249,-0.65982971098261,-0.653163440303431,-0.652441628320627,-0.656163776634708,-0.660945141668699,-0.480200594484565,-0.483013852776219,-0.612379262670628
587_chr2,0,0.165030775810807,-0.407604308102048,-0.407677617179349,0.38114318900019,0.382391128151072,0.504622670473025,0.504014329263256,0.0284452394800683,0.0272124140040217,0.0282239005816067,0.0328535551716418,0.032678312739912,0.0299136575791881,0.0266292249635756,0.155831673643399,0.153414291433648,0.115076841377544
588_chr2,0,0.19724429465126,-0.437209750234715,-0.437517719529072,0.317898310223361,0.319380068450873,0.526269009615679,0.525585307762941,-0.1157038404529,-0.117269485034498,-0.1158871379044,-0.110838529498757,-0.110824527039419,-0.113787969243661,-0.117378612033265,0.0224303725106196,0.0199378397837879,-0.0367064282314074
589_chr2,0,0.101336336347182,-0.364412014472111,-0.364025302289599,0.497029369452536,0.49781341511155,0.448687128750518,0.448228446883454,0.299167328319446,0.298560071119923,0.298887363948976,0.302700621813051,0.302175222312807,0.29979074132203,0.297109822852675,0.405658691579456,0.403412588687797,0.402402959716749
590_chr2,0,-0.172094720769282,3.37717671264634,3.38045652244765,3.11850013926277,3.11765725201685,3.25254432516364,3.25257703480925,4.77476573855592,4.78437583748424,4.77038895386631,4.76792054088483,4.76032342917399,4.76255562808194,4.76291564359267,4.70904278947716,4.70227432375489,4.59951779849018
591_chr2,0,-0.0554654552695747,3.28394894925154,3.28638277468032,2.89785885739334,2.89786394445802,3.34286350074922,3.34262277366229,4.26587911772935,4.27431380750481,4.26162496909399,4.26066248079562,4.25372867347099,4.25525287808329,4.25450602446447,4.23874468226875,4.23168349590739,4.06161862897473
592_chr2,0,0.169072691832709,-0.414690740869722,-0.414794364062509,0.371193840565331,0.372470772025084,0.504452564741452,0.503834911071323,0.00721686645694941,0.00593513997825701,0.00700394647291969,0.0116888013055148,0.0115425837065684,0.008750156333035,0.00542687591904034,0.136030088892483,0.133608262343436,0.0932222109921317
593_chr2,0,-0.108438685566718,3.32629317356986,3.32911124668126,2.99807453985904,2.99769447540751,3.30184036244818,3.30172383083605,4.49701637169969,4.50598493450849,4.49270652153936,4.49106003943629,4.48382495802015,4.48567073496433,4.4854266233722,4.45235496125592,4.44542672915575,4.30593343676588
594_chr2,0,0.0186138313070554,3.2247335698883,3.22663005232255,2.75771436895634,2.75825806296238,3.40023143548586,3.39981702988021,3.94265014378612,3.95033825017955,3.93847388976294,3.93846791804457,3.93195542106176,3.93302992968997,3.93158002718287,3.94002593349616,3.93277882007767,3.71996178532457
596_chr2,0,0.227974121057457,-0.457918157484446,-0.458448033669546,0.262065868905043,0.263771449108222,0.553366791658374,0.552610880088919,-0.246194458616702,-0.248061637604263,-0.246349612381712,-0.240907229212457,-0.240724494623533,-0.243871245386019,-0.247753041326051,-0.0979822898076503,-0.100557649658502,-0.175220563734578
597_chr2,0,0.239581775515904,-0.467196752001731,-0.467810825701337,0.240106305426395,0.241896281194829,0.562355905811475,0.561572780153908,-0.296841952860725,-0.298826115722233,-0.296984901139096,-0.29139263917838,-0.291143888499216,-0.294361103163772,-0.298353061457406,-0.144789220277003,-0.147393713467732,-0.228755563431855
598_chr2,0,-0.0391329797670853,3.27089356255016,3.27320891840801,2.86696079492566,2.86708463022728,3.35551157596719,3.35523255747272,4.19461588690488,4.20288597527337,4.19037891192094,4.18962730961152,4.18278638980181,4.18421144863418,4.1833095917847,4.17288529198674,4.16578311374701,3.98629255218534
599_chr2,0,-0.157127393929509,3.36521255940151,3.36838380190154,3.09018468888299,3.0894506243121,3.26413521202292,3.26413283084524,4.70945903919821,4.71891829491505,4.70509799270175,4.70282283882064,4.69531085062919,4.69745219084933,4.69767015906207,4.64868825108102,4.64188221978326,4.53048784582362
601_chr2,0,0.0923939631190371,-0.34954197221777,-0.349088401457965,0.518558780143233,0.519278600121777,0.448371805723291,0.447933761159393,0.345380290043506,0.344879510457549,0.345082573298862,0.348774336625782,0.348185987618682,0.345862271949605,0.343267198435177,0.448733762807948,0.446498687278613,0.450080933667315
602_chr2,0,-0.0415030068766406,-0.961966323636744,-0.960727296522532,0.342159651778289,0.341832207821886,-0.271152717453148,-0.271246277090979,0.259265488529101,0.258590356718432,0.259604897645291,0.26212959374874,0.261906314681813,0.259791587210489,0.258376194308698,0.335010883051886,0.334175549742233,0.468035193476395
603_chr2,0,0.196631780854883,-0.4367201364912,-0.437023662843235,0.319057074523354,0.320534379357783,0.525794671199102,0.525112405381912,-0.113031268738479,-0.114590740304072,-0.11321521025024,-0.108174510662686,-0.108163991746574,-0.11112371570504,-0.114708545437262,0.0249002849964879,0.0224092895804606,-0.0338814883590985
1_chr3,0,-0.13334523256806,-1.48880568392977,-1.48705546876974,0.15739591319592,0.156339189718976,-0.856076425364555,-0.855929161175894,0.100718744350127,0.0996978914673869,0.101610612045187,0.103418170612577,0.103612483656034,0.101551496630853,0.100931752466616,0.160004628639022,0.160287252781552,0.391372124208726
2_chr3,0,0.0820057906855613,-1.480540788575,-1.48030606253195,-0.142258099973247,-0.14173058363604,-0.534883458883084,-0.535248748169848,-0.670827375440942,-0.673636476243775,-0.669904131507751,-0.665456824728434,-0.664320242398616,-0.667537098649254,-0.670177794489336,-0.544475436922577,-0.545000031420046,-0.451488032448038
4_chr3,0,-0.08384389010806,-1.73280762671055,-1.73146926521115,-0.0583529401617555,-0.0590707087818552,-0.992730756032654,-0.992690862700682,-0.305748128979107,-0.307700848653376,-0.304583164985808,-0.301976801077541,-0.301180841938355,-0.303713903209823,-0.304829316292137,-0.225340481532609,-0.2248798526825,-0.00730191466093144
5_chr3,0,0.265657914968244,-1.28651699822713,-1.28752640497048,-0.286129590816087,-0.284231864756749,-0.100923288949457,-0.1017336288345,-1.1545920932287,-1.15853020883958,-1.15384426086171,-1.14729177563007,-1.14564440392137,-1.1496900635539,-1.1540305671552,-0.97538442533397,-0.976873853703166,-1.01445933187288
6_chr3,0,0.15382340670141,-1.19712193060492,-1.19732013232268,-0.0745591144394471,-0.0734745015352152,-0.187529344002634,-0.188077488439601,-0.666626360443972,-0.669437389263555,-0.665996122428298,-0.660887651661662,-0.659876315167146,-0.663243086927309,-0.666522226004989,-0.52442078997945,-0.525629531776611,-0.498673788148871
7_chr3,0,0.139363348950158,-1.40392098850053,-1.40407068790724,-0.177621485027357,-0.176664387510652,-0.385635377569034,-0.386140344122109,-0.80698572225944,-0.81011349650603,-0.806134587275263,-0.801042311166821,-0.799771291077298,-0.803233548268688,-0.806403093670835,-0.664497862105042,-0.665347479277207,-0.613959808864046
8_chr3,0,0.0608073422662313,-1.96166643707057,-1.96140655990095,-0.399636350060534,-0.399314011406549,-0.977634076590707,-0.977928507006006,-1.04240504860679,-1.04605540933193,-1.0409655503644,-1.03640301823097,-1.03460707842572,-1.03811327429277,-1.04061583145165,-0.911510061774253,-0.911245076206776,-0.768805348030587
9_chr3,0,0.0600240760550127,-1.37219586548792,-1.37177825236086,-0.0464563839187904,-0.0460793856415487,-0.474206585381119,-0.474524194932547,-0.490337288833056,-0.492732597558749,-0.489535308955565,-0.485442716362639,-0.484573291353863,-0.487580523035058,-0.490001111573926,-0.373364574172065,-0.3739682031641,-0.274457736165461
10_chr3,0,0.0297644231565763,-1.0912047131464,-1.09050129499178,0.164169697141706,0.164353008520064,-0.277823952714447,-0.278081528258973,-0.119032056897407,-0.120578501238352,-0.118539566362135,-0.115038224716271,-0.114743018039821,-0.117351028029574,-0.119451931828996,-0.0180298655517892,-0.0189372196293478,0.0791173352850541
11_chr3,0,-0.114212198942606,-1.28175355541097,-1.28008470864287,0.254000023647813,0.253105200079505,-0.650937606309123,-0.650844645210526,0.224404756898486,0.223662001790184,0.225076328749782,0.226957305205435,0.226912265830046,0.224921744511259,0.224148562678788,0.284861930133778,0.284767804533275,0.488430076460011
12_chr3,0,0.171425425545429,-1.20444162976756,-1.20476576669276,-0.103827061854105,-0.10261377836434,-0.168119884069513,-0.168709583129149,-0.737139257518912,-0.740113385024104,-0.736497809976171,-0.731167332227813,-0.730066458433111,-0.733534417091655,-0.736979753523249,-0.589266433005699,-0.590529333343243,-0.574229277258615
13_chr3,0,0.170160687392478,-0.50324669856082,-0.503380856458089,0.316763318624085,0.318039173017307,0.430238179610657,0.429621700259504,-0.0792311999335023,-0.0807096087714614,-0.0793481641160145,-0.0745807872081934,-0.0745835108360158,-0.0774561367795497,-0.0808008420013531,0.0519766099920731,0.0496816930068977,0.0151277590681236
14_chr3,0,0.0786319997111891,-1.46936220661645,-1.4691008181779,-0.130809629808246,-0.13030577388412,-0.530236039896115,-0.530593779670917,-0.648203789853342,-0.650960924917449,-0.64729326444728,-0.642896143627183,-0.64179203041138,-0.64498128755939,-0.647588890857239,-0.523164923910023,-0.523693590609273,-0.428859396575159
15_chr3,0,0.0218712325646344,-1.40716847782341,-1.40649102450363,-0.0133814113938138,-0.0132885207728948,-0.55979320098209,-0.560018580056071,-0.384866764084451,-0.387016226250331,-0.384034111715174,-0.380383025792293,-0.379628068622938,-0.382458642890134,-0.384525429277971,-0.27899835940306,-0.279409436214761,-0.153057132192142
16_chr3,0,0.192012711261003,-0.524835905083855,-0.525129633600804,0.272961480543266,0.27439579158868,0.443632552726895,0.442965016516655,-0.178418199695912,-0.180125566657185,-0.178507729702726,-0.17345497937289,-0.17332697003079,-0.176335707339219,-0.179888320748448,-0.0398846868592768,-0.0422283550574458,-0.0890897323430115
17_chr3,0,0.210101736479673,-1.80212285799391,-1.80287389121895,-0.515506543976539,-0.51407014878782,-0.623303357280848,-0.623959655235576,-1.43397305514716,-1.43853736386007,-1.43267811796513,-1.42640566475828,-1.42419734084751,-1.42837576144874,-1.43225989539244,-1.26015279506646,-1.26067482939201,-1.22494072247831
18_chr3,0,-0.118406896752437,-1.94039054437837,-1.9388622133304,-0.133450071782234,-0.134443245332208,-1.22083060784931,-1.22069968940705,-0.374095400677108,-0.376197959533119,-0.372712455340305,-0.370368696106546,-0.369400994593501,-0.371921651627169,-0.372738817405012,-0.299665771975446,-0.298770646663487,-0.0439174896716463
19_chr3,0,0.240524562204658,-0.571894587645982,-0.572542340971656,0.176240132499861,0.178026309050999,0.474112727033318,0.473331806812245,-0.39780462044492,-0.400018436166985,-0.39783418651562,-0.392148581666474,-0.391731704850982,-0.39504188168333,-0.39905594458785,-0.243028107249939,-0.245481289766575,-0.319729466051391
20_chr3,0,0.133805856113613,-0.478308175560858,-0.47817969366931,0.383078225926869,0.384089333433669,0.398556429270087,0.398025358742068,0.0755548464172073,0.0744340978317499,0.0754041117117774,0.0797052913314866,0.0795022614429,0.076846867021747,0.0738466653147967,0.194829762255045,0.192632183872028,0.179362777494375
21_chr3,0,0.266142045381328,-0.579969528757487,-0.580799898952465,0.135184108882077,0.137157813214777,0.504567354950951,0.503725847783654,-0.498025134028997,-0.500470858970693,-0.498041173499573,-0.492034479037144,-0.49149132890442,-0.494946606669128,-0.499202222216174,-0.335060475391633,-0.337596290099441,-0.42754237633882
22_chr3,0,-0.136164664511336,-1.87627446484208,-1.87460443473877,-0.0700391536190078,-0.0711563214852025,-1.19185116746147,-1.19168073679902,-0.250099447680302,-0.25191730853303,-0.248789152756499,-0.246713666358778,-0.245925129336853,-0.248296090040064,-0.24893840688936,-0.182703577824324,-0.181837689932116,0.0795859137868695
23_chr3,0,0.268332188222113,-0.581720222442187,-0.582566479101072,0.131040758396266,0.13303038656127,0.506263429216246,0.505416787269959,-0.507581349483147,-0.510049147048985,-0.507595086011361,-0.501560112281723,-0.501004506172821,-0.504473079130904,-0.508749480211404,-0.343892049766419,-0.346433361379393,-0.437643408958127
24_chr3,0,0.165920223489144,-1.20004103895063,-1.2003252432321,-0.0934122244336304,-0.092238967517799,-0.172383182042156,-0.172959974182968,-0.713118496868599,-0.716037142031023,-0.712482838063831,-0.707223443843493,-0.706153879726129,-0.709588419228378,-0.712981508583032,-0.567067149697367,-0.568316232865977,-0.54883904950229
25_chr3,0,0.147036344160305,-1.67510170997678,-1.67537550825043,-0.350441759173383,-0.349456040171416,-0.606566241542688,-0.607077937561176,-1.08742044525781,-1.09118691290122,-1.08627465669252,-1.08087633214102,-1.07914664107485,-1.08287792764712,-1.08615384283506,-0.936243897362033,-0.936720911831517,-0.870234891518865
26_chr3,0,0.131556847138381,-1.83033347478228,-1.83053827057371,-0.421262732241366,-0.420406738701582,-0.762019132935099,-0.762487417081013,-1.17604364248506,-1.18000908913445,-1.17473290550624,-1.16940357099906,-1.16749946638785,-1.17127745409501,-1.17442767646495,-1.02609972312021,-1.02629008951367,-0.938522836401052
27_chr3,0,-0.11094556975413,-1.36071534297248,-1.35908990673597,0.20221835795259,0.20133945933622,-0.713761825178042,-0.713673279121872,0.139012588422854,0.138075202980538,0.139770150100889,0.141752927323078,0.141846022142413,0.139771590799742,0.138957742705213,0.202322157767668,0.20233271443573,0.409734664581392
28_chr3,0,0.066592693913108,-1.7071722594699,-1.70688743607971,-0.255817774328612,-0.255426813458965,-0.751355607798644,-0.751674609915043,-0.826216828531607,-0.829376687940298,-0.825051422013078,-0.820616533656842,-0.819193439841424,-0.822517280592066,-0.825041944733112,-0.69942007396596,-0.699552704214307,-0.579541550717388
29_chr3,0,0.115178359752226,-1.72624572657011,-1.72630822169148,-0.335928841666733,-0.335182604172095,-0.696813218575858,-0.697246969146245,-1.01979539387742,-1.02340304899787,-1.01860026893656,-1.01355347256127,-1.01188500536543,-1.01548719658753,-1.01847046096884,-0.87738193379527,-0.877665725760457,-0.787150041978625
30_chr3,0,0.0927031824532792,-1.75817144766565,-1.7580837995753,-0.32320839459356,-0.322630680650329,-0.756923795986083,-0.75730273411585,-0.968215532947844,-0.971702348005628,-0.966990095211808,-0.962194539915065,-0.960575771761166,-0.964083401222146,-0.966859680272635,-0.832080676006277,-0.832234296850377,-0.725072295252293
31_chr3,0,0.157154685267612,-0.501106214005314,-0.501148163181491,0.336437324080724,0.337617769768372,0.4130993687186,0.412513732603976,-0.0301746550335378,-0.0315394729702785,-0.0302963683047772,-0.0256904787648349,-0.0257542435666225,-0.0285548460345528,-0.0317771629120815,0.0969214905918609,0.0946714225276684,0.068231656513309
32_chr3,0,0.136858182695674,-1.56752371133645,-1.56769800265226,-0.271792932575002,-0.270871023283923,-0.529328762532488,-0.529820820435483,-0.950356045208196,-0.953809319782321,-0.949328481880401,-0.944139232273152,-0.942623141768502,-0.946209181712436,-0.949375913912482,-0.804854473437399,-0.805452963056399,-0.740419073814253
33_chr3,0,0.0331581210114239,-0.397855270416283,-0.396996728100681,0.573485369408851,0.573764699231718,0.320613552582689,0.320318450168733,0.514709509619027,0.514603105662663,0.514452943490859,0.517454552990315,0.516679110304057,0.514634694799885,0.512589689633574,0.600683637014221,0.598738668207504,0.64355444408096
34_chr3,0,0.109526243623046,-1.38007065742022,-1.38000392980306,-0.121175127945021,-0.120434966535317,-0.408741608611977,-0.4091766222201,-0.676797954720095,-0.679625025652243,-0.675978193549784,-0.671271176091412,-0.670169848254946,-0.673450980234923,-0.676337356822967,-0.544182141176882,-0.544956872028684,-0.476349800711855
35_chr3,0,0.0950863610117908,-0.443235932764989,-0.442825530027115,0.458790240744758,0.459520253578546,0.372099673487908,0.371659205521339,0.248339415374832,0.24761761809569,0.248143510292518,0.25194152260149,0.251511829552515,0.249094939950972,0.246462727034901,0.354707776526534,0.352601283987858,0.361373768927501
36_chr3,0,0.235235312566225,-0.55938595073943,-0.559993199581556,0.191192208338262,0.192940777176407,0.477104680840071,0.476335809456174,-0.367010689130767,-0.36915366066322,-0.367054770430902,-0.361443927053876,-0.361070098269236,-0.364341217022292,-0.368304034190228,-0.214176340805439,-0.21662849075922,-0.288434221453552
37_chr3,0,0.144401446892543,-1.41580924752557,-1.41599752130058,-0.191847802291419,-0.190854880096329,-0.388462644161554,-0.388979088554326,-0.836292831017789,-0.83948802956175,-0.835427898609273,-0.830264431594687,-0.828952448920622,-0.832451887401765,-0.835670241872506,-0.691955639781471,-0.692806279554972,-0.643747025822622
38_chr3,0,0.0366258278097746,-1.48740284093768,-1.48685008483968,-0.0821716126424752,-0.0819784609378338,-0.606949963536437,-0.607207027182219,-0.513013803903403,-0.515456920119403,-0.512091635224689,-0.508196592321248,-0.507250552226766,-0.510228134806285,-0.512443612628376,-0.400675585900819,-0.401022508480843,-0.278143158582339
39_chr3,0,0.0492373990433699,-1.71331907571726,-1.71291353322741,-0.234941914467882,-0.234679190388749,-0.78193214057032,-0.782209602796223,-0.769143996936131,-0.772171348227949,-0.767975192936525,-0.763748763913083,-0.76239302607343,-0.765628314401139,-0.767990802327581,-0.647624973091059,-0.6476844459703,-0.516182418344167
40_chr3,0,0.0869788724088589,-0.449157629840053,-0.448691621079674,0.466720550745783,0.467390345401765,0.355205006422571,0.354784073307088,0.272158847882533,0.271492491182835,0.271967828016675,0.275670840904366,0.275214458944812,0.272836376403142,0.270279537663421,0.376132503695992,0.374064696087223,0.388429834017634
41_chr3,0,0.12186742595888,-1.53813854872385,-1.53819960908054,-0.233039325468174,-0.23222462553042,-0.526041938090448,-0.526499589528748,-0.868732707571764,-0.87199804520117,-0.867739723487036,-0.862757624870046,-0.861354041031287,-0.864834474552374,-0.867856734338928,-0.728594838701436,-0.729181432439904,-0.656778231991304
42_chr3,0,-0.00529880256112403,-1.95649713947612,-1.95577006375214,-0.303049009731448,-0.303212194129471,-1.06963401490947,-1.06977143454693,-0.798383772567228,-0.801468874252092,-0.796962238461621,-0.793216045756854,-0.791721420909481,-0.794866332600947,-0.796747544253816,-0.688254815851758,-0.687753432494553,-0.503650803805882
43_chr3,0,0.0577577011890634,-1.41921793102725,-1.41879648856574,-0.0713356375641085,-0.0709801226613458,-0.517761944618397,-0.518072166094831,-0.525948775612665,-0.52842467200216,-0.525096376848767,-0.520994913826107,-0.520061910610178,-0.523096369810221,-0.525501630631187,-0.408592823115497,-0.409118565419193,-0.304702471071228
44_chr3,0,0.0252065844730778,-1.3767434097478,-1.37608160482729,7.3030142991426e-05,0.000193562778362022,-0.528885151133494,-0.529119755714955,-0.368587458805413,-0.370700448883754,-0.367787079523072,-0.364118768075056,-0.363396658641081,-0.36621970706131,-0.368313958948189,-0.262383327443434,-0.262851699301639,-0.140862163202152
45_chr3,0,0.294721626766833,-0.602814656349729,-0.603852331967768,0.0811167575601652,0.0832982549430801,0.52669974357794,0.525791231724314,-0.622725967336941,-0.625459722057457,-0.62271195528419,-0.616336239402846,-0.615630548919656,-0.619259318136158,-0.623786167976203,-0.450305332442072,-0.452912877288043,-0.559352630193163
46_chr3,0,-0.118652603488455,-2.18631106409327,-2.1848445043584,-0.279983092313246,-0.281003278444763,-1.43168995242357,-1.4315480022964,-0.602340381772802,-0.604961733956907,-0.60069157808017,-0.598158799843966,-0.596807106013525,-0.599532834181184,-0.600378821187803,-0.522281331358791,-0.521021716402064,-0.247894855426663
47_chr3,0,-0.0586857990691924,-1.48288766896605,-1.48166206613666,0.0553329863169763,0.0548258113226976,-0.742109941112124,-0.742140502314571,-0.163922077690417,-0.165556427651071,-0.163022633003571,-0.160302291465013,-0.159786085899195,-0.162245235861617,-0.163565231608164,-0.0814560860900593,-0.0814578275358273,0.10170739928747
48_chr3,0,0.159978921108543,-1.69481708734983,-1.69518718565328,-0.380522984109195,-0.379444124107603,-0.604563551609222,-0.605105193387575,-1.15262272310245,-1.15653947300799,-1.15145319426916,-1.14588043755561,-1.14406246646026,-1.14788018441429,-1.15128011703101,-0.996946524701094,-0.997442170248712,-0.937735203363099
49_chr3,0,0.27760147981775,-0.589129643396807,-0.590043135974574,0.11350495063035,0.115561972867647,0.513441685647797,0.512573311893493,-0.548025902206251,-0.550587117235839,-0.548029892044026,-0.541875232616728,-0.541266909363925,-0.544791751265711,-0.549156122485403,-0.381269720575825,-0.383834296615169,-0.480393778943971
50_chr3,0,-0.0329101611815785,-1.59808338077798,-1.59706917064243,-0.0499265769085195,-0.050256040776046,-0.803116946593717,-0.80320392016335,-0.364523617385901,-0.36661808187906,-0.363494790944856,-0.360367766289933,-0.359556847557584,-0.362251857471668,-0.363828450009029,-0.271334533772141,-0.271261117950854,-0.0960025965550924
51_chr3,0,0.24599829742087,-0.567989357450014,-0.568674676894316,0.170830605571623,0.172657428650871,0.485439672188482,0.484645567040156,-0.413972649914968,-0.416224092600489,-0.414005413901316,-0.408255598161846,-0.407820557167456,-0.411157012282262,-0.41522197547355,-0.257577209218391,-0.260056372527625,-0.338073568747864
52_chr3,0,0.209139838927148,-0.538526498082539,-0.538944460275229,0.240560081230594,0.242118918176201,0.456896016612459,0.456188325936641,-0.253148723678436,-0.255028700683464,-0.253220244454476,-0.24794634753512,-0.247720931261275,-0.250833638260644,-0.254548796540666,-0.1089484479041,-0.111335102429369,-0.16808077895839
53_chr3,0,0.089497421048411,-1.37982418579436,-1.37961624726574,-0.0926993481695939,-0.0921064256747464,-0.43774536937076,-0.438132755829382,-0.604094089070617,-0.606752693101947,-0.603278343706699,-0.598817629992243,-0.597805527958145,-0.600978305776796,-0.603676594313209,-0.477739340095825,-0.478440496058048,-0.397113183625539
54_chr3,0,0.246211238168445,-0.568159571928747,-0.568846435964314,0.170427760545497,0.172256131849222,0.485604576191669,0.48480997180482,-0.414901770895074,-0.417155359632897,-0.414934310973529,-0.409181745729237,-0.408745493679189,-0.412083241444119,-0.416150225547903,-0.25843587560974,-0.260915573365894,-0.33905566059922
55_chr3,0,0.245735058016665,-0.576059604622211,-0.576745152904505,0.166382825500535,0.168206885910197,0.478147800769882,0.477354664567308,-0.420539494022684,-0.422805821988929,-0.420563581239991,-0.414810698129073,-0.414364187715945,-0.417705994699582,-0.421769507773742,-0.264039011395696,-0.266505271416143,-0.343760495982292
56_chr3,0,0.210253059249131,-0.539416352274276,-0.539842389344155,0.238454071578618,0.24002100239527,0.457758108483618,0.457047807868295,-0.258006020219418,-0.259897216444168,-0.258076370440647,-0.252788099547886,-0.252556352067896,-0.25567581683629,-0.259401540125047,-0.113437419073481,-0.115826867602148,-0.173214998779774
57_chr3,0,-0.0352123090850447,-1.28013729190802,-1.279024756387,0.14322869785162,0.142914895546469,-0.534322158780294,-0.534417163897249,-0.0599501053123914,-0.0613518639231256,-0.0592654926377079,-0.05641503909276,-0.056112197385783,-0.0585279287018312,-0.0600426605224711,0.025142589074715,0.0247544344140875,0.178053434991725
58_chr3,0,-0.144720472259947,-1.56838652352079,-1.56657669446069,0.125953822947634,0.124805304979334,-0.940787671543696,-0.940609971096552,0.0677313268187461,0.0666373068768533,0.0687071128050993,0.0704370383865447,0.0707055095040547,0.0686391528871684,0.0681161411696993,0.125311063877517,0.125753338100104,0.369935772803216
60_chr3,0,0.0726367757199051,-1.692240053006,-1.6919939676427,-0.255447929835297,-0.255010998673309,-0.729757958315418,-0.730091970353754,-0.834174376287526,-0.83735329024224,-0.833023983961462,-0.828526487293909,-0.827099966398287,-0.830443910269739,-0.833023434081436,-0.705836427079389,-0.706013446532441,-0.590946433709182
61_chr3,0,0.151231626568192,-1.18829968884883,-1.18847734762993,-0.0656240801834187,-0.0645576193859907,-0.183758216933485,-0.184300571731916,-0.649027975336459,-0.651798586373916,-0.648407761639408,-0.643338027540558,-0.642352001724864,-0.645697374560524,-0.648951061901297,-0.507836567219864,-0.509048784380104,-0.481094611163637
62_chr3,0,0.229216799977517,-0.55457504444413,-0.555138637282987,0.202578135591,0.204282945737522,0.472443868710847,0.471689107699762,-0.340750208791227,-0.342832524751914,-0.340800618577039,-0.335267486627108,-0.334927886865358,-0.338162470426643,-0.342068168948057,-0.189907174172585,-0.192344218630814,-0.260676583528679
63_chr3,0,0.136739233242426,-1.17671517436003,-1.1767877108271,-0.0382071173220619,-0.0372460261090744,-0.194981309283736,-0.195489686738137,-0.58579354583337,-0.588418100118355,-0.585188570935315,-0.580305963564333,-0.579402360183681,-0.582659757400519,-0.585775904796094,-0.449397159916519,-0.450573003507757,-0.414255072212411
64_chr3,0,-0.0899962533710587,-1.63254638295718,-1.63113877450477,0.0102317707738933,0.00947904263647303,-0.915884041926737,-0.915833774819521,-0.190068380092419,-0.191757160366141,-0.189012976400964,-0.186560505390336,-0.185948832815171,-0.18836452594791,-0.189409481659296,-0.113908610144808,-0.113573500761214,0.100530924152817
65_chr3,0,0.0461917311714137,-1.67110117036305,-1.67066326269577,-0.205418732589879,-0.205174074939376,-0.750237334668429,-0.750509346431427,-0.718787133641096,-0.721699530034568,-0.717664548365892,-0.713508511838392,-0.712232391564494,-0.715415801623026,-0.717744348946835,-0.599198917678039,-0.599309564335997,-0.468980755202287
66_chr3,0,-0.065636113158543,-1.45909525372934,-1.45781452679556,0.0793738992000477,0.0788180598769248,-0.731882281072582,-0.731897322035023,-0.116604039477429,-0.118129718192183,-0.11573162167716,-0.113115263981473,-0.112667143314701,-0.115068795815244,-0.116320521290174,-0.0368608122834941,-0.0368720716733169,0.148960745902061
67_chr3,0,0.140060805019044,-1.42024209614522,-1.42040092518972,-0.188356041257181,-0.187395488472629,-0.398588446488002,-0.399094378548709,-0.824716498858801,-0.827884689091026,-0.823847585931216,-0.818733994505002,-0.817434323872873,-0.820914045126921,-0.824092205062356,-0.681632108120679,-0.68246017001862,-0.630313676907929
68_chr3,0,0.186501373273613,-1.45736442809687,-1.45786011937596,-0.276213119551636,-0.274914912159721,-0.362624284144125,-0.363239095885989,-1.02734989234778,-1.03098611835779,-1.02643214701074,-1.0207189119382,-1.01915512035419,-1.02291675762023,-1.02653566140447,-0.868899954267422,-0.869844574498822,-0.844499567464025
69_chr3,0,0.210823844219755,-1.23593480979028,-1.23654472787305,-0.178361678553318,-0.176861941686944,-0.13760925126398,-0.138291319720127,-0.909045751649564,-0.912416942976774,-0.908362876540692,-0.902523683840702,-0.901198739836827,-0.904905865359364,-0.908725112174397,-0.748137378905521,-0.74949916291728,-0.755936472226717
70_chr3,0,0.228304640209749,-0.549724147019933,-0.5502800590561,0.206765572967442,0.208464173556434,0.475265590708912,0.474512793149738,-0.33292978530918,-0.334994178582801,-0.332985610935083,-0.327467475516123,-0.327139517657015,-0.330365104641204,-0.334261624591216,-0.182484190548993,-0.18492503947462,-0.253034642527678
72_chr3,0,0.0649905779950472,-1.66661469584702,-1.66630810903135,-0.229328007750516,-0.228944669610151,-0.718976392230761,-0.719293306770013,-0.782630459853937,-0.785690985341239,-0.781509206570002,-0.777125675998778,-0.77577319683229,-0.779054347396054,-0.781558835056927,-0.657275141720875,-0.657461820086535,-0.539419668483549
73_chr3,0,0.103135201405704,-1.70683142801899,-1.70680403924609,-0.307299570428089,-0.306639891715876,-0.697761700305593,-0.698167631550767,-0.958128186098031,-0.961593738402688,-0.956956307513142,-0.952072656263115,-0.95048800818127,-0.954008877198984,-0.956876607183021,-0.819926486616442,-0.820194522705284,-0.72344963772943
74_chr3,0,0.252013596109348,-1.275610393227,-1.27652082926622,-0.260317030046171,-0.258518507491445,-0.111489621726074,-0.112267972573454,-1.09505805357035,-1.09885865946441,-1.09432456824928,-1.08794825935268,-1.08637848683409,-1.09034131905723,-1.09455233135741,-0.920364809922752,-0.921819993253027,-0.951531148698974
75_chr3,0,0.0663840134058286,-0.576996476537719,-0.576418342738421,0.419495618756921,0.420000884353224,0.215738227416404,0.215371709107669,0.227568655452336,0.226804230402329,0.227512007523701,0.231061782534099,0.230714230377531,0.228340058040194,0.225960409199393,0.32807646197864,0.326273687327681,0.363155357127295
76_chr3,0,-0.00901758156387511,-1.81462256257583,-1.81383264426322,-0.213052009207335,-0.21322799469846,-0.953617764764733,-0.953752366625991,-0.652737117643969,-0.655490549904303,-0.651469683172521,-0.647879975495835,-0.646624004316349,-0.649629762689078,-0.651458099299135,-0.547061553618524,-0.546756197122774,-0.370740583003411
77_chr3,0,0.156008145568304,-1.90283651924742,-1.90323235051809,-0.499150183286431,-0.498121840125737,-0.788414160626438,-0.788937520944977,-1.33207458428402,-1.33639861864733,-1.3306808753922,-1.32499446956944,-1.32286837765273,-1.32683924303749,-1.3302282235896,-1.17281179636191,-1.17298523571366,-1.09542765385734
78_chr3,0,-0.0290896174246467,-1.62077504951437,-1.61979362310222,-0.0688833322933393,-0.0691870309987699,-0.816967590306586,-0.817062686865791,-0.399490983664304,-0.401665544424622,-0.39843690641035,-0.395245215645712,-0.394381818063054,-0.39711650214059,-0.398731839230253,-0.304582157643148,-0.30448929728416,-0.129988916178097
79_chr3,0,0.163487048603358,-1.9525143753797,-1.95297574010215,-0.539399282041737,-0.538321041209704,-0.820028001383783,-0.820567039491981,-1.40542382922203,-1.40991579186187,-1.40397500556759,-1.3981579068548,-1.39592085191953,-1.39997379423542,-1.40343928468518,-1.24267256261129,-1.24280016490485,-1.16633932836941
80_chr3,0,0.161865248529334,-0.504871609211555,-0.504947727023607,0.327525798213352,0.32874049290889,0.416747288376839,0.416150608370091,-0.0507281808589513,-0.0521404726364065,-0.0508449409575098,-0.0461782283174919,-0.0462152027827409,-0.0490444005771042,-0.0523114230183253,0.0779265241365619,0.0756646333185986,0.0465063369241499
81_chr3,0,0.0290870257968615,-1.49898080208515,-1.49837790820654,-0.0784239549443135,-0.0782874198325021,-0.627856725330235,-0.628095366428037,-0.496522331093146,-0.49892675508602,-0.495589054842703,-0.491777606471171,-0.490846875786438,-0.493793469204662,-0.495939628387244,-0.386269964009102,-0.386571938512175,-0.258044914463824
82_chr3,0,0.093167681088088,-1.40671878386981,-1.40654365528606,-0.113953820457132,-0.113336668563764,-0.455412809707722,-0.455807783162766,-0.642433693125463,-0.645180034972025,-0.641588180616063,-0.63706136540814,-0.635990869836705,-0.639206037812472,-0.641942191840963,-0.514308616228723,-0.514983559014582,-0.434009168097898
83_chr3,0,0.15362443901279,-1.79676099933786,-1.79711264076862,-0.432423140219623,-0.431401451159671,-0.701093498986996,-0.701615696108616,-1.22461430964473,-1.22869369090257,-1.22333574233108,-1.21776146103905,-1.21581204389276,-1.21968101047029,-1.22303418278089,-1.06855729315982,-1.06887876066727,-0.997619919190543
84_chr3,0,-0.0676281049342328,-1.660736087002,-1.6594933908205,-0.0382423371667915,-0.0388334903158689,-0.907386669213684,-0.90738840613908,-0.29727292447744,-0.299208970353084,-0.296182853131268,-0.293433512336184,-0.292678481877548,-0.295238612943407,-0.2964971583775,-0.213473103918673,-0.213178892553465,-0.0112238967240015
85_chr3,0,0.290515938564933,-0.603574594977585,-0.604582828473937,0.0866113543764446,0.0887618510713728,0.519914695502048,0.519016218965606,-0.608215766099461,-0.610915864983241,-0.608201719640503,-0.601877089214977,-0.60118886351169,-0.604795561569818,-0.609283019085246,-0.43709100687228,-0.439681902278176,-0.543390837081673
86_chr3,0,-0.0456468661481297,-1.63747320815339,-1.63637941126008,-0.055438204045019,-0.0558653532924243,-0.85541171339813,-0.855466719936494,-0.355136990409672,-0.357208082281596,-0.354067957525337,-0.351066680322746,-0.350250576759395,-0.352909873133322,-0.354371862685111,-0.265011825934309,-0.26483315461683,-0.0785721219240161
87_chr3,0,-0.00872683777324945,-1.43374784483172,-1.43286162402542,0.0140211840119509,0.0138863745767246,-0.62717578460791,-0.627327258444807,-0.298912831872189,-0.300862018771799,-0.298057168083026,-0.294761311117181,-0.294100454651143,-0.296788119793111,-0.298570975743923,-0.201984002370218,-0.202242825577187,-0.0544718922915952
88_chr3,0,-0.0390476953687825,-1.49858541410283,-1.49750225861516,0.0181812786784337,0.0178168860928016,-0.726901945685885,-0.726978548324727,-0.249608703501914,-0.251440969540798,-0.24868860928478,-0.245714699270372,-0.245086806125408,-0.247665168579977,-0.249171539595677,-0.160645155487812,-0.160696185405398,0.0111356236182205
89_chr3,0,-0.168576769385831,-1.93878065566622,-1.93689835140776,-0.061528760742547,-0.0628906489325134,-1.29263210072899,-1.29238192397684,-0.191055909648149,-0.19273437639505,-0.189684096597913,-0.187958074658557,-0.187215427555683,-0.189463837011908,-0.189809738451677,-0.132332549360424,-0.131254594877566,0.155388167851938
91_chr3,0,-0.0886234819234114,-1.57318657324567,-1.57177331080345,0.0437438725627255,0.0430073220555707,-0.863071366557887,-0.863026886268051,-0.139727818735526,-0.14130238729888,-0.138736341534863,-0.13631335591165,-0.135788544645905,-0.138161830267548,-0.139212161683089,-0.0645166503400829,-0.0642743695865753,0.144583817644113
92_chr3,0,0.0789500777402938,-1.20653846629608,-1.20621145172351,0.0257167883414413,0.0262499214863288,-0.304802457497603,-0.305172119177682,-0.404471271400144,-0.406674419375098,-0.403844867601313,-0.399649076143489,-0.398955102660389,-0.401925492799184,-0.404502814800876,-0.285431434357102,-0.286349848532268,-0.211080679366763
93_chr3,0,0.0680316633843625,-1.13532587808501,-1.13490353030197,0.0836927122825859,0.0841528655960375,-0.259772490704591,-0.260119208723917,-0.298611389161214,-0.300572157973798,-0.298064028659454,-0.294058010683347,-0.293523977336739,-0.296375644799103,-0.298841436426348,-0.184633925520469,-0.185617317448172,-0.10865036686506
94_chr3,0,0.0397281838193181,-1.09916925890263,-1.09853811408161,0.145320080662959,0.145575835377409,-0.270107890670027,-0.270388826201841,-0.162506775465364,-0.164153636244925,-0.162003808003157,-0.158373813629743,-0.158021940162823,-0.160690434848954,-0.162885899640804,-0.0582079268667415,-0.0591402883759802,0.0331640442068988
95_chr3,0,0.0498382844332955,-1.5696365440109,-1.56919813364383,-0.149974770660651,-0.149692901545833,-0.658067520788813,-0.658352516164951,-0.637443486706057,-0.64017156044615,-0.636429928590362,-0.632308317007281,-0.631174903570971,-0.634292845576128,-0.636642788286036,-0.519070700561551,-0.51934481994731,-0.398810323586813
96_chr3,0,0.250411460858464,-0.567395264436469,-0.568111530948978,0.164943503480071,0.166802835733784,0.49238539170616,0.491580764815993,-0.429388124551414,-0.431675314043634,-0.42942070478308,-0.423617124654017,-0.423163438908014,-0.4265232246531,-0.430629549211102,-0.271628161943656,-0.274124495422331,-0.354992246535744
97_chr3,0,0.281238073781537,-0.600292440858729,-0.601234443783205,0.101694202076904,0.103776818633762,0.509191111270738,0.508314562269257,-0.57158573235631,-0.574201083338538,-0.571576971538577,-0.56536890919297,-0.564726975853695,-0.568280822637084,-0.572680751940159,-0.40343476651113,-0.405996263860507,-0.504046247718802
98_chr3,0,-0.00570986770786253,-1.63946368452795,-1.63865184593588,-0.113113551228487,-0.113247263206633,-0.798862016968971,-0.799011927235035,-0.501503474081428,-0.503913659851396,-0.500424812944158,-0.496931241326264,-0.495934876340706,-0.498811486455095,-0.500648708876084,-0.398859112845593,-0.398824931886236,-0.237817323587289
99_chr3,0,0.198091552654056,-0.52969503529168,-0.53003285741412,0.261461422204586,0.262939930573179,0.448340084243822,0.447658296220189,-0.204941911748777,-0.206710542285547,-0.205025049833978,-0.19989380910759,-0.19973122763523,-0.202776866359543,-0.206387170965339,-0.0643971245302493,-0.0667560496395363,-0.117125609298332
100_chr3,0,-0.0126572756844935,-1.35468177107806,-1.35374743481312,0.0668040210925855,0.0666484166658734,-0.565230554099316,-0.565376038486026,-0.211021506412448,-0.212770275960165,-0.210252069472681,-0.207066251495571,-0.206546636914345,-0.209146720215746,-0.210882663997255,-0.117154811676806,-0.117516020789221,0.0269297359159393
101_chr3,0,-0.0704375949092156,-1.27594068203176,-1.27457882294631,0.195557498695746,0.194985128640838,-0.582110800869853,-0.58212220256952,0.0714226078204909,0.0703251071806452,0.0720960888469313,0.0745104220602419,0.0746504470785911,0.0724284397958064,0.0712449803560644,0.145416464789084,0.145152144849414,0.320545374539744
102_chr3,0,0.09979862820532,-1.37229487468958,-1.3721575866467,-0.102772255166018,-0.102102820155406,-0.416274796797448,-0.416687004059634,-0.634353604947189,-0.637082639351811,-0.633544072396314,-0.628962658542686,-0.627916654470341,-0.631138735266238,-0.63393279199645,-0.504956316517812,-0.505706632624397,-0.431485621621458
103_chr3,0,0.134206238674012,-1.6279306092362,-1.62810181033189,-0.304121177875847,-0.303224958798567,-0.584903560879963,-0.585386745030508,-0.997043539795263,-1.00060251772023,-0.995951157256091,-0.990747322882643,-0.989148405352104,-0.992770824615245,-0.995920303100242,-0.850968578188735,-0.851467968854165,-0.780297142845473
104_chr3,0,-0.112286440104385,-1.44004192301345,-1.43842752150236,0.156735615377153,0.155838727162659,-0.783618954209436,-0.783523848975726,0.0699527475832205,0.0688585938057669,0.0707958310206589,0.0728240775861409,0.0730354407939986,0.0709016718406561,0.0700903725574817,0.134684176098868,0.13481696361401,0.348915852284187
105_chr3,0,0.148972790471353,-1.18649408511565,-1.18665535915807,-0.0613507745958026,-0.0603007370775042,-0.185507488123485,-0.186044547091927,-0.639172031689756,-0.641919877801003,-0.638554193166252,-0.633513625306413,-0.632540446145324,-0.635872106787355,-0.639104356661867,-0.498727992830016,-0.4999345406761,-0.470676762304217
106_chr3,0,0.0271647533952626,-1.0891266635559,-1.08840438838471,0.1690877978098,0.169252207815812,-0.27983716979706,-0.280088650428768,-0.107688959138609,-0.109209203574935,-0.107199202164596,-0.10373142762425,-0.103451006022095,-0.106043234798155,-0.108119466452097,-0.00754690689750648,-0.00844773622340211,0.0911071236081971
107_chr3,0,-0.0709085152753078,-1.96573069434534,-1.96454363770557,-0.215766186194434,-0.216412719813464,-1.1732382709398,-1.17321924867295,-0.569578552965074,-0.572133063159942,-0.568159316818803,-0.565212116334941,-0.563994051323418,-0.566792447490046,-0.568058797883819,-0.47972638881265,-0.478969146337787,-0.252458264038198
108_chr3,0,0.0601761752110671,-1.78372365318059,-1.78341337874642,-0.292464038700826,-0.292128102259457,-0.826240772774567,-0.826541261417041,-0.874324702100067,-0.877592891944391,-0.873077724662535,-0.86866190292628,-0.867147399881637,-0.870500842678318,-0.872974949885828,-0.747755694000149,-0.747751458903475,-0.618019690569045
109_chr3,0,0.121653820486906,-0.464472667947491,-0.464254975464952,0.408529456802685,0.409452633187973,0.39267384950552,0.392171094262427,0.13241804162433,0.131428493065937,0.132250072312572,0.136391125391113,0.136112529172979,0.133534362642545,0.130650011460685,0.247576638806093,0.245403466230608,0.238843507534095
110_chr3,0,0.0330442549838229,-1.67044184567296,-1.66991111476023,-0.186429277532532,-0.186281220605323,-0.768850335106289,-0.76909110422014,-0.670598721789381,-0.673399478059198,-0.669479310565313,-0.665485343187539,-0.664268572290524,-0.667380438090366,-0.669585456208825,-0.555131987156612,-0.555195072792505,-0.416552997878317
111_chr3,0,0.172682769765707,-0.521824204521999,-0.521980933235773,0.302100353533602,0.303392847692448,0.418015161157139,0.417393472366918,-0.105666757202356,-0.107205660805473,-0.105763162123296,-0.100950287142397,-0.10091273366372,-0.103814569657434,-0.107185307008692,0.0267598012890722,0.0244830396918339,-0.0103063069061307
112_chr3,0,0.0481433812871942,-1.1262413149332,-1.12567646443922,0.117248425425423,0.117563279037271,-0.281006100085139,-0.281305900686878,-0.218181262242235,-0.219956023747685,-0.217647447525017,-0.213892907977096,-0.213461316447613,-0.216197970915074,-0.218475875356805,-0.110626042584203,-0.111549445174159,-0.0226027567533618
113_chr3,0,-0.0909709546170999,-2.41260945156287,-2.41139640607996,-0.454296611751065,-0.45513646023159,-1.5850175047146,-1.58493178040949,-0.913357660336336,-0.916690421997017,-0.911458987064641,-0.908409345352474,-0.906580510526112,-0.909645637321017,-0.910780180457184,-0.819402292560432,-0.817910296272017,-0.545717224188353
114_chr3,0,-0.0313694631225567,-1.0423372572723,-1.04119039713763,0.279823851152659,0.279562677479607,-0.325166806031891,-0.325281053484275,0.147712457640081,0.146782130781958,0.148140665693927,0.150852642612779,0.150800163185393,0.148563264533533,0.147042551402389,0.228487600542025,0.227733682655503,0.361069438111941
115_chr3,0,-0.144191432385475,-2.19570155205081,-2.19405743975245,-0.249469864729473,-0.250678790473617,-1.47697976144462,-1.4767766694742,-0.518677723313179,-0.521104817155998,-0.517023546803677,-0.514797253014507,-0.513544134845539,-0.51613984528541,-0.516747228906517,-0.446376998196238,-0.445009219549591,-0.154947761541874
116_chr3,0,-0.0227000247700693,-1.80368548282638,-1.80279631727011,-0.187167324131205,-0.187442790316951,-0.964213621517197,-0.964316144958451,-0.59303673062688,-0.595652268946878,-0.591783683289226,-0.588370644211637,-0.587192489046458,-0.590115188577145,-0.59181367206726,-0.491888204851479,-0.491548507630848,-0.307636568706308
117_chr3,0,0.205820441603273,-0.565075447982598,-0.565476873300142,0.229398156435414,0.230929865963038,0.429329085237014,0.428630417454815,-0.265874224873135,-0.267782598224389,-0.265917660672351,-0.260663820073491,-0.260411554834412,-0.263528620654007,-0.267215972604399,-0.122094631503859,-0.124429780550109,-0.177108397343813
118_chr3,0,0.00133369420361573,-1.66498486911799,-1.66422925817875,-0.138318892154045,-0.138403431381042,-0.810433439750468,-0.810599018599941,-0.550769693337526,-0.553292993742307,-0.549662118606631,-0.546062067342018,-0.544994496800902,-0.547930558809891,-0.54983714586034,-0.445333331695723,-0.445287421121269,-0.286879347770752
119_chr3,0,0.0278056856002311,-1.08963899359331,-1.08892136750078,0.167875271067994,0.168044341088302,-0.279340823806103,-0.279593807100176,-0.110485528443645,-0.112012232301428,-0.109995097527321,-0.106519047228541,-0.106234980459446,-0.10883109999434,-0.110913414410347,-0.0101314143241296,-0.0110338522864502,0.0881511168178677
120_chr3,0,0.133555961427796,-1.1741706216675,-1.17422006789047,-0.0321849480945582,-0.0312470014389068,-0.197446475164103,-0.197947389453577,-0.571904026509222,-0.574496499250943,-0.571302398831894,-0.566460894074208,-0.565575394881626,-0.568813468146825,-0.571899404726208,-0.436560873048588,-0.43772872714117,-0.399573686214695
121_chr3,0,-0.0603807384022047,-1.63580360549572,-1.63460554481573,-0.0336015588955692,-0.0341368694723345,-0.875473916899862,-0.875493950539022,-0.300266893699804,-0.302210903519471,-0.299202424207374,-0.296383498481412,-0.295635362888955,-0.298213701213115,-0.299537138513312,-0.214782111071414,-0.214551515973185,-0.0190426933206873
122_chr3,0,0.0163219188777696,-1.45377060282809,-1.45306607618395,-0.0333664913972709,-0.0333191792864052,-0.607777711230096,-0.607987911752304,-0.408207673723661,-0.410409306162643,-0.407325671084931,-0.403706382939437,-0.402903066945042,-0.405742789778074,-0.407763370757433,-0.302991093432864,-0.303312784977585,-0.169997831190796
123_chr3,0,-0.216296858794181,-2.03604899677057,-2.0338555162763,-0.0521292373055631,-0.0538519625014997,-1.44549719856687,-1.44512938961986,-0.109009785877805,-0.110494124000931,-0.107541733318247,-0.106326132532987,-0.105642842077174,-0.10771521895906,-0.107625373694642,-0.0629332863502687,-0.0615353593466042,0.262623486427413
124_chr3,0,0.221909087302028,-0.552867734115816,-0.553379387117525,0.213933815117125,0.215585069475202,0.463245995144026,0.462508542656089,-0.312716508433284,-0.314733932013332,-0.312770132238935,-0.307328129636405,-0.307023617413454,-0.310217309446535,-0.314054177468724,-0.164195413297709,-0.16660800446334,-0.230418420099489
125_chr3,0,0.114846268580469,-1.17274719697906,-1.17266442455246,-0.00487197563192177,-0.00407144820742,-0.22351866943117,-0.2239751440594,-0.502876812093471,-0.505309386290405,-0.502280225881189,-0.49766973466937,-0.496869453114544,-0.500005307168414,-0.502915392439122,-0.373410045468624,-0.374510934502161,-0.324561331821301
126_chr3,0,0.147894116721718,-0.489569646007313,-0.489543355004644,0.356425808400578,0.35753934717131,0.409466556141821,0.408902455756918,0.0140837627791068,0.0128210303579817,0.0139478419257975,0.0184309300853664,0.0183080242120974,0.0155671074471013,0.012433201213339,0.138019987543162,0.135787049899061,0.114387115952237
127_chr3,0,0.040930812060883,-1.34100240026585,-1.34044217801106,-0.00082018887671409,-0.000580378755486111,-0.475355964498376,-0.475629486783923,-0.392184175835932,-0.394353317497048,-0.391419498420255,-0.387585879928738,-0.386849990255462,-0.389727945998578,-0.391965313513288,-0.281898406154398,-0.282477667763943,-0.173121902117911
128_chr3,0,-0.105828566805072,-1.71523414522939,-1.71373631523946,-0.0167619447359493,-0.0176395569509298,-1.0097559672117,-1.00966453091462,-0.209822738500379,-0.211553892943127,-0.208680891466552,-0.206358395137717,-0.205687469217424,-0.20808707319902,-0.208993840879559,-0.136689045772522,-0.136173238930977,0.0940923562085692
129_chr3,0,0.11905516943094,-0.470651313747997,-0.470416903514201,0.408514653701126,0.409418089921749,0.383594622668504,0.383098310679153,0.136064356986142,0.135083512312394,0.135902581949355,0.140016528055824,0.139736080281212,0.137166759728367,0.134306026007084,0.250554715552786,0.248400271126254,0.243948255942107
130_chr3,0,0.0645668838214725,-1.69563950228399,-1.69533742454218,-0.246064337436518,-0.245687089496726,-0.744438813377947,-0.744753487138232,-0.808140907277993,-0.811259353848779,-0.806988349906574,-0.802587360289227,-0.801191311079147,-0.80449453400797,-0.806998717388191,-0.682244445706881,-0.682386648055201,-0.561936712678082
131_chr3,0,0.0256396728598759,-1.83128601780802,-1.83074463927759,-0.272023444305391,-0.27194631636985,-0.917328936843513,-0.917545261464917,-0.793670274119161,-0.796749605788411,-0.79237833441448,-0.788349750991229,-0.786913961092073,-0.790120839623905,-0.792276693225461,-0.676784007071587,-0.676581956648954,-0.521380845471264
132_chr3,0,-0.144199229783823,-1.23316825592421,-1.23127553838548,0.325431847943363,0.324321521171738,-0.653090096679532,-0.652927876844857,0.378181597345523,0.377793190756405,0.378795022352445,0.380269582471074,0.380015453825419,0.378227626986067,0.377742152579782,0.428145967510488,0.428090712148102,0.647245465821593
133_chr3,0,0.0852437948886362,-1.40038481456455,-1.4001522091214,-0.0989632741226107,-0.098403734286632,-0.461549167215437,-0.46192556315872,-0.607859526388013,-0.610526009990374,-0.607022345870875,-0.602597844398384,-0.601572414260993,-0.604739480534286,-0.607400432982947,-0.482356184175154,-0.483011239285116,-0.397463865443731
135_chr3,0,0.00177429087726833,-1.62580844511895,-1.62504582281847,-0.115543229216269,-0.11562051345978,-0.776256869046539,-0.776425160141412,-0.515861735891772,-0.518305756066669,-0.514796438635914,-0.511221566073761,-0.510213386824634,-0.513118947616326,-0.515024712673933,-0.411196789467111,-0.411210426024399,-0.255968775520689
136_chr3,0,-0.0395477007619874,-1.53532520840324,-1.53424801641222,-0.00305503532322216,-0.00342686995561192,-0.759079486503515,-0.759153339109858,-0.282031384525535,-0.283937271920857,-0.281071658587909,-0.278075202629803,-0.277391997177407,-0.279998495035769,-0.281504821812451,-0.192371513434868,-0.192366379353811,-0.0175098744926974
137_chr3,0,0.0330937146159728,-1.47585334255841,-1.47527271255545,-0.0702776764415682,-0.0701093112143492,-0.60221598494228,-0.602465138271489,-0.48947173217472,-0.491860769503,-0.488562712717933,-0.484720090861187,-0.483807802945682,-0.486756620243265,-0.488937472036456,-0.378504639971905,-0.378855598667883,-0.254580686358313
138_chr3,0,0.0987536768853492,-0.446167406740146,-0.44578360531803,0.451852348510806,0.452609025232395,0.374939689198309,0.374490623227926,0.232337874300192,0.23157911720118,0.232145825412517,0.235991190343243,0.235582354380988,0.233143202453538,0.23047618490493,0.339919621028168,0.337803924118345,0.344459950990931
139_chr3,0,0.14430225645639,-1.20310604373154,-1.20323869317743,-0.0646666144194115,-0.0636526201971026,-0.206539453199326,-0.207064697805354,-0.637749754229846,-0.640493620886728,-0.637114828140796,-0.632118678924856,-0.631140204043247,-0.634460587944355,-0.637651087436736,-0.498378951681243,-0.499543697533313,-0.466091609001857
140_chr3,0,0.172615048048408,-0.505208595118567,-0.505360556015372,0.312120116259963,0.313413815529221,0.43213886748761,0.431516633900114,-0.0899402727818495,-0.0914434170750744,-0.0900546561961026,-0.0852555884234096,-0.085244353391873,-0.0881318784547354,-0.0914998767670951,0.0420795985863611,0.0397785215519333,0.00380814256484374
141_chr3,0,0.16146334435253,-0.634688693499538,-0.634795501043642,0.250558610384242,0.251757044235883,0.305041336854705,0.304451127693795,-0.170229707082866,-0.171913578224384,-0.170206176221393,-0.165443028553241,-0.165278507649275,-0.168214489094767,-0.171494169981837,-0.0386883428494138,-0.0407568211778382,-0.060095632986835
142_chr3,0,-0.190212916273524,-1.22100227773805,-1.21878215064688,0.39777950835126,0.396332107729438,-0.709793521278925,-0.709522376876771,0.556017479118903,0.556040671891629,0.556609135967282,0.557508786203713,0.557031508753735,0.555502347404125,0.555450449783435,0.591328693463451,0.591425317401266,0.838948641073472
143_chr3,0,-0.00885398318801156,-1.53192146391708,-1.53105969798674,-0.0444349793180798,-0.0445807860576601,-0.711395060138671,-0.711542060919557,-0.389925078430673,-0.392081128508698,-0.388963287103498,-0.385592329151116,-0.384778308484448,-0.387547682917532,-0.389341771728028,-0.290758009663958,-0.290871218153036,-0.135786782213919
144_chr3,0,-0.0966391200724496,-1.37215122315426,-1.37062956046726,0.175153166525364,0.174378285556314,-0.702682729933211,-0.702627725277122,0.0765894838672154,0.0755079156434269,0.0773620888238953,0.0795295918574932,0.0797040515965528,0.0775427734001157,0.0765931500570836,0.14463255321311,0.144607203000717,0.343752705683523
145_chr3,0,-0.057136378672914,-1.8673879619168,-1.86627256581438,-0.176508358428556,-0.177043551072772,-1.06897118306289,-1.06898909501141,-0.527783085249034,-0.530244789520573,-0.526467605215073,-0.523427970099128,-0.52230281036858,-0.525093032579481,-0.526476245779791,-0.435911519014534,-0.435350513736892,-0.224843853710042
146_chr3,0,0.0694630664258557,-1.71944417627865,-1.7191827499162,-0.267207228676337,-0.266796420897641,-0.757673193804383,-0.757998501627978,-0.848037500526945,-0.851247420086414,-0.846858287538268,-0.842378545375874,-0.840923503377822,-0.84427314260256,-0.846826310925767,-0.720059530683036,-0.720184613840663,-0.601094931491837
147_chr3,0,0.0953474927810626,-1.14362862983197,-1.14340092634269,0.0400985003552146,0.0407586453825977,-0.227035595645781,-0.227446930370661,-0.405189622424745,-0.407397023858917,-0.404628171077202,-0.400280016558779,-0.399611819985184,-0.402617949940684,-0.405341269348032,-0.28248830466792,-0.283560261668867,-0.223354591757766
148_chr3,0,0.234517353040109,-1.26162474732442,-1.26240827226503,-0.227217331765849,-0.225546018832062,-0.12503893323968,-0.125776264232256,-1.01871697421504,-1.02234125005887,-1.01800188625079,-1.01185148998587,-1.01038122366515,-1.01423784549388,-1.01828280983643,-0.84981262078338,-0.851223891366448,-0.870837726029621
149_chr3,0,0.0636400439159549,-1.3433914607276,-1.34299189205463,-0.0343668137529525,-0.033960276313147,-0.444276460954077,-0.444603894595344,-0.476583428704987,-0.478948050877855,-0.475811917023789,-0.4716973851689,-0.47085702542995,-0.473859606674802,-0.476310500644396,-0.35914974148912,-0.359809305383074,-0.264720681648885
150_chr3,0,0.252686766434372,-0.569214033070335,-0.569946803784869,0.160639040644246,0.162514915921435,0.494147417068669,0.493337455735902,-0.439315929214427,-0.441626049615009,-0.439346116954836,-0.433513157931773,-0.43304653186447,-0.436420129780642,-0.440548048108367,-0.280803148179619,-0.283305192308185,-0.365486053338274
151_chr3,0,0.103196138360071,-1.8076633033089,-1.80766238129598,-0.367609447941232,-0.366959656098519,-0.783982023851925,-0.784383816457249,-1.05229781254604,-1.05597743525117,-1.05101689694529,-1.04605375775963,-1.04431094870704,-1.04791677362169,-1.0507978389074,-0.91173745220664,-0.911856637796866,-0.807722032388782
152_chr3,0,-0.00816491847586476,-1.79330171651776,-1.79251230152039,-0.201523740731781,-0.201691271609053,-0.934124004993811,-0.934261540634207,-0.63595698330507,-0.638672408253656,-0.63471244262551,-0.631128906899468,-0.629902539546597,-0.632895007640077,-0.634728651409141,-0.530509831280334,-0.530239144438751,-0.356336574326548
153_chr3,0,0.0330261916472486,-1.66057727828104,-1.66004387279299,-0.180511934929204,-0.180362999730985,-0.760432894683894,-0.760674039904998,-0.661342144245808,-0.664121856140301,-0.660233402578486,-0.656247360356026,-0.655046116315599,-0.658149605379667,-0.660353205253875,-0.546109941321518,-0.546187544599437,-0.408260722833661
154_chr3,0,-0.0377465148906833,-1.72655876635856,-1.72554364900926,-0.119820368654394,-0.120198560636797,-0.920142683786802,-0.920212696377759,-0.466728990074152,-0.469055008678065,-0.465562153509171,-0.46239423142708,-0.461403587712474,-0.464180311026902,-0.465727755752051,-0.372069333844391,-0.371788118765652,-0.183988633330466
155_chr3,0,0.0468491770340164,-1.11161193334958,-1.11103418465579,0.127816601978546,0.128123439268186,-0.270371537949965,-0.270668881837845,-0.199867404038637,-0.201600328763732,-0.199349649775433,-0.195622437239513,-0.195219494148192,-0.197936882204681,-0.200200783194666,-0.0930558361053366,-0.0939960898455734,-0.00530405756619423
156_chr3,0,-0.0306892883176472,-1.64942956851427,-1.64844426820663,-0.0837352110787091,-0.0840536085330321,-0.843828376294719,-0.843918450799869,-0.420401152070054,-0.422622988901328,-0.419316391243695,-0.41612198082057,-0.415220809183271,-0.417970905063955,-0.419574849390837,-0.325327052236716,-0.325185922026292,-0.147557111742026
157_chr3,0,-0.0492324676880831,-1.41004579578055,-1.4088680029353,0.0854684333976317,0.0850382311265132,-0.665970419842919,-0.666026559847422,-0.130259209153493,-0.131818549511752,-0.129436755946736,-0.126657135125515,-0.126213060034535,-0.128662118826354,-0.130061654632045,-0.0465309492742709,-0.0466752825354173,0.125111193728511
158_chr3,0,-0.0745418097883333,-1.39854083729948,-1.39718171340231,0.128137266153503,0.127522153307658,-0.693039585524863,-0.693036017197535,-0.0279578173104422,-0.0292805675687577,-0.0271525417663576,-0.0246929026503437,-0.0243791050835589,-0.0266818480081765,-0.0278422902374942,0.0475989472638609,0.0475310375180889,0.234566749045151
159_chr3,0,0.0288556200362287,-1.42957338922911,-1.42895094184755,-0.036641805195393,-0.036499857502944,-0.568783496716792,-0.569024536017163,-0.431015303402367,-0.433270783825882,-0.43015711802238,-0.426402713063243,-0.425581692524278,-0.428468783721766,-0.43060398467869,-0.322445687237133,-0.322849423254469,-0.199288600823949
160_chr3,0,0.00562320500264968,-1.07865789604348,-1.07778110981454,0.205808616044146,0.205815712397734,-0.302297451147082,-0.302498140948701,-0.0199867753864296,-0.0213042179025447,-0.0195123703676914,-0.0163174702715496,-0.0161489912142496,-0.0186161183014515,-0.0204887645271952,0.0731845713181958,0.072347788116236,0.184831891786887
161_chr3,0,0.0783105499710362,-1.37088194505005,-1.37059286120968,-0.0715358300419235,-0.071024243730142,-0.446408623561392,-0.446769782456445,-0.555282592266653,-0.557828453148997,-0.554478609934272,-0.550162341828815,-0.549213862768092,-0.552318731036981,-0.55491085066117,-0.432629184675297,-0.433302263396038,-0.345518854910408
162_chr3,0,-0.017861166456634,-1.77466476339819,-1.77380220440074,-0.176678200311866,-0.176915113723549,-0.932314587590525,-0.932429852899072,-0.583506345833398,-0.58610099358341,-0.582283771665093,-0.578833935543644,-0.577679760117624,-0.580604230761094,-0.58234447440051,-0.481519936998749,-0.481241008968143,-0.302544612101353
163_chr3,0,0.188636235830625,-1.2181991145826,-1.21864809218546,-0.136386773407349,-0.135048355587673,-0.154791615307307,-0.155421665026006,-0.812234912543358,-0.815382493459672,-0.811575367777296,-0.806022662923983,-0.804823906270263,-0.80839634261246,-0.812005018104086,-0.658667637463007,-0.659973734157524,-0.653606271698473
164_chr3,0,0.291417371569787,-0.600173395424468,-0.601187103230933,0.0873678052639821,0.0895252784578504,0.524140886638878,0.523240121595118,-0.608308563142817,-0.611009017029401,-0.608298025525215,-0.601964974402492,-0.601278076174881,-0.604886787013919,-0.60938227784593,-0.436981189841621,-0.439580441540165,-0.544113263652161
165_chr3,0,-0.0214202593196821,-1.62690556143808,-1.62597976563525,-0.0833923579323568,-0.0836402951732538,-0.811028342568524,-0.811141419899639,-0.432954572011725,-0.435206425839735,-0.431892430402633,-0.42860171238592,-0.427694696944154,-0.430475937619354,-0.432164060691963,-0.335508225682884,-0.335434614175342,-0.165360324355124
166_chr3,0,-0.00149720573408019,-1.54705849096898,-1.54625247853587,-0.0638812004804037,-0.0639744671763152,-0.713621073325201,-0.713784928801525,-0.430649328401075,-0.432899126085798,-0.429669792835836,-0.426196615430662,-0.425326260260371,-0.42814806253511,-0.430013142442463,-0.328833383037992,-0.328951370708747,-0.177430696555092
167_chr3,0,0.157770524586159,-1.20705875991012,-1.20728734372526,-0.0860768329874744,-0.0849642169440637,-0.190277583684402,-0.190834694017221,-0.690167536223809,-0.693032708218328,-0.689525815015907,-0.684361083010865,-0.68331667878956,-0.686713103192281,-0.69003056077797,-0.546498646055376,-0.54770726804596,-0.522529839627663
168_chr3,0,-0.130738082386281,-2.17665051995478,-2.1750962967485,-0.257119572213062,-0.258227628019422,-1.44104909985481,-1.44087881538251,-0.549608003745429,-0.552107556461343,-0.547971907973397,-0.545595178228981,-0.544312218014652,-0.546964581661979,-0.547695871525901,-0.473547612373233,-0.472257664814379,-0.192156108942373
169_chr3,0,-0.0073996927798976,-1.30236934491098,-1.30145855153979,0.0906123044668445,0.0905007188526421,-0.512783717594062,-0.512943929251532,-0.181304452072875,-0.182986510860673,-0.180590594341155,-0.177381022480434,-0.176920002375368,-0.179504569305763,-0.181283256543321,-0.087009543143397,-0.0874675029835799,0.0497804569489362
170_chr3,0,0.116778648475666,-2.20632137592007,-2.20651911620737,-0.624926270535906,-0.624217472816581,-1.10541004033034,-1.10582720236849,-1.47289188386801,-1.47752974609492,-1.47117737211965,-1.46573602274478,-1.46330871615489,-1.46732246942906,-1.47038152666615,-1.31883930132493,-1.31841923042838,-1.1935532471007
171_chr3,0,0.0590667603863955,-1.58621400348186,-1.58584490881536,-0.172928628519867,-0.172580605126326,-0.658796378851293,-0.659102619477475,-0.686282579556272,-0.689123146194742,-0.68524936934502,-0.681001414321566,-0.679801108729461,-0.682982793904634,-0.685421483999343,-0.564642930454371,-0.564926609051286,-0.449040161672415
172_chr3,0,0.162942224325163,-1.19766057123303,-1.19792317424021,-0.0877783935925327,-0.086626788761855,-0.174689382190402,-0.175259192426995,-0.700124640439087,-0.703013272830192,-0.699492113010183,-0.694271170909287,-0.693218543535022,-0.696635005186813,-0.699999831863757,-0.555058608238345,-0.556300217109532,-0.535104389764361
173_chr3,0,0.158164351007765,-2.02779197917268,-2.02823527231076,-0.576831841835012,-0.575800452429162,-0.892227353231159,-0.892750533581506,-1.45630284883417,-1.46090961591878,-1.45477362680211,-1.44896314869046,-1.44663182737535,-1.45071920884065,-1.45414425134955,-1.29346726564395,-1.29346392383275,-1.20807198892914
175_chr3,0,-0.0510834374637846,-1.96904937413895,-1.96800288590041,-0.245788724113378,-0.246289831764522,-1.14716142187519,-1.14718941164578,-0.644407669265753,-0.647135444790434,-0.642981133593275,-0.639787733878346,-0.638476536083634,-0.641384764738504,-0.64283767903631,-0.548286788262386,-0.547597826400389,-0.333451267420966
176_chr3,0,0.0419005313966763,-1.10765622666974,-1.10704258238099,0.137178536243176,0.137449393503663,-0.274203831605547,-0.274489573418358,-0.178275057166998,-0.179958108617564,-0.177762506420871,-0.17409919112019,-0.17372439240878,-0.176411739867247,-0.178628675774622,-0.0731008216712272,-0.0740286551093439,0.0175193081400593
177_chr3,0,0.0418544133785975,-1.34968513822657,-1.34913366688299,-0.00731244618566618,-0.00706673513190337,-0.481440943624446,-0.481716293789483,-0.403616280947885,-0.405811556979399,-0.40284204232927,-0.398990294447888,-0.398236711917017,-0.401126942030044,-0.403374080572987,-0.292840586785629,-0.293410420959601,-0.184002395023222
178_chr3,0,0.00321980375468789,-1.30295550737938,-1.30211970316443,0.0752420964994278,0.0752085318518254,-0.497795490950858,-0.497980935683899,-0.220277210998776,-0.222049557440819,-0.219560731549906,-0.216220211119901,-0.215711169309297,-0.218353569056937,-0.220232040250719,-0.122652049847834,-0.123148346475727,0.00738876131709487
180_chr3,0,-0.125887750153328,-2.27162247369634,-2.27012695593277,-0.320703577663158,-0.321785705148453,-1.51526752012543,-1.5151047373098,-0.655648113413579,-0.658389485205367,-0.653908420178909,-0.651397927088286,-0.64994473799623,-0.652703000125623,-0.653491852675288,-0.575869220040189,-0.574456766360231,-0.290443273307508
181_chr3,0,0.12878179589898,-0.470170424872852,-0.470004436015305,0.395044628399495,0.396019630027873,0.398193843651538,0.397674376905565,0.101316659777815,0.100255274296632,0.101156185555522,0.105389275517497,0.105151218158416,0.102529781476964,0.0995777823003583,0.218833652813998,0.216642590170278,0.205968979532453
182_chr3,0,-0.0358006072595251,-1.61541061058225,-1.61438050520003,-0.0561873644894098,-0.0565398566683675,-0.822164665557403,-0.822244028234337,-0.370209028360546,-0.372315954648136,-0.369162007734358,-0.366056969708184,-0.365231739466923,-0.3679256846913,-0.369477331184566,-0.277520632362033,-0.277410928501331,-0.099037543524406
183_chr3,0,0.247223299476822,-1.53793606524716,-1.5388804821547,-0.410220505659654,-0.408484091767198,-0.343020204627125,-0.343776017765012,-1.3221437957351,-1.32645983355377,-1.32112756452814,-1.31460526918399,-1.31264597382366,-1.31680310691585,-1.32100234641401,-1.1428598307555,-1.14390949314183,-1.15124797114682
184_chr3,0,0.0226849765709459,-1.32641756663333,-1.32572499602136,0.0336976014397172,0.0338047518918263,-0.489485769845777,-0.489716514860821,-0.312572411782984,-0.314557668876665,-0.311826919923017,-0.308228892849406,-0.307596772523032,-0.310363967494475,-0.312428173050563,-0.208323546031704,-0.208857013538007,-0.0889713270876893
185_chr3,0,0.072422332012887,-2.10565859258773,-2.10551775105341,-0.502066436271017,-0.501673455788119,-1.08394522747806,-1.08426116647874,-1.21859714542078,-1.22264987153965,-1.21699977975294,-1.21218208148824,-1.21010914770276,-1.213798910394,-1.21642875061773,-1.08073350878531,-1.08029851561099,-0.934637783649316
186_chr3,0,0.229411497027068,-0.558864795622978,-0.559430868253899,0.199740625339671,0.201446427333687,0.46905595594904,0.468300914098839,-0.345451653567517,-0.347544687681693,-0.345497388564797,-0.339958514358563,-0.339611333760257,-0.342850568936101,-0.346758638518947,-0.194448275459455,-0.196879696463034,-0.265019855195329
187_chr3,0,0.00234323540289805,-1.3022548212647,-1.30141265875603,0.0769004038201195,0.0768604659227106,-0.498474316548695,-0.498657706171597,-0.216452494238754,-0.218216006479026,-0.215736936504374,-0.212407734382099,-0.211903677869397,-0.21454075643637,-0.216410908565084,-0.119117358662743,-0.119611455245501,0.0114315321124958
188_chr3,0,-0.073475586873148,-1.00867966948185,-1.00722738752592,0.359480951616061,0.358913637703625,-0.357774319831825,-0.357789849686621,0.331433438302496,0.330927463968898,0.331817371629464,0.333985671532133,0.333693722393176,0.33171242764399,0.330591322350077,0.398277148790839,0.397628910481403,0.555264684904563
189_chr3,0,0.15066752044057,-0.49178657007514,-0.491780396289148,0.351179034796654,0.352312738104104,0.41161431499445,0.41104371237833,0.00198261440414971,0.000691931158660175,0.00184960979392379,0.00636850832320235,0.00626137559952422,0.00350362297429951,0.000343395774294653,0.126836460716406,0.12459656227644,0.101596059173223
190_chr3,0,-0.0851820567414853,-1.42545001375461,-1.4240228544563,0.127114727297468,0.126418622738945,-0.731593305063212,-0.731563286239652,-0.0145284896598978,-0.015819012720657,-0.0136961100702999,-0.0113462035170593,-0.0110374652781937,-0.0133053398171876,-0.0143692835763765,0.0583295237457384,0.058340678030143,0.254126073086496
191_chr3,0,-0.127826223333413,-2.28575981838007,-2.28425429041173,-0.326405608909917,-0.327503438266431,-1.53019620784109,-1.53002821386973,-0.661806090024038,-0.664561149956922,-0.660051473498617,-0.657553760298169,-0.656087032104924,-0.658846692573313,-0.659619133678121,-0.582304582528651,-0.580864071258209,-0.294576177539116
192_chr3,0,-0.0487620640055923,-2.27198314859621,-2.27103124467269,-0.430004810886528,-0.43051990003215,-1.40307805382609,-1.40309869553492,-0.935063169919401,-0.938452016822789,-0.933308649116842,-0.929850165098899,-0.92805431249404,-0.931229323919489,-0.932742379212783,-0.831188229998649,-0.830059963669776,-0.595072097222026
193_chr3,0,0.0928940988085105,-1.52365486171,-1.52350800096969,-0.183409087910147,-0.182805933101242,-0.555905812475451,-0.556295167507797,-0.750397798248136,-0.753389513803222,-0.749425898491728,-0.744811130173889,-0.743558740166839,-0.746870573819752,-0.749618960690127,-0.619644866445825,-0.620145914457753,-0.530382620427355
194_chr3,0,0.0223934307048068,-1.31828197238854,-1.31758524637746,0.0389690940910317,0.0390749347892914,-0.482947192183817,-0.483177589389823,-0.303937192786619,-0.305902774232882,-0.303200552206284,-0.299612460654524,-0.298994372878475,-0.301753165526728,-0.303813603876708,-0.199968154209169,-0.200512573547176,-0.0810408276791073
195_chr3,0,0.0344150769116312,-1.09492221960629,-1.09425253552675,0.155371509125606,0.155588633928877,-0.274222427734496,-0.274490906713606,-0.139324180524389,-0.140917494928067,-0.138826799811478,-0.135265408620996,-0.13494375233071,-0.137579993968116,-0.139725034760528,-0.0367832517530378,-0.0377022782211709,0.0576683209074909
196_chr3,0,-0.215585790193423,-1.55284453134469,-1.55053128635993,0.235467773298972,0.233799803086538,-1.03085077377649,-1.03050518373677,0.338638310622542,0.338171425260693,0.339584025982497,0.340431032114541,0.340360836081778,0.338690166859027,0.33883449896616,0.373724965554464,0.374405871171678,0.662513880448111
197_chr3,0,0.0234068486711776,-1.90846254620163,-1.90792536141557,-0.314960458302737,-0.314907657783745,-0.986646717733353,-0.986854453045878,-0.857499293531953,-0.860723360604215,-0.856124323805371,-0.852062910204122,-0.850516174991608,-0.853775770444853,-0.855920428252372,-0.739519628059847,-0.739195232769925,-0.57688829580358
198_chr3,0,0.109180577163704,-1.1546861248125,-1.15455876126072,0.0139288296699307,0.0146895506560365,-0.216323080464512,-0.216766846786885,-0.465547299693224,-0.467894113254584,-0.464971302812196,-0.46044453460598,-0.459697665278111,-0.462787768538187,-0.46564237072438,-0.338269101830076,-0.339375777640953,-0.287153369614929
199_chr3,0,0.192648486249732,-0.525344112693392,-0.525642452880513,0.271758710313232,0.273197643876463,0.444124904904488,0.443455878122952,-0.181192266601284,-0.18290604100873,-0.181281128088617,-0.176220168590658,-0.1760885434122,-0.179101140172743,-0.182659787399517,-0.0424483982273345,-0.0447936621181473,-0.0920219538310825
200_chr3,0,0.0237483482125576,-1.40866895279202,-1.40800511535583,-0.016932571567895,-0.016826033035874,-0.558339538926749,-0.558569318889025,-0.39305715296223,-0.395225533012091,-0.392222526799708,-0.388547203437148,-0.387781570567853,-0.390623539806675,-0.392708140945846,-0.286567676867652,-0.28698346493677,-0.161714469986187
201_chr3,0,0.0239133657750037,-2.00423305798162,-2.00372417307998,-0.372877567718416,-0.372830859118514,-1.06788471990751,-1.06808959139043,-0.948565373466241,-0.951996527356234,-0.947086755969883,-0.94294433160423,-0.941245384496387,-0.944588093858197,-0.946749629998486,-0.828205324978046,-0.827741207114388,-0.658700820505455
202_chr3,0,-0.0930198039864326,-1.47389977648519,-1.47242989390316,0.109262849702008,0.10850415129113,-0.784497328836074,-0.784446610036268,-0.0313102298107357,-0.0326376475145911,-0.0304269305569829,-0.028135498909883,-0.0277856592431207,-0.0300518764577213,-0.0310483618641428,0.0402241132984247,0.0403358325827536,0.244675447909653
203_chr3,0,-0.0423579730552706,-2.43483333506916,-2.43396861411407,-0.536327958222368,-0.536812652142656,-1.53313193838916,-1.53316089367009,-1.10997043759097,-1.11375789651466,-1.10803863436011,-1.10437428883144,-1.10229502628704,-1.10564129514986,-1.10723509377705,-1.00031673316714,-0.998971341684547,-0.75605901502377
204_chr3,0,0.113185562358463,-1.79496004612996,-1.79502624135927,-0.374151137607116,-0.373426595358067,-0.758537478763157,-0.758963570411763,-1.07660836795045,-1.08034484838658,-1.07533931791503,-1.07026335004744,-1.06849612368401,-1.07214522565201,-1.07511847679209,-0.933222895863278,-0.933397740055203,-0.836552315403602
205_chr3,0,-0.0318854544125429,-1.40660917760201,-1.40555274533558,0.0629855713841163,0.0626832672263151,-0.637725819110091,-0.637823364172108,-0.189827274716725,-0.191524793882289,-0.189005290108924,-0.186015195336643,-0.185499557157129,-0.188039398288207,-0.189601375602788,-0.100760985144372,-0.100974438294266,0.0595260964226352
206_chr3,0,0.00997287358474586,-1.35640593827898,-1.35563152659233,0.033766369557654,0.0337769791351235,-0.533697273489894,-0.533896509384312,-0.294515091369805,-0.296457270081555,-0.293739553891803,-0.290274313518811,-0.289651620794144,-0.292375344548107,-0.294323988092291,-0.193540605648624,-0.193982808115877,-0.0638028804840034
207_chr3,0,0.136655382364543,-1.59384483304706,-1.59402449196209,-0.287226866998776,-0.28630914664313,-0.552154703296222,-0.552645160664845,-0.974146664017774,-0.977653985567754,-0.973090678641925,-0.967883366972022,-0.966326960274423,-0.969933996151251,-0.97310215588343,-0.828097694190338,-0.828656520531444,-0.761554522358639
208_chr3,0,0.0911818688338047,-1.59353902017416,-1.5933981388404,-0.222726923419265,-0.222143520856757,-0.618222176044065,-0.618604489773635,-0.80931599056166,-0.812441361725155,-0.808268848288133,-0.803620547384269,-0.802266321896558,-0.805627563072959,-0.808368719113414,-0.677476276638272,-0.677867683077084,-0.581866905744896
209_chr3,0,-0.0500246280716747,-1.68518607343983,-1.68407374621147,-0.0777437253915123,-0.0782079530294753,-0.902638119707565,-0.902680686988508,-0.383752077169673,-0.385887515484194,-0.3826322737061,-0.379647531050234,-0.378776132839475,-0.381451835900538,-0.382878760704079,-0.293887068521825,-0.293621694709404,-0.101061292796248
210_chr3,0,0.0640784423348759,-1.56278276163388,-1.56244293479382,-0.166022362866458,-0.165635088895527,-0.631429691721027,-0.631748847813284,-0.682585498198276,-0.685418461796752,-0.681576685118534,-0.677285444621857,-0.676099599737711,-0.679288680376121,-0.681771460822652,-0.559924296088838,-0.560261118084416,-0.449288341709238
211_chr3,0,0.0309491341972006,-2.11131165347322,-2.11088000147552,-0.446783546739334,-0.446696082040788,-1.14927832726383,-1.14949538404279,-1.07379372221534,-1.07751066198287,-1.07219800770875,-1.06788551165176,-1.06598768438852,-1.06945825362241,-1.07169940462986,-0.948751708758547,-0.948155253493692,-0.775700955153958
212_chr3,0,0.0389128590657208,-1.36335011744756,-1.36278144500182,-0.0113136003775283,-0.0110909180463554,-0.49742842882019,-0.497696202115007,-0.405704490345924,-0.407904043064395,-0.40491602695938,-0.401089753552108,-0.400327820855232,-0.403213636636768,-0.405434885702359,-0.295530421967416,-0.296069193903633,-0.183783604359669
213_chr3,0,0.0725302699111948,-1.98282136590143,-1.9826495653684,-0.428852313532025,-0.428445949036498,-0.978642624295076,-0.978964038435728,-1.10453531827209,-1.10832878323955,-1.10307075154326,-1.09834764998287,-1.0964665858599,-1.10005383570694,-1.10266914084364,-0.969488196078546,-0.969235210764917,-0.832692780417313
214_chr3,0,0.0450697943948757,-1.3522553574535,-1.35172720926196,-0.0133953601617642,-0.0131262710948683,-0.47895091197296,-0.479233800582789,-0.417645901841346,-0.419873583018003,-0.416868282239073,-0.41297501714829,-0.412203147815025,-0.415112896797593,-0.417390550888854,-0.305806351419664,-0.306384255681207,-0.198831870034673
215_chr3,0,-0.0399359460636717,-1.35776282478623,-1.35663704567955,0.103546488845051,0.103189999119943,-0.607657460394693,-0.607737932845969,-0.115184483738947,-0.116711042869628,-0.114416821820206,-0.111563794219063,-0.111160352361989,-0.113615728091219,-0.115095933935018,-0.0297658962108991,-0.0300218469763975,0.132000223796629
216_chr3,0,0.063730577782596,-1.38318819495429,-1.38279954080933,-0.0582641941869337,-0.0578610701130364,-0.478209274135308,-0.478535232448149,-0.513991248050716,-0.516440917869799,-0.513176688751748,-0.509029967341701,-0.508126889096064,-0.511163360060135,-0.513620141490572,-0.395605871193377,-0.396206931599409,-0.298243986407678
217_chr3,0,0.163840614616037,-2.0558104152208,-2.05630094523011,-0.601594818745399,-0.60052456576297,-0.907930740610982,-0.90846623140038,-1.50294829433145,-1.50766200015319,-1.50138771447643,-1.49548560778962,-1.49308523531047,-1.49722678173915,-1.50070866698616,-1.33768979710246,-1.33766598602175,-1.25382000242685
218_chr3,0,-0.0726147969534369,-1.67757700738911,-1.67630351770374,-0.0412477578340273,-0.0418773023342707,-0.929075778034339,-0.929064938903421,-0.29491996340489,-0.296849863726153,-0.293812616109027,-0.291111400066473,-0.290352117711148,-0.292899457079117,-0.294113312606737,-0.212286808075562,-0.211949289063648,-0.00558203746031083
219_chr3,0,0.144508243894504,-1.45583064464039,-1.4560300055667,-0.215902369179334,-0.214912763800777,-0.42256404039316,-0.423079038594407,-0.873968825933632,-0.877249684323274,-0.873060599943663,-0.867864568096642,-0.866489442983854,-0.870023047554975,-0.873247470623689,-0.728669652885499,-0.72946151705467,-0.677521733930642
220_chr3,0,0.0245449192002165,-1.47774595006539,-1.47710556364711,-0.0593167386934754,-0.0592114234345635,-0.616305571678741,-0.61653431169441,-0.460301367342204,-0.462622730150139,-0.459391901778417,-0.455652848354903,-0.454775515883982,-0.457679761686961,-0.45978058574064,-0.351960296234116,-0.3522768976827,-0.222425490463356
221_chr3,0,0.0859771413264988,-1.45007045486285,-1.44985584754531,-0.129676173068962,-0.129116333825307,-0.503008973189648,-0.5033850026002,-0.65680725332976,-0.659585119124618,-0.655916212371363,-0.65144390035419,-0.650337415603981,-0.653550142145094,-0.656224269344761,-0.529922005103482,-0.530506309451732,-0.441764910561549
222_chr3,0,0.0631378046283475,-1.69449716587024,-1.69418472213102,-0.243360780454375,-0.242993922895062,-0.745545510346469,-0.745856833637698,-0.801905428743794,-0.805009472816574,-0.800754374053821,-0.796371836800225,-0.794983915177103,-0.798278462925537,-0.800769083640883,-0.67648179911301,-0.676620414703127,-0.55534573820988
223_chr3,0,0.0347776418481314,-1.33608385521402,-1.33547900020072,0.0108204860215229,0.011015558398354,-0.480121057191641,-0.480380153400246,-0.365336146025218,-0.367443275012618,-0.36457793868815,-0.360823770331753,-0.360122875518246,-0.362963478634711,-0.365142449535774,-0.257086243512461,-0.257650061657543,-0.144743217461488
224_chr3,0,0.00831605646220168,-1.78477864518406,-1.78410317416369,-0.219743709081849,-0.219789188146678,-0.90278877896448,-0.902965875915115,-0.687652038827722,-0.690487607730861,-0.686413628650788,-0.682634232715584,-0.681348108452727,-0.684422413646071,-0.686409723584813,-0.57725535811588,-0.577058114153057,-0.414265410969223
225_chr3,0,0.0917354926721827,-1.40557396209457,-1.40538844496028,-0.111244381393017,-0.110637642486299,-0.456521914497618,-0.456913530194048,-0.636184648168914,-0.638916556182205,-0.635340641610318,-0.630832318912634,-0.629769968611206,-0.632976442532144,-0.635699004387707,-0.508533431944742,-0.509204780168751,-0.427403853761017
226_chr3,0,0.166675569622043,-1.76741009193472,-1.76784612824742,-0.433352162903404,-0.43223150556783,-0.656933129127716,-0.657487614650361,-1.2444923513723,-1.24861900394651,-1.24324307694679,-1.23753134523882,-1.2355699985068,-1.23948480192511,-1.24295680017282,-1.08504027944737,-1.08545332110062,-1.02465738031822
227_chr3,0,0.151874279622207,-2.16916861591885,-2.16960408862056,-0.652375018704698,-0.65140436837015,-1.02241663621071,-1.02291884990716,-1.56526856587226,-1.57012202194543,-1.56358765622157,-1.55774406922719,-1.55521926922172,-1.55939134246722,-1.56277522077662,-1.40111707987775,-1.40088149827292,-1.3010735701762
228_chr3,0,0.106992974575585,-1.85291961881633,-1.8529571402138,-0.400009821203843,-0.399336751308955,-0.817181942022441,-0.817590842630712,-1.10820378495276,-1.11201109650097,-1.10687322469681,-1.10182809008662,-1.09999757379797,-1.10366188307559,-1.10658432651482,-0.965407512893428,-0.965473805596534,-0.860419881842232
229_chr3,0,-0.0689974933369652,3.07044686243386,3.07292091933596,2.78948039777538,2.78936410578486,3.14037350729014,3.14017403559602,4.11591623774436,4.12401220364881,4.11189040752468,4.11092836230448,4.10426885104256,4.10568693354005,4.10504011167168,4.08950946066326,4.08281388313941,3.9370845442464
230_chr3,0,-0.011920646236196,-1.39697882483842,-1.3960606019164,0.0404994476595284,0.0403449240835285,-0.600361152096889,-0.600506591643911,-0.253096868741983,-0.254941399166018,-0.252281559739385,-0.249053660589935,-0.248464546478192,-0.251104106631088,-0.252852320752749,-0.158018682018656,-0.158320076186612,-0.0112267136989437
231_chr3,0,0.0271947832339649,-1.36205596890505,-1.36140438256713,0.00603328504755729,0.00616994155002559,-0.513413065348889,-0.51365302272544,-0.362096867234201,-0.364195421038245,-0.361311996731917,-0.357630723940559,-0.356922794429867,-0.359744251320081,-0.361855311910446,-0.255612583870018,-0.256110010180636,-0.136467027018802
232_chr3,0,-0.0547311292887909,-2.05596962813871,-2.05491987885375,-0.292544182234566,-0.29308101897403,-1.22688332875123,-1.22689895007986,-0.712195617795069,-0.715076901802814,-0.710675781443773,-0.707459328408902,-0.706028203577524,-0.708989687238153,-0.710419354454975,-0.615197139560678,-0.614366203977254,-0.391496119742369
233_chr3,0,0.0343469654490294,-1.94051529855759,-1.94006348786955,-0.349578146961329,-0.349448193294881,-0.998125326446169,-0.998357720639702,-0.926950906915938,-0.930334595558683,-0.925539231846337,-0.921318357824211,-0.919672905839734,-0.923018474819806,-0.925269909980031,-0.804810726235844,-0.804479329391752,-0.646768956443481
234_chr3,0,0.156666984494859,-1.46554975062131,-1.46583730643159,-0.238904487048171,-0.237826479332224,-0.413148158174595,-0.41369166248267,-0.927020865583467,-0.930424261784932,-0.926099854637977,-0.920746828339287,-0.919302552949882,-0.9229099667742,-0.926249782275224,-0.777698793778095,-0.778521174424446,-0.733598366525926
235_chr3,0,-0.0304535296610448,-1.59032131744096,-1.58932241533734,-0.0487651775732469,-0.0490757831959945,-0.792889514130866,-0.792982660434706,-0.366180701598048,-0.368279325479901,-0.365159808105567,-0.362008658077612,-0.361198997173544,-0.363900757277416,-0.365499433383116,-0.272404474975842,-0.272351604030522,-0.099227354630008
236_chr3,0,0.0834021688985941,-1.71069551325276,-1.71053005951145,-0.281697258779083,-0.281183065469621,-0.729852530828742,-0.730211363821154,-0.8903246073479,-0.893632879057184,-0.8891522446126,-0.884508052565831,-0.883004881638457,-0.886422443574171,-0.889105383079697,-0.758196213751955,-0.758385689626878,-0.648805854459618
237_chr3,0,-0.111196884115088,-1.68924581215954,-1.68770343968342,0.00635295967427307,0.00543854001414146,-0.995341108935008,-0.995238008391228,-0.166183124358953,-0.167814221951748,-0.165070382430033,-0.162834145378634,-0.162227725796705,-0.164576531435341,-0.165429604748835,-0.0953290637198005,-0.0948318615587032,0.136933391556329
238_chr3,0,0.147595465317645,-1.45022570786968,-1.45044537775004,-0.216921253461774,-0.215908374452991,-0.41326324647845,-0.413785825602754,-0.879917579155132,-0.883212453271701,-0.879014835652549,-0.873785245344675,-0.872405203212552,-0.875950773344199,-0.879203473832062,-0.733784266641464,-0.734595814384198,-0.685032440946328
239_chr3,0,-0.0547615460445433,-1.61016758125939,-1.60900250032744,-0.0262377032390551,-0.0267290704671184,-0.845333863254752,-0.845368350959502,-0.296713801736161,-0.298650632912833,-0.295675999597968,-0.292808045103233,-0.292075127971204,-0.294662291617041,-0.29603524429551,-0.210068888315717,-0.209896939001426,-0.0198505965583462
240_chr3,0,0.0566145634422924,-1.47735178829801,-1.47693730153088,-0.104440308400804,-0.104099157064768,-0.569190288017529,-0.569495320930977,-0.575977996289694,-0.578567433367713,-0.575062953623584,-0.570930140848466,-0.569911177454898,-0.572988255166679,-0.575390141206635,-0.457630169792921,-0.458065743708772,-0.348639777745011
241_chr3,0,0.138130601709682,-1.51692249575718,-1.51709268756792,-0.243370124450295,-0.242433673106875,-0.484159571370195,-0.484656805321281,-0.907813094475032,-0.911169866354755,-0.906840006094313,-0.901674635444494,-0.900232136459822,-0.903782578003825,-0.906954852317313,-0.763088238024592,-0.763766236615176,-0.703269498235277
242_chr3,0,0.0855769966123605,-1.44145532299248,-1.44123567112857,-0.123964666621278,-0.123406886465822,-0.496218331038748,-0.496593774714857,-0.647332265263237,-0.650088529143059,-0.646450614419188,-0.641989946839546,-0.64089872723945,-0.644102062599215,-0.646771342225219,-0.520771888338892,-0.521367452585652,-0.433006253493094
243_chr3,0,0.0717065278808959,-1.52422120144644,-1.52392517374305,-0.153779852347205,-0.153332539591464,-0.587295506999814,-0.58763444432361,-0.674258335242602,-0.677073589121141,-0.673289789343604,-0.668934928581191,-0.667775631355831,-0.670973536270724,-0.673523058124686,-0.550109505159002,-0.550531498889145,-0.447251114493789
244_chr3,0,0.102079851353713,-1.41384273939931,-1.41373225631202,-0.130814019852378,-0.130132070402371,-0.4485111125426,-0.448926980536479,-0.681320024024259,-0.684156184206358,-0.680465140338667,-0.67582325060699,-0.674702068944011,-0.677971337969655,-0.680792072880158,-0.550246224075985,-0.550943534971295,-0.475112479208713
245_chr3,0,-0.234221336645093,-2.82359335892097,-2.82147692466344,-0.497152362091634,-0.499087599581667,-2.14575796564872,-2.14531406742785,-0.777936987158909,-0.78093902527774,-0.775620748708114,-0.774010411517083,-0.772173426436653,-0.774809994196716,-0.774651536595882,-0.719185005961289,-0.716556558747348,-0.322977789180189
246_chr3,0,-0.0461197157443263,-1.27141844142975,-1.27022678772566,0.163863520311177,0.163470413719896,-0.542768992197465,-0.542838424953789,-0.0123579911629901,-0.0136498231136666,-0.0116848476620932,-0.00897523126335065,-0.00873442313472328,-0.0110839413809898,-0.0124951565442726,0.0691258267675345,0.0687650479377879,0.228358861836838
247_chr3,0,-0.0644026323253621,-1.30511415935439,-1.30380236322693,0.169597311866024,0.169066324374675,-0.598279659891031,-0.598304176109659,0.0224030128921657,0.0211931194178807,0.0231091677898787,0.0256204391859525,0.0258329150704726,0.0235538365883188,0.0223100202706896,0.0989586124905029,0.0987151453086432,0.272419384017502
248_chr3,0,0.1872457227957,-0.521025406313716,-0.521284556907804,0.281979752596464,0.283379404384271,0.439940936678664,0.439284576649158,-0.157618474676355,-0.159277799134319,-0.157713017187136,-0.152721818523284,-0.152620920424186,-0.155600719878753,-0.159108092221339,-0.0206621903211195,-0.0229938941473606,-0.0671041772973764
249_chr3,0,0.0733858499004162,-1.40709518790074,-1.4067807498472,-0.0861994067978518,-0.0857277416298872,-0.484589464075852,-0.484937371377661,-0.57120392324723,-0.573785188490588,-0.570361706817172,-0.566077673957965,-0.56509433328484,-0.56820300352123,-0.570753467419811,-0.449248318510679,-0.449849677317246,-0.356266244207987
251_chr3,0,0.0168624934106375,-1.41155227431993,-1.41084065538305,-0.0089154028420706,-0.00885978886463779,-0.570851525894646,-0.571064805682196,-0.370827220622105,-0.372943968482532,-0.369990765836751,-0.366397803289588,-0.365658198384632,-0.368465406808845,-0.37048571947897,-0.266421412875027,-0.266807517955097,-0.136946676179168
252_chr3,0,-0.0374205777825231,-1.71622864472871,-1.71521315682875,-0.11411151608721,-0.114486252778843,-0.910824971271771,-0.910896197936835,-0.4582834011613,-0.460590273856187,-0.457127673143519,-0.453963812738203,-0.452987899033964,-0.455757712338232,-0.457306909817306,-0.363761641767708,-0.363496902559544,-0.17666575399195
253_chr3,0,0.0380042785777204,-1.43688638198639,-1.43633029549737,-0.0539493972421374,-0.0537409325619809,-0.5616986600453,-0.561961148330093,-0.47093349983727,-0.473281181964535,-0.470065694612897,-0.466193161577962,-0.465320109970187,-0.468262737812209,-0.470484764041271,-0.359336914984515,-0.359763612658718,-0.2414826059955
254_chr3,0,0.0557998666841494,-1.70852247881895,-1.70816194479761,-0.24135894872249,-0.241047481725302,-0.768254148175009,-0.768547422694806,-0.788421078212661,-0.791493297770634,-0.787256232123213,-0.782952910087048,-0.781575574660151,-0.784842271859694,-0.787265769692909,-0.664963779634591,-0.665054570365328,-0.538079668877447
255_chr3,0,-0.0649219002538594,-1.97051610327649,-1.96937247126716,-0.22709176907221,-0.227694775916688,-1.16860216068935,-1.16859717401162,-0.595699855156265,-0.598314699453904,-0.594274324064712,-0.591249824017225,-0.589997711393508,-0.592832449118725,-0.594155615435409,-0.503866931078002,-0.503124714040944,-0.280068789016201
256_chr3,0,0.1263156041287,-1.5159598987447,-1.51604657925053,-0.226084179093274,-0.225234500189527,-0.500569379964829,-0.501038553388698,-0.864163680320533,-0.867419342799458,-0.863193844473543,-0.858174406492999,-0.856785821430567,-0.860271659012991,-0.863332876790047,-0.72315118613338,-0.723786991113514,-0.655846790520716
257_chr3,0,0.0925152585423489,-1.39018095431588,-1.38999695749187,-0.103153518060945,-0.102539468108127,-0.442208545563341,-0.442602669827746,-0.624663941611269,-0.627369786073806,-0.623836432948223,-0.619330548929801,-0.618288843510888,-0.621486608694426,-0.624214543591079,-0.49712635921168,-0.497823343933241,-0.417652383504038
258_chr3,0,-0.0794327126939145,-2.30875637162674,-2.30759782105187,-0.408588029052099,-0.409332396729044,-1.47929215264665,-1.47923828343516,-0.858344640154129,-0.861554193546759,-0.856556099295589,-0.853445775731323,-0.851728383396828,-0.854768649373068,-0.855998383091409,-0.763195412088554,-0.761899553057424,-0.504695896456286
259_chr3,0,0.104981427497481,-1.54204298333325,-1.5419860527801,-0.211487930235904,-0.210797786697592,-0.554014524185093,-0.554431847194164,-0.811268705797962,-0.814400721126707,-0.810274660982546,-0.805497006117535,-0.804162207945049,-0.807554741047045,-0.810418947151882,-0.676314028897827,-0.676832513004371,-0.593402113066966
260_chr3,0,0.0727853612307933,-1.41477557022808,-1.41445888367412,-0.0899373308810842,-0.0894708680861851,-0.492039545755502,-0.492385698542291,-0.576187179369168,-0.578779676280067,-0.575336770847408,-0.571054119130634,-0.570061415423613,-0.57317328931483,-0.575719087209383,-0.454240907584856,-0.45482869449622,-0.360297520141792
261_chr3,0,0.0768555674190432,-1.44277911224495,-1.4424983404965,-0.112419820206029,-0.111926301026319,-0.510072835178614,-0.510427479104534,-0.617007234848151,-0.619693171902711,-0.61612578525456,-0.611771251594623,-0.610716643875072,-0.613873998188071,-0.616461557162107,-0.493139993958528,-0.493701404627973,-0.399695820882626
262_chr3,0,0.036642055311141,-1.67331775230085,-1.67281311846453,-0.193235659041739,-0.193061443652166,-0.766064153112494,-0.766313357251307,-0.686296946785767,-0.689133962286205,-0.685173752462884,-0.681133330052622,-0.679896097423918,-0.683029803557725,-0.685268966571973,-0.569639826821055,-0.56971194235529,-0.433146207137203
263_chr3,0,0.127603805487129,-1.86939491478393,-1.86958193931667,-0.439001751172983,-0.438178826479147,-0.801220654363735,-0.801677876962507,-1.19813469594722,-1.20214972688042,-1.19678246333513,-1.1914712003319,-1.18952346428294,-1.19331289096271,-1.19643094133106,-1.04851902632155,-1.04863704888484,-0.955477917086143
264_chr3,0,0.122588583271499,-1.72238151550383,-1.72249523417066,-0.344101818073001,-0.343300700005875,-0.682696755800095,-0.683148295402242,-1.04300881806393,-1.04667042478941,-1.04181648418436,-1.03668164959886,-1.03498636450441,-1.03862532466617,-1.04167767681823,-0.898370680113562,-0.898687541052221,-0.813169468382951
265_chr3,0,-0.149466126099753,-1.85340253981064,-1.85163286544311,-0.0375650197244015,-0.0387776437949052,-1.1916754242131,-1.191474328298,-0.180657464328517,-0.182315348123632,-0.179374389907271,-0.177480210527824,-0.176786488180772,-0.179066430425815,-0.179580960615657,-0.117946573047825,-0.117065396018812,0.151132964091067
266_chr3,0,-0.0213421301801069,-1.63688143718271,-1.63595876799399,-0.0894611379752968,-0.0897095232553331,-0.819453445706935,-0.819566285065865,-0.442532207917354,-0.444805845530407,-0.441459265154045,-0.438159796981933,-0.437236813960074,-0.440026849121005,-0.441716968503639,-0.344829987579389,-0.344741915606929,-0.173982374394304
267_chr3,0,-0.039027699174676,-1.69397648364165,-1.69294392395664,-0.0985479075842468,-0.0989321800483507,-0.894121959139335,-0.89419030866535,-0.431734802276329,-0.433981069470923,-0.430603435506043,-0.427476699787,-0.426542758859017,-0.429285218431796,-0.430816509502789,-0.338231297418448,-0.33799352412328,-0.151779600037332
268_chr3,0,-0.0797899287056081,-1.59016110923984,-1.58881448193092,0.021111428300058,0.0204380876587063,-0.864716158757534,-0.864691967543692,-0.187507857391297,-0.18919244836106,-0.186496372679354,-0.183951586293982,-0.183361012817532,-0.185796242451973,-0.186931663461087,-0.10914395372444,-0.108909187207824,0.095581376626253
269_chr3,0,-0.10910142700445,-1.28583885797182,-1.28420708280125,0.244331376015114,0.243473711244749,-0.64697975999943,-0.646898781080208,0.202105006914806,0.201310744596127,0.202781952759515,0.204728919835777,0.204712946899493,0.202691400800064,0.201869715226596,0.264253154466792,0.264146201653311,0.464858977308023
270_chr3,0,-0.375358922877416,-2.18528353894819,-2.18200765121162,0.083713514578282,0.0808059715933515,-1.80525113758263,-1.80449866710121,0.327507842431375,0.327041190056617,0.329107480824044,0.328485086541209,0.328696524688246,0.327357766128788,0.328922204775033,0.327369254123174,0.329575018327918,0.765892270152451
271_chr3,0,-0.0298989821260698,-2.1992338914496,-2.19839613388918,-0.413233739186114,-0.413602678849386,-1.3132924216675,-1.31336101889645,-0.935535741770049,-0.93892867749212,-0.933856350842159,-0.930222889564771,-0.92845728451423,-0.931673091234516,-0.93335404938848,-0.827457557724658,-0.826506483733427,-0.608875177905615
272_chr3,0,-0.0631476771125288,-1.86258282226147,-1.86142382248448,-0.165136079029098,-0.165714977913153,-1.07362640846398,-1.07363022695322,-0.501554082291598,-0.503955203696767,-0.500244923157613,-0.497282906319199,-0.496191934582587,-0.498945665394984,-0.500271828414597,-0.411671442856095,-0.411095350189251,-0.197119487749884
273_chr3,0,-0.183818023172325,-1.259572420738,-1.25740731956509,0.365697908223217,0.364293573469245,-0.733480650909421,-0.733223077911683,0.496940224462514,0.496828104418835,0.497574782810886,0.498583131817561,0.498194615798388,0.496598553276964,0.496481729862981,0.535143627293452,0.535273667807169,0.781571353747173
274_chr3,0,-0.0980193761897664,-1.37977401238482,-1.3782445911425,0.172552536401429,0.171766725634284,-0.711220909337955,-0.711162297973036,0.0744814750924281,0.0733953356565946,0.0752620638986326,0.0774185591459786,0.0775988329980697,0.075438609903419,0.074500981333907,0.142270340358432,0.142261355516387,0.342846291194943
275_chr3,0,0.0423836688923023,-1.47460309845943,-1.47408761384637,-0.0826705653475723,-0.08243376653792,-0.587595163003074,-0.587866465168491,-0.521922493420913,-0.524386780515016,-0.521013086766779,-0.517057287605254,-0.516105750896077,-0.519103680764591,-0.521371600578069,-0.40808299853797,-0.408470100870347,-0.290195738884655
276_chr3,0,0.0522590963272472,-1.97849026084948,-1.97817448675215,-0.39759413255628,-0.397336370228074,-1.0045035569501,-1.00477694104553,-1.02714868866049,-1.03076300342194,-1.0256925996613,-1.02122196949058,-1.01943760219055,-1.02291176110279,-1.02533618565206,-0.898533098273142,-0.898211682345618,-0.749095797551709
277_chr3,0,-0.0462539962147515,-1.42992929466647,-1.42877762614656,0.0693799277897778,0.0689695870769087,-0.678645626048523,-0.678708005510621,-0.159563054939095,-0.161189483019021,-0.158718544917101,-0.155886798135628,-0.155398376549386,-0.157880205805097,-0.159310224230255,-0.0744432050258301,-0.0745691368725967,0.0967878767044819
278_chr3,0,0.158529336866295,-1.76089838960462,-1.7612753362405,-0.41794097746951,-0.416879548802448,-0.663241674615634,-0.663777061336124,-1.20894802343902,-1.21299257692342,-1.20770731480391,-1.2021007677846,-1.20018575103584,-1.20405110300389,-1.20744578949352,-1.05219125283735,-1.05258384876072,-0.98708660581988
279_chr3,0,0.192446855200422,-1.22124513840409,-1.22172175679181,-0.143595769698856,-0.142229646077216,-0.151840623560288,-0.152479607257135,-0.828861727485935,-0.832047712458609,-0.828198175841139,-0.822596268021981,-0.821375839273086,-0.824971407860566,-0.828616248005436,-0.674033652752814,-0.675349313487132,-0.671181011499597
281_chr3,0,-0.0079164045878044,-1.70846671659953,-1.70765714640175,-0.151205974986082,-0.151362983345524,-0.861145174636869,-0.861286905346566,-0.557812037734382,-0.560349868066267,-0.556659179339944,-0.55313883717537,-0.552044208995889,-0.554966818064572,-0.556792056922504,-0.454255719935333,-0.45411137530393,-0.286616817095089
282_chr3,0,0.178566961230021,-1.45896650092387,-1.45940669045131,-0.265947632442999,-0.264707927917554,-0.375569020644911,-0.376164892698021,-1.00013196852096,-1.00370505636813,-0.999213976211009,-0.993596986994877,-0.992065880638825,-0.995786019982686,-0.999330627888821,-0.844122910400409,-0.845035871011877,-0.814526523221615
283_chr3,0,-0.076974849644218,-1.59241134654991,-1.59108513875476,0.0157858125550931,0.015132939458625,-0.862536125993514,-0.862518534718522,-0.1997908471261,-0.201503808931267,-0.198776402349314,-0.196195267479492,-0.195588683833716,-0.198041002317244,-0.199203139812113,-0.120495533008948,-0.120267831886582,0.0825981113818539
284_chr3,0,-0.0321083355979396,-1.89917835302151,-1.89824754380703,-0.230895171697653,-0.231249601236007,-1.05967608140823,-1.05975217085902,-0.64796735364163,-0.65070625332368,-0.646612814748829,-0.643240813687684,-0.641954859597374,-0.644906904073887,-0.646529137345651,-0.547541458259151,-0.5470258469284,-0.350095048523344
285_chr3,0,-0.0783913153962258,-1.99793613988643,-1.99670466665794,-0.224417880816354,-0.22512273351315,-1.21171988453076,-1.21168169660969,-0.572509182221258,-0.575069158282936,-0.57105652431851,-0.568176122315003,-0.566940818133281,-0.569725839901043,-0.570926008470158,-0.484246753549574,-0.483414272915886,-0.249771667747349
286_chr3,0,-0.037505564266206,-1.93075262031886,-1.92979192898412,-0.242119695317733,-0.242517044840918,-1.09457533776717,-1.09463724881209,-0.657856521009542,-0.660617037588513,-0.656468852419236,-0.653138515522247,-0.651827059849549,-0.654776461404935,-0.656352015038428,-0.558383646687528,-0.557801429554778,-0.355111838909552
287_chr3,0,-0.00186261487024353,-1.06592359690675,-1.06499076823664,0.22400228017369,0.223955641413443,-0.302316330236993,-0.302499756348261,0.0189656955471702,0.0177379937603828,0.0194249301484875,0.0225179014165176,0.0226332359746273,0.0202172169265618,0.0184164692834914,0.109503614633415,0.108675639318503,0.224982589738729
288_chr3,0,0.0911602507548517,-1.7168969466288,-1.71678776706518,-0.296374133560712,-0.295803533704528,-0.723844574297588,-0.724221596074303,-0.924175322629449,-0.927561781579161,-0.922994802245696,-0.918250437339988,-0.916703143955856,-0.920167801083981,-0.92292436860452,-0.789480053163385,-0.789689000572055,-0.684586460379016
289_chr3,0,0.148896250817844,-1.45933820399499,-1.45956939385608,-0.224203677331018,-0.22318216814916,-0.419165912435465,-0.419691198297107,-0.893114946813455,-0.896440028267337,-0.892202106819849,-0.886949416741233,-0.885549335763152,-0.889109577592578,-0.892375645006584,-0.746363936919805,-0.74716681427838,-0.697759409867123
290_chr3,0,-0.00726255308492751,-2.58298373730438,-2.5824045972096,-0.674452123688,-0.674693959473213,-1.60875306207137,-1.60885919639355,-1.37500078784287,-1.37939630638669,-1.37290222560344,-1.36869094265662,-1.36622402500393,-1.36988413519739,-1.3718262083069,-1.2509486066671,-1.24951374118864,-1.01800769810929
291_chr3,0,-0.0541946431658329,-2.00444713975768,-2.00338786680017,-0.262530230755502,-0.263057842044974,-1.1819990115286,-1.1820180976611,-0.666131309664139,-0.668907968829352,-0.664667082159938,-0.661484270537162,-0.660131444133347,-0.663052582450801,-0.664480765264614,-0.570160767785275,-0.56940798643202,-0.350674869166562
294_chr3,0,0.0114470407758728,-1.65317808286404,-1.65249069396644,-0.145571290412116,-0.145580259963212,-0.785575490442298,-0.785765624994919,-0.5763639402321,-0.578947036181862,-0.575267238549429,-0.571552135810157,-0.570458194520725,-0.573438955109573,-0.575439005035971,-0.468042962635583,-0.468051842748374,-0.316945720609364
295_chr3,0,0.108873741061175,-1.73105624940841,-1.73107555677231,-0.329884823959243,-0.329185434946527,-0.710127023780952,-0.710545574747538,-1.00146431340211,-1.00502929185588,-1.00026516722535,-0.995292084577466,-0.993644049447555,-0.997216235762625,-1.00014091302399,-0.860908274265741,-0.861161679677132,-0.766281836613854
296_chr3,0,0.102079019062432,-1.73553830216594,-1.73551088309349,-0.32295142415685,-0.322302453498879,-0.723874549606977,-0.724276749236087,-0.981053747150781,-0.984571243651701,-0.97985102664526,-0.974957936544149,-0.97333302172762,-0.976872281101299,-0.979733727932867,-0.842515818228804,-0.842737513427806,-0.743206002732862
297_chr3,0,-0.129703096643269,-1.55026294996704,-1.54855427150502,0.115538031337843,0.114501787920844,-0.903369546135726,-0.903228333748052,0.0302774751126509,0.0290959173583616,0.031236475965212,0.0331367802706533,0.0334434831158288,0.0313112498007655,0.0306495293205109,0.0921268705860885,0.0924869111010889,0.325783045705791
298_chr3,0,0.0270009863528321,-1.67552457371101,-1.67495256711912,-0.180917490338394,-0.180814388187396,-0.782015925957626,-0.782242105512683,-0.653466960076397,-0.656227807665502,-0.652343184367895,-0.648419506721994,-0.647221582405583,-0.650305082938117,-0.652454002289067,-0.539769706221911,-0.539802967672125,-0.396942899125739
299_chr3,0,0.219609325011397,-1.48382931474322,-1.48456515852312,-0.338847321012108,-0.33730839622881,-0.336985068348058,-0.337677501518006,-1.17180929205455,-1.17577918551363,-1.17085673359795,-1.16471600649315,-1.16296392040593,-1.16692653845386,-1.17085965299441,-1.00240509955933,-1.00343281540786,-0.997194859403048
300_chr3,0,0.179410929857558,-1.43593307724491,-1.43637326658535,-0.253384198179317,-0.252135927433788,-0.354622025334879,-0.35522088324209,-0.98172469564598,-0.985256076079637,-0.980831450499459,-0.975222077414292,-0.973723295142103,-0.977428659916447,-0.980978276571116,-0.825986502356087,-0.826936632494933,-0.798660967864721
301_chr3,0,0.200415614046084,-1.52500187782432,-1.52561309133329,-0.336290993870829,-0.334897413056587,-0.400224218359756,-0.400869251076059,-1.14071906028254,-1.14461521388301,-1.13972557650214,-1.13378854747543,-1.13205712570555,-1.1359506612965,-1.13970877166694,-0.976354055609012,-0.977250043296834,-0.955771560720645
302_chr3,0,0.0230140066862448,-1.68231505664679,-1.68171670645573,-0.179334086042143,-0.179260994609697,-0.793643932061476,-0.793860340295671,-0.645367056276218,-0.6481088544793,-0.644236684625819,-0.640356695752361,-0.639165822999725,-0.642233494665176,-0.64434583855121,-0.532757443307683,-0.532765946819594,-0.386869877842905
304_chr3,0,-0.0416925178547052,-1.70229477361265,-1.70124558238932,-0.099747065614417,-0.100151784054165,-0.905129174722911,-0.905190832721453,-0.429842652417699,-0.432084192615321,-0.428702790244198,-0.425602303717058,-0.424667157411378,-0.427402209504082,-0.428909532678974,-0.336978404720662,-0.336718495640192,-0.148196913541945
305_chr3,0,-0.0956070019376679,-1.52857610901526,-1.5271021127161,0.0802657135801102,0.0794823883711704,-0.835072485874582,-0.83501329076575,-0.0728926088497488,-0.0743141356139554,-0.0719506745032454,-0.0696483374719352,-0.0692243569727924,-0.0715224935204986,-0.072501607766633,-0.000897622447920021,-0.000695515616253584,0.209317676077461
306_chr3,0,-0.0532213657386933,-1.4331874763825,-1.43198754870907,0.0772884980082489,0.0768265949727447,-0.691597382835149,-0.691643052318612,-0.13738743424941,-0.13896234057059,-0.136540705541947,-0.133792028490376,-0.133329409448919,-0.13577635235968,-0.137141364397912,-0.0543680131506577,-0.0544634068708585,0.121564913836421
307_chr3,0,-0.107751218943648,-1.29521342428185,-1.29359358505615,0.236822523131553,0.235973825057934,-0.653034661100628,-0.652956495334637,0.188484622545022,0.187659183414742,0.189171957498795,0.191142836292487,0.191147531791523,0.189110827181019,0.188275277465147,0.251271983877508,0.251173906456823,0.451718587378886
308_chr3,0,-0.0793724262850128,-1.59049484037257,-1.58915124146755,0.0203215899274243,0.01965128481344,-0.864392839612279,-0.864369627230784,-0.189329539068648,-0.191018337697306,-0.188317615351544,-0.185767438147686,-0.185174490214142,-0.187612254283923,-0.188751637596486,-0.110827498564748,-0.110593779911846,0.0936558375743974
309_chr3,0,0.00193402923510844,-1.62593613219446,-1.62517466857532,-0.115845425032101,-0.115921547868796,-0.776133165645615,-0.776301831246274,-0.516558719730171,-0.51900434977483,-0.515493254508908,-0.511916319394659,-0.510907231667262,-0.513813762145641,-0.515721043198881,-0.411840921512519,-0.411854958987312,-0.256705495671106
310_chr3,0,0.00403823311774609,-1.43532482651734,-1.43452897102917,-0.00497548823671612,-0.00501660268336757,-0.609906061969137,-0.61008782993779,-0.346572529662739,-0.348632093731415,-0.345712771179973,-0.342258827411226,-0.341538880824165,-0.344296795572885,-0.346199706362235,-0.245620357936047,-0.245923973745606,-0.106155489632826
311_chr3,0,0.0303323287499357,-1.51778659628515,-1.51719733444345,-0.0914174050964352,-0.0912736412824606,-0.642137506630818,-0.642378310709172,-0.518550572262599,-0.521005268529911,-0.517596728918742,-0.513755293085765,-0.512789591105954,-0.515758692096508,-0.517918924225262,-0.407472919742122,-0.407751687927865,-0.278631222063227
312_chr3,0,-0.0358976737509253,-1.7386997830278,-1.7377008299611,-0.129686796542479,-0.130052639123682,-0.927838264005125,-0.927912158199505,-0.484731289751489,-0.487098525558989,-0.483550979479732,-0.480350858240587,-0.479333002422496,-0.482129898504262,-0.483696239366189,-0.389212497364418,-0.38892015759463,-0.201402089549376
313_chr3,0,0.03870575375115,-1.49784198736813,-1.49730658458957,-0.0913484113579048,-0.0911410367392329,-0.612851723103156,-0.613113290276237,-0.530266581889846,-0.532749248473098,-0.52933273641281,-0.525403983798392,-0.524432371526159,-0.527429946277468,-0.529666274543366,-0.417036544927843,-0.417375712039364,-0.295050130275109
314_chr3,0,-0.12518721243061,-1.57389252322159,-1.57222177088187,0.0950376125427835,0.0940321507250789,-0.91700876171396,-0.916877286306305,-0.00807986143232009,-0.0093493324534033,-0.00709446548232418,-0.00512021841884591,-0.00475648382432503,-0.00693293302261955,-0.00764004554182352,0.0557282056784758,0.0561065104318468,0.288271363070964
315_chr3,0,-0.0485438284004813,-1.46372077244414,-1.46256169281087,0.0524360634137548,0.0520054229428901,-0.710910195317268,-0.710965692978761,-0.18276218908551,-0.184440986076064,-0.181881570291286,-0.179051573025821,-0.178520394800612,-0.181018220657641,-0.182431016409113,-0.0975734203567775,-0.0976409397564129,0.0776618974734671
316_chr3,0,0.0984067460685403,-1.64559928475339,-1.64552276189667,-0.264039667763963,-0.263408479472019,-0.652245821276246,-0.652643107396638,-0.883965830179408,-0.887262045455034,-0.88286104468961,-0.878083311916134,-0.876615519599649,-0.88005946559762,-0.882875047970015,-0.748661694526196,-0.7490028038487,-0.653761693992415
317_chr3,0,0.19855488751659,-1.6793677899761,-1.68000575171787,-0.425857075863024,-0.424492998217776,-0.535071154848714,-0.535705204086233,-1.27781497674079,-1.28202247106086,-1.27665493138684,-1.27062022306248,-1.26865533614304,-1.27266838185931,-1.27642856069149,-1.11044931505541,-1.11111021044723,-1.07707586835285
318_chr3,0,0.0859405322804383,-1.49221561071865,-1.49201162834814,-0.154796361752267,-0.154241111412148,-0.539137423330386,-0.539511575242544,-0.695943125710707,-0.698809946937435,-0.695006521677606,-0.690501748547269,-0.689329431897651,-0.692577332638495,-0.69525645077424,-0.568091405699916,-0.56861326515661,-0.476743668784857
319_chr3,0,-0.0155932224765585,-1.36058476955625,-1.35963126736799,0.0674309211940749,0.0672531248506401,-0.574565825921554,-0.574704076522493,-0.205897855984787,-0.207634509554921,-0.205122585957097,-0.201968234845024,-0.201452399560242,-0.204041584280384,-0.205750708735569,-0.112811139040523,-0.113152782360476,0.033595131626341
320_chr3,0,0.00274163193708932,-1.3425093088657,-1.34168034866052,0.0522941838431779,0.052253049256729,-0.532349894421253,-0.532532521506282,-0.255400820759838,-0.257252931634419,-0.254641662826143,-0.251276130719254,-0.250707273356898,-0.253380288159657,-0.255259276309417,-0.157007223363565,-0.157443276209772,-0.0236880455318773
321_chr3,0,0.0577301111984215,-1.41919587693038,-1.41877423434156,-0.0712834423378426,-0.0709281280331302,-0.517783310655459,-0.518093467447298,-0.525828392644923,-0.5283040109779,-0.524976022891991,-0.52087491611309,-0.519942069809422,-0.522976361525292,-0.525381360503669,-0.408481568703312,-0.409007241760583,-0.304575224852282
322_chr3,0,-0.0355083238781554,-1.56701175112517,-1.56597120772253,-0.0276936597769661,-0.0280390421952017,-0.780310288136022,-0.780392402092889,-0.326171484633158,-0.328178354168493,-0.325176741108529,-0.322105905994853,-0.321355166137004,-0.324010069045651,-0.325558333624507,-0.2345148153002,-0.234477746013183,-0.0598558905333446
323_chr3,0,0.0456280227186192,-1.45999175089087,-1.45949535689485,-0.0785324519438369,-0.0782703010445627,-0.570355939659107,-0.570635579093216,-0.520048193336259,-0.522508738380838,-0.519153978038849,-0.515169722661304,-0.51422667492028,-0.517229859837089,-0.519526392416995,-0.405534462015897,-0.405955143577731,-0.29082064747902
324_chr3,0,0.0634906352666435,-1.91753546534773,-1.91728310217422,-0.377073540197697,-0.376726949058646,-0.935945279958341,-0.936247967248495,-1.01099592725771,-1.01457531950995,-1.00960364382854,-1.00504260145313,-1.00330386346495,-1.00678750945435,-1.00930967485563,-0.880286884730774,-0.880097050611053,-0.742615118738179
325_chr3,0,0.00848769472151833,-1.32301340588825,-1.32221990504696,0.0558112950531293,0.0558144073035061,-0.50728055178961,-0.507477673848809,-0.258027807654154,-0.259886808340517,-0.257288654249369,-0.253867739615588,-0.253303923270276,-0.255991601764952,-0.257922073726165,-0.1582919847607,-0.158778073854329,-0.0301136589654298
326_chr3,0,0.130446444359953,-1.39679324858218,-1.39687826815144,-0.160752329154168,-0.15986006361587,-0.392540741054879,-0.393024801969518,-0.768078734157439,-0.77111664235518,-0.767236975327611,-0.762259834872832,-0.761039527800326,-0.764447655202269,-0.767532574791336,-0.628541163475727,-0.62936840065605,-0.572834662845427
327_chr3,0,0.120652592774009,-1.39682556840203,-1.39684157701389,-0.146919305201156,-0.14609905337411,-0.406854056607631,-0.40731482193011,-0.732669833229865,-0.73562568686857,-0.731829872819151,-0.726973052557931,-0.725796136490319,-0.729151408297924,-0.732144374454907,-0.596190300846511,-0.596981334827885,-0.534216293098127
328_chr3,0,0.078704439645878,-1.48643143014316,-1.48617495990641,-0.141106995298876,-0.140604356287801,-0.544741144818421,-0.545098331747408,-0.664369997705381,-0.667163892385953,-0.663441002447359,-0.659029662217084,-0.657898499320454,-0.661102473588074,-0.663712917643421,-0.538912445727584,-0.539416143759258,-0.443370499520779
329_chr3,0,0.0807606016011475,-1.96591918588506,-1.96580102163855,-0.430398076541185,-0.429929465189019,-0.952169793952918,-0.952511501597989,-1.11856829905311,-1.12239497826587,-1.11712046731678,-1.11230943146602,-1.11041832767497,-1.11403583210892,-1.11672627494112,-0.981342888620775,-0.981145275887116,-0.851082580269048
330_chr3,0,0.0226283513180829,-1.95480488417245,-1.95427417991057,-0.341538171528348,-0.341495844926877,-1.02744997995763,-1.02765389491885,-0.897861329817228,-0.901177020997867,-0.896436397643356,-0.892348361584818,-0.890732512906999,-0.894026799311657,-0.896170013507797,-0.779049508684557,-0.778653724367774,-0.61243753202749
331_chr3,0,-0.0326079385154653,-1.72007563452987,-1.71909505568634,-0.123216151124643,-0.123555896646203,-0.907098002666343,-0.907180512540218,-0.479282313598731,-0.481637688873307,-0.478121525075015,-0.474895523557586,-0.473892238981024,-0.476691267260911,-0.478286139055205,-0.383168221482298,-0.382915561222209,-0.19886185249121
332_chr3,0,-0.236904415161652,-2.32973576608712,-2.32747289717521,-0.198391927171472,-0.200296273619179,-1.72694358814856,-1.72651428858434,-0.308081233649818,-0.310014795478961,-0.306299486582643,-0.305107769812328,-0.304056007827113,-0.306263599917793,-0.306017438313083,-0.261626334932594,-0.259718129297992,0.099183656648504
333_chr3,0,0.0697133770811347,-1.50512531999282,-1.50481031510583,-0.139555393602182,-0.139120778451327,-0.573857256025446,-0.574192263971063,-0.64925372349449,-0.652011819877136,-0.648306198342817,-0.643990741015853,-0.642870186481927,-0.64604130229115,-0.648569692703771,-0.526170475559456,-0.526613343699895,-0.423472138632753
334_chr3,0,0.0227671007189019,-1.3666330212926,-1.36595141406774,0.00956202716285603,0.00966565949826848,-0.523789262476873,-0.524018494373135,-0.350339939314204,-0.352411060376855,-0.349550948664513,-0.345920508396278,-0.345225051199162,-0.34802644190738,-0.35009650896384,-0.245132294738041,-0.245606608651143,-0.122810404200868
335_chr3,0,0.120802488371309,-1.40484793431007,-1.40486707084381,-0.15192282139939,-0.151102289712566,-0.41350233002604,-0.413963111059207,-0.740686991859131,-0.743661093570266,-0.739838329114507,-0.734973402328946,-0.733783259317082,-0.737146073564366,-0.740141462596692,-0.603974499383762,-0.604754226014112,-0.541493495397753
336_chr3,0,0.213669247872035,-1.81482468155913,-1.8156041357069,-0.528138794417128,-0.526677470591048,-0.628972060318942,-0.629636303829719,-1.4587168829891,-1.46333800800572,-1.45740754399408,-1.45108133492711,-1.44883729742143,-1.45304564157146,-1.45696487976834,-1.28348770393056,-1.28400412915603,-1.24960320403388
337_chr3,0,-0.0172606017214715,-1.40119206160903,-1.40023729487692,0.0455357952673579,0.0453415772242123,-0.611756606348635,-0.611889166072411,-0.237699902870304,-0.239508580445676,-0.236881037873487,-0.233715465227446,-0.233143439599623,-0.235757702330755,-0.237456311252213,-0.144191715179065,-0.144467167047529,0.00633282244426914
338_chr3,0,-0.09275852386913,-1.34937227500693,-1.34787207758918,0.183269634365968,0.182525620680946,-0.677524228393399,-0.677479421257728,0.0837716263219024,0.0827057639309117,0.0845203277128319,0.0867177269747592,0.0868737303753218,0.0847106166461367,0.0837274405013004,0.152498126498437,0.152424772840839,0.347424034614501
339_chr3,0,-0.0668015831782148,-1.40472799806002,-1.40342501882537,0.113494170238433,0.112935334119493,-0.687045456321733,-0.687060034917171,-0.0617306250802461,-0.0631313826308459,-0.060917210662558,-0.0583576292357084,-0.057999810760117,-0.0603495404874344,-0.0615834412766914,0.0163871076924966,0.0162997712267647,0.198868492285963
340_chr3,0,-0.213781718817867,-1.43411298693908,-1.43178179615033,0.303830707368642,0.302188171363452,-0.926588478519719,-0.92625222337527,0.442737255426904,0.44250671313185,0.44355492867199,0.444331386051155,0.444083272734826,0.442502512096878,0.442644934074489,0.475632392814732,0.476131099119105,0.754344533575265
341_chr3,0,-0.231182252340261,-1.29981331506542,-1.29732481955747,0.40865479609279,0.406898085949687,-0.837012811366628,-0.836640875231269,0.630833442268091,0.631033249634249,0.631502645167635,0.631960413306513,0.631424820920811,0.630050731860406,0.630373532315562,0.655177902380428,0.655542289154408,0.934928409060824
342_chr3,0,-0.0429295638132038,-1.3637574113422,-1.36261208354334,0.104200255521664,0.103821140460153,-0.617155249851793,-0.617228347458742,-0.10993748747888,-0.111451641033078,-0.109163904237313,-0.10634298063288,-0.105943430461588,-0.108387673079073,-0.109840529699045,-0.0253147642308225,-0.0255508008942895,0.138816853553473
343_chr3,0,-0.0714988542717994,-1.42745645840016,-1.42612624558173,0.106562954116996,0.105967251194595,-0.71335197198422,-0.713354412780951,-0.0659105910325892,-0.0673200995345091,-0.0650734805175581,-0.0625538699276849,-0.0621812966151003,-0.0645247387316137,-0.0657174123134805,0.011267477818993,0.0112310850276178,0.198461735465539
344_chr3,0,-0.049755398905507,-1.50848323804623,-1.50732717901808,0.0274144923838584,0.026970355707675,-0.750992827351242,-0.751043541733838,-0.220085120995822,-0.221848564576267,-0.219156329078583,-0.216306264611216,-0.215710367751742,-0.218239220179478,-0.219646306083012,-0.134236111001868,-0.134232978393884,0.0451381579944696
345_chr3,0,-0.0525537473603244,-1.29023616010695,-1.28900402365572,0.161724523489754,0.161282181204728,-0.568261323553903,-0.568314653845148,-0.00660970000155858,-0.00788743703410866,-0.00591741405091195,-0.00327216343159975,-0.00303042779653229,-0.00536099841455506,-0.00671418436920268,0.0733012918450471,0.0729920863334628,0.238064303403154
346_chr3,0,-0.0413763269759595,-1.59131593953449,-1.59024031904944,-0.0339101365632277,-0.034301155230676,-0.809673252265738,-0.809740376951798,-0.327583330709135,-0.329592471774064,-0.32656340646912,-0.323545697499129,-0.322782928301818,-0.325426544622169,-0.326922789079456,-0.237195402985795,-0.237100738454321,-0.0569562771749101
347_chr3,0,-0.0249774377761464,-1.54697196811166,-1.5460004632716,-0.030619313367815,-0.0308852122502226,-0.747796090905439,-0.747904103420842,-0.345605581479023,-0.347658310410214,-0.344630534862199,-0.341445946718094,-0.340679875963364,-0.343374822145875,-0.345019427889154,-0.251124923862434,-0.251156358790662,-0.0847085516525503
348_chr3,0,-0.0353355342876064,-1.56714987072145,-1.56611058066883,-0.0280205461428289,-0.028364672262885,-0.780176477695723,-0.780258996756926,-0.326925414707842,-0.328934025645434,-0.325930489494393,-0.322857423310254,-0.322105700747997,-0.324761652570431,-0.32631155700754,-0.235211575388951,-0.235174939775928,-0.060652803528201
349_chr3,0,-0.124882173804436,-2.88835649875137,-2.88702732371984,-0.690481575250185,-0.691619522207209,-2.04170748036496,-2.04152088895178,-1.23392276112798,-1.23797879234985,-1.23151602899468,-1.22851157474236,-1.22608819346159,-1.22936950201584,-1.23024586149119,-1.13951956304056,-1.13719900768408,-0.808389092846507
350_chr3,0,0.0215740820154606,-1.53789794027769,-1.53725215050947,-0.091041696337633,-0.0909643898633266,-0.672127324917573,-0.672346443537358,-0.505597440458199,-0.508021292758597,-0.504623491000239,-0.500873970379848,-0.499915624520745,-0.502854313811994,-0.50493485769756,-0.396788490023376,-0.397005192148003,-0.260832810563272
351_chr3,0,0.0134936914842192,-1.40885941787799,-1.40812336293209,-0.00254224450805896,-0.00251112401842146,-0.573460368635802,-0.573665750284,-0.356128180709405,-0.358210977223217,-0.355295268230299,-0.351745803873335,-0.351025358319889,-0.353812116537742,-0.355800457619604,-0.252836990793945,-0.253214640724712,-0.121409617356766
352_chr3,0,-0.0985761306647696,-1.86988234117637,-1.86847555465925,-0.119386193744458,-0.12022633250499,-1.13155175626534,-1.1314709997297,-0.380157614520382,-0.38227712287909,-0.378847194747093,-0.376314817461482,-0.375369562019185,-0.377938120326434,-0.378932558522593,-0.301170517500532,-0.300452843573147,-0.063406594924817
353_chr3,0,0.0407196580463547,-1.4906752497541,-1.49015218874497,-0.0899163921991733,-0.0896934755563947,-0.603779649718794,-0.604046311329193,-0.530876348320576,-0.533360722839197,-0.529949874965976,-0.526001972259505,-0.525032649367685,-0.528035083415165,-0.53028941370101,-0.417183626170532,-0.417540823603939,-0.297024079035355
354_chr3,0,-0.0124802744286945,-1.5198221184823,-1.51893167297045,-0.0320794323624005,-0.0322506616767098,-0.706327799510285,-0.706466689335305,-0.365529909113143,-0.367629926042914,-0.364581879165972,-0.361264928879562,-0.360485939122918,-0.363225578272451,-0.364984087188223,-0.267776137818862,-0.26789384767654,-0.111394460049987
355_chr3,0,-0.20718784884912,-1.58052494367765,-1.57827802850533,0.207057172981672,0.205448112434639,-1.04229488920748,-1.04196809735039,0.282459434951683,0.281863505075601,0.283436652128529,0.284408466456989,0.28441886455886,0.28267961814524,0.282741595620795,0.320811187414331,0.321502015082113,0.606308173918589
356_chr3,0,0.0142274420479016,-1.58773779614199,-1.58705310298188,-0.110418449893637,-0.110400268829723,-0.7255048826875,-0.72570441035236,-0.525451456275636,-0.527919265415285,-0.524424992166467,-0.520726826279632,-0.519723023917013,-0.522663874345475,-0.524681746993346,-0.417780540185638,-0.417896435112624,-0.273379768340842
357_chr3,0,-0.26093280398214,-2.52891076752651,-2.52652999756721,-0.283367336502776,-0.285468769132376,-1.93248034560164,-1.93198543421229,-0.406713984991176,-0.408867912697052,-0.404721375701861,-0.40366938144909,-0.402412315526005,-0.404657329274841,-0.40421076891241,-0.363142053911829,-0.360850672607591,0.0280068523880499
358_chr3,0,-0.201404919229749,-1.4059444187498,-1.40369317600214,0.303149278058444,0.301600631048331,-0.88442375984647,-0.884118139009615,0.424197644779739,0.423922981376354,0.424987177322617,0.425893722318946,0.425656398927327,0.424032450233579,0.424062228119372,0.460304666572435,0.460716036157319,0.728982551922424
359_chr3,0,-0.0635298114211983,-1.54461273661162,-1.54336893598657,0.0253178798644333,0.0247687621188824,-0.802010481845769,-0.802026899564543,-0.203905773319488,-0.205630237638653,-0.202940494480684,-0.200231474641829,-0.199640101093247,-0.202124900441255,-0.203407227312347,-0.121520426660325,-0.121413027960645,0.0693804106077969
360_chr3,0,-0.115423238960476,-1.28078550891112,-1.27910787771893,0.256291090309281,0.255387461654018,-0.651875450987699,-0.651779650611807,0.229688868564104,0.228958318518703,0.230359167002858,0.232224506430812,0.232172579520359,0.23018940978199,0.229427721315311,0.28974535133786,0.289654265252409,0.494015444909954
361_chr3,0,-0.0820320434346757,-2.03414660495881,-2.03289882521705,-0.240895835933609,-0.241631168940303,-1.24802550132536,-1.24797711579664,-0.593073972934755,-0.59568011378498,-0.591582843584001,-0.588718901733247,-0.587443045101689,-0.590238799419869,-0.591409367525101,-0.505108405032025,-0.504208948558906,-0.265583133982196
362_chr3,0,-0.14430427098769,-1.51882792967297,-1.51700823639496,0.154964932070089,0.15382455385151,-0.897759843651411,-0.897585238485371,0.112401045452417,0.111408499480393,0.113323323558126,0.115019663280901,0.11521237765967,0.113185367603286,0.11266472109397,0.168960847903447,0.169328315475714,0.409594968638251
363_chr3,0,-0.134982552808255,-1.58634490932969,-1.58460834271404,0.10145462959366,0.100375870104743,-0.941955471241074,-0.941800169066568,0.015762149828912,0.0145484404553895,0.016759176418633,0.0186227837675643,0.0189625690945303,0.0168285595316364,0.0162118423101214,0.0767998998142092,0.077232775779851,0.316544889183582
364_chr3,0,0.161113983676952,-1.46910446551889,-1.46942427817136,-0.2473173977855,-0.246207057352293,-0.409704345866976,-0.410258276142503,-0.946424386448472,-0.949872600247983,-0.945498699468795,-0.940088253226616,-0.93861868646587,-0.942253095659148,-0.945635115371033,-0.795630959338213,-0.796464501235019,-0.754108117287323
365_chr3,0,0.0921536012277373,-1.56720351526026,-1.56706268143689,-0.20837196832598,-0.207778721694081,-0.594262332763238,-0.594648076507257,-0.788294348077645,-0.791372089420317,-0.787275499463524,-0.782635823328103,-0.781318525880211,-0.784662910965002,-0.787409857395362,-0.656762215245732,-0.657196144850965,-0.563753579489729
366_chr3,0,0.119735883063283,-1.55383697763317,-1.55388707029396,-0.239400667020928,-0.238603248526944,-0.542588487527761,-0.543040402284479,-0.875646587308633,-0.87892730049673,-0.874637028134919,-0.869668862777303,-0.868250151745973,-0.871732251307394,-0.874736484457063,-0.73581018104932,-0.736365696458806,-0.661450294297409
367_chr3,0,0.0709603315372326,-1.5324522864797,-1.53215312564898,-0.157640606228882,-0.157199623623422,-0.59542950873662,-0.595766321591343,-0.679227460631223,-0.682053890769959,-0.678250154462802,-0.67389803523642,-0.67272915894352,-0.675929942949994,-0.678473500412306,-0.555120692408013,-0.555527762152531,-0.451166394618123
369_chr3,0,-0.0778944937257795,-2.06407454502203,-2.06286365159749,-0.264622957340098,-0.265330936055232,-1.26760779098016,-1.26756797501103,-0.635930749986748,-0.6386349714946,-0.634406486180545,-0.631468332125532,-0.630127259394889,-0.632970472883713,-0.634183677965102,-0.545978528112525,-0.545050098868631,-0.306850931534787
371_chr3,0,-0.0923012885430832,-2.36213407724056,-2.36089862260823,-0.42226765641472,-0.423112112775786,-1.54375249554964,-1.54366575142012,-0.861513909393556,-0.864728610388933,-0.859670062225381,-0.856676183453514,-0.854932287867222,-0.857947868097135,-0.859063531217493,-0.769145221498449,-0.767722939693074,-0.498402387800732
373_chr3,0,-0.0806029548456928,-2.15870360128934,-2.15749805637844,-0.317311077847242,-0.318048669976317,-1.35255821825233,-1.35250794026958,-0.71429990332746,-0.71718183597182,-0.712673827792767,-0.709695059518233,-0.708217822634627,-0.711125832479926,-0.71232558497845,-0.622997876907706,-0.621919544125679,-0.375026283289299
375_chr3,0,-0.126939073688104,-1.99825010871242,-1.99667659043798,-0.155939931619094,-0.157001769365887,-1.28280207248105,-1.28264840264339,-0.39713184143706,-0.399285401760761,-0.395687931975535,-0.393403832628414,-0.39238337527431,-0.394906522874801,-0.395650901161604,-0.324024427198081,-0.323012261324461,-0.0584699863924523
376_chr3,0,0.247098167735395,-1.67324830750922,-1.67422678360948,-0.490861241701087,-0.489139616886489,-0.459026144738019,-0.45977591187314,-1.44776688234961,-1.45236845892305,-1.44660436667018,-1.43997794421445,-1.43780732107159,-1.4420773442844,-1.44629253649976,-1.26538231170964,-1.26623145900441,-1.26352164186503
377_chr3,0,0.0317181922538581,-1.41503965856121,-1.41443363134514,-0.0320100617504628,-0.0318455770161956,-0.552167591086113,-0.55241605630808,-0.427831846820713,-0.430080548285555,-0.426988840341108,-0.423210609832465,-0.42239965015358,-0.42529000008051,-0.427450238962051,-0.318705430212067,-0.31914122130385,-0.198471732176044
378_chr3,0,-0.0867249945154896,-1.43320060492481,-1.43176457362148,0.124667860457061,0.123959616865956,-0.740478172373698,-0.740444154481248,-0.0161669137038531,-0.017460914546318,-0.0153264425307116,-0.0129894429724398,-0.0126754120888175,-0.0149414603753097,-0.0159918980692106,0.0563890527666033,0.056417361933653,0.25375507148429
379_chr3,0,-0.0566969036551433,-1.59870712738829,-1.59752544821265,-0.016655385930699,-0.0171598084373847,-0.838347021290826,-0.838377392704854,-0.27903255035569,-0.280928880289619,-0.278007502253527,-0.275172278569346,-0.274465891613219,-0.277032986526183,-0.278386316882389,-0.1932580023916,-0.193095852198416,-0.0026629292370508
380_chr3,0,0.100156147783132,-1.79485465961487,-1.79482900664417,-0.35565951748124,-0.355030764670893,-0.777452425722173,-0.77784753199307,-1.0293632881389,-1.03299029164431,-1.02809679110207,-1.0231810090924,-1.02147174103064,-1.0250504011365,-1.02790130170513,-0.890049571533933,-0.890176471572232,-0.78505205904461
381_chr3,0,-0.00264571039393424,-1.63206289444188,-1.63127073853183,-0.113027207495104,-0.113137631355791,-0.788057665963426,-0.78821517858772,-0.505695500923346,-0.508115705450801,-0.504624268377724,-0.501098824081073,-0.500100456471248,-0.502987400373582,-0.504852456341232,-0.402265873208663,-0.40225394576787,-0.243740382241814
382_chr3,0,0.128385303633802,-1.41090926809392,-1.41098340748808,-0.166268123777204,-0.16539245985134,-0.407630102157744,-0.408108661063558,-0.773772969197231,-0.776823491782885,-0.77291633309755,-0.767953496506741,-0.76672022782996,-0.770129073319299,-0.773196427000404,-0.634551590390743,-0.635350348663967,-0.576465764277339
383_chr3,0,0.0347460523373422,-1.3600193747723,-1.35942047789394,-0.00343076261881903,-0.00323837581465436,-0.500655256554371,-0.50091326079155,-0.387523528761738,-0.389681087708357,-0.386739446786101,-0.38296697545908,-0.382228740597971,-0.385089261910043,-0.387270965929058,-0.278728109879935,-0.279256423803549,-0.164566113199768
384_chr3,0,0.185160183164386,-1.45629234594292,-1.45677830873862,-0.273675832673745,-0.272387376648722,-0.363662918696524,-0.364274586024851,-1.02149789885673,-1.02512060812955,-1.02058156378548,-1.0148856462471,-1.01332948239939,-1.01708297801297,-1.02068915324299,-0.863491713316289,-0.864432967376906,-0.838313941216406
385_chr3,0,0.114065678562188,-1.42342362682319,-1.42340008437182,-0.15348901714583,-0.152719922556733,-0.439229136637647,-0.439673105343768,-0.733617593419025,-0.736574548763,-0.732750106596911,-0.727953455082559,-0.726764106551465,-0.730106135164987,-0.733040621474611,-0.598578105660944,-0.599305499048718,-0.530391627832094
386_chr3,0,0.118956550916471,-1.4113168376531,-1.41132463591622,-0.153175616877344,-0.152369320693907,-0.421732074941532,-0.42218819068432,-0.740034812454898,-0.743007136663639,-0.739179500686416,-0.734332204976262,-0.733140120275325,-0.736498396494327,-0.739477272268886,-0.603748738272492,-0.604512086371794,-0.539600756821979
387_chr3,0,0.130187893543907,-1.44438365293984,-1.44447913948648,-0.18881088022382,-0.187925393559927,-0.433653900491489,-0.434135324702605,-0.811485068810202,-0.814621604325116,-0.810591900715477,-0.805580774166208,-0.804287093030272,-0.807733766364052,-0.810822282260073,-0.670923995004596,-0.671679917404875,-0.611475664552148
388_chr3,0,0.097859927193803,-1.41854224868329,-1.41840324044673,-0.127652268745329,-0.127001828447039,-0.458689085756435,-0.459094717211327,-0.670428966950929,-0.673239695839359,-0.669569791818584,-0.664976086079376,-0.663866263444008,-0.667116690872714,-0.669898398457627,-0.54056407788423,-0.541238862304862,-0.462377698639914
389_chr3,0,0.0819824799579443,-1.44687731681714,-1.44663373374402,-0.122119002909176,-0.121588207578347,-0.506102489383937,-0.506469153330791,-0.639377410858573,-0.642115017791172,-0.638490570299674,-0.634069837610638,-0.632986071655715,-0.636174548730367,-0.638810764627645,-0.51381385529631,-0.514388133689036,-0.423341361176799
390_chr3,0,0.331153616768429,-0.640192498630392,-0.641496569935671,0.00726310587949275,0.00970864248022529,0.547846337917039,0.546852762173435,-0.789381427874829,-0.792499836008672,-0.789320180700343,-0.782467605608014,-0.781541788129872,-0.7853986456503,-0.790272298022621,-0.604715168016142,-0.607401945324894,-0.734258870627156
391_chr3,0,0.0319622040723899,-1.47494886805294,-1.47436003050248,-0.0681370650288564,-0.0679769266550692,-0.603092240991951,-0.603338741500321,-0.484534630200473,-0.486912263977135,-0.483626800530725,-0.47979878881192,-0.478892936124343,-0.481834884622685,-0.484004997823936,-0.373941914958991,-0.374290033746065,-0.249362111251256
392_chr3,0,0.0563550822345884,-1.40984689406697,-1.40941314722152,-0.0637547631958726,-0.0634086007086105,-0.51178651288237,-0.512093796398774,-0.512142031061579,-0.514586318640827,-0.511300027401681,-0.507223117357881,-0.50631100952452,-0.509330030178627,-0.511720935201726,-0.395441579275588,-0.39597599827172,-0.291358215670881
393_chr3,0,0.0696159536826646,-1.44533328615579,-1.44500215489989,-0.103705708857615,-0.103265681548481,-0.522819086196511,-0.523156402531546,-0.593190547038584,-0.595821188451909,-0.59230769093885,-0.588040122062807,-0.587013626846805,-0.590134033945019,-0.59265394123418,-0.471525096794366,-0.472056005152797,-0.37325783163151
394_chr3,0,0.0461103023672949,-1.39345282532685,-1.39294264803248,-0.0394729885364147,-0.0392004716139593,-0.512697048097863,-0.512980661341898,-0.45979631891717,-0.462119980144272,-0.458973959307075,-0.455035737690192,-0.454194742762873,-0.45714468654649,-0.459437325004103,-0.346675884008438,-0.347196720825889,-0.237271005759022
395_chr3,0,0.0126290072639572,-1.3504127958989,-1.34965555495712,0.0335890744772127,0.0336198278533644,-0.524692986145258,-0.524898794132535,-0.298542248405597,-0.300494005894664,-0.297772693864399,-0.294279495322398,-0.293654405595084,-0.296387441399437,-0.298360265607194,-0.196877266971931,-0.197338135534951,-0.0692890441682201
396_chr3,0,0.0649510700183986,-1.40851321879865,-1.40813970527329,-0.0751162819082134,-0.0747067797540364,-0.498106519774151,-0.498434305104181,-0.542003941015011,-0.544517482634904,-0.541161770276091,-0.536980275438433,-0.536032127612835,-0.539096443685136,-0.541567890300379,-0.422649760090937,-0.423217884195366,-0.324165433406667
397_chr3,0,0.024502485144186,-1.409271773183,-1.40861340596955,-0.0183592609891705,-0.0182472393672752,-0.557755525766318,-0.557987073798876,-0.396347666652191,-0.398523647019589,-0.395512247512217,-0.391827186684409,-0.391057264820132,-0.393903812023527,-0.395995570293334,-0.289608673224794,-0.290026354055936,-0.165192581826177
398_chr3,0,-0.0272639374969523,-1.31852431577037,-1.31747770656671,0.109059244265903,0.10879994872349,-0.555586586195371,-0.555698865372188,-0.124477996459753,-0.126027706210579,-0.123750389480484,-0.1207722912432,-0.120374084238033,-0.122864951173306,-0.124459171701676,-0.0360121845105099,-0.036372928218626,0.114698926299388
399_chr3,0,0.0183295216700312,-1.36308583639144,-1.36237204065445,0.0179571167275947,0.0180284848365408,-0.5272257797144,-0.527444607728666,-0.330977521166794,-0.333003919569072,-0.330193196645991,-0.326620054687871,-0.325949835287072,-0.328724287810952,-0.330752240058251,-0.227238115105428,-0.227701291411089,-0.102344099497503
400_chr3,0,0.0653996589569224,-1.4170766888793,-1.41670854795643,-0.0808654514389284,-0.0804535287097761,-0.504782278485612,-0.50511076696713,-0.551606088948891,-0.554141529277988,-0.550754574886978,-0.54656088067862,-0.545597333719876,-0.548671259193101,-0.551148001700649,-0.431913105481209,-0.432470224905634,-0.333072191033046
401_chr3,0,0.00586757066170596,-1.32091900612618,-1.32010649990061,0.0607680915204394,0.0607521536817688,-0.509309608939206,-0.509500588130585,-0.246595461979752,-0.24842805661967,-0.245859063643988,-0.24247198022296,-0.241923065281459,-0.244594838395266,-0.246500444089637,-0.14772654579732,-0.148206058802297,-0.0180295345412382
402_chr3,0,-0.000957388749137644,-1.44863454636473,-1.44780692259747,-0.00585920425660014,-0.00593841377639914,-0.628585589265338,-0.628754909952166,-0.340897093959833,-0.342942958599946,-0.340023879349636,-0.336620927560479,-0.335902298124434,-0.338644409267776,-0.340502099331532,-0.24119631180611,-0.241461807726548,-0.0975355387043253
403_chr3,0,-0.0246696638646502,-1.43840620556913,-1.43740883526695,0.0337882692783753,0.0335357609501559,-0.654417966112177,-0.654531322782773,-0.245564159112671,-0.247389529159774,-0.244706442843987,-0.241602851326962,-0.241005416432968,-0.243610906654115,-0.24524466009319,-0.153506459083645,-0.153699539869165,0.00455427525168606
405_chr3,0,0.170039569362015,-1.52560704113222,-1.52600434462325,-0.293688859300328,-0.292518683808333,-0.445049770419548,-0.445622529421775,-1.03136731352416,-1.03501004085373,-1.030378861664,-1.0248146165123,-1.02321698313065,-1.02694700863592,-1.0304199854621,-0.876475228055733,-0.877258183486872,-0.83641584983747
406_chr3,0,0.0556475763866247,-1.37672703669839,-1.37627975153286,-0.0429726309440537,-0.042628275803553,-0.484468852459953,-0.484775860216247,-0.478722816504755,-0.481091024490199,-0.477916756508198,-0.473874403339379,-0.473017295461957,-0.47600469881975,-0.47838476858883,-0.363011819942169,-0.363592593318833,-0.260964837649804
407_chr3,0,-0.0283947201445206,-1.38381025125706,-1.38277253166309,0.0716653884649554,0.0713910871350167,-0.613118882907939,-0.613225699070668,-0.181215803843436,-0.1828943058082,-0.180417817383449,-0.177402632550803,-0.176907211265087,-0.179446766069383,-0.181038633121816,-0.0915883075847539,-0.0918483544851769,0.064752421004997
408_chr3,0,0.204875831712132,-0.543398726016034,-0.543787896997317,0.243681023593427,0.245208009558622,0.446505900093595,0.445808558143752,-0.242259081172502,-0.244113623054253,-0.242326131999942,-0.237100825884056,-0.236886693715863,-0.239980466048638,-0.243656204955999,-0.0992774765383055,-0.101641186493078,-0.155315993634747
409_chr3,0,-0.047374397172983,-1.46465555890033,-1.46350496187679,0.0502237129887753,0.0498015750805791,-0.710004573011244,-0.710062812398431,-0.187864749777296,-0.189555332490435,-0.18698290132231,-0.184137804284561,-0.18359997516552,-0.186104900018111,-0.187528794247477,-0.102289057469353,-0.10235951195269,0.0722684305474637
410_chr3,0,-0.0812653925792247,-1.40194288694621,-1.40053725906149,0.135615099046303,0.134950201601314,-0.705758893393478,-0.705739188811036,-0.00679838553987944,-0.00807196293893009,-0.00599069011570563,-0.00361101276766229,-0.00332171112508295,-0.00559100479804053,-0.00668874784058504,0.0667374272141679,0.0666993683234329,0.258261936815696
411_chr3,0,-0.0405966899256133,-1.78937975897973,-1.78836077781519,-0.153310100353037,-0.153715687501409,-0.978073024949554,-0.978133589748415,-0.514948495945404,-0.517383668694724,-0.513714267009712,-0.510532310839898,-0.509455939188876,-0.512269997575445,-0.51379863290526,-0.419721345942329,-0.41933673097966,-0.22509638221866
412_chr3,0,0.0229302383332626,-1.47645525269901,-1.47580315399931,-0.0562620572225059,-0.0561684817948371,-0.6175560009266,-0.617780955331012,-0.453256055973939,-0.455561145759303,-0.452348288252366,-0.448630083693522,-0.44776193437999,-0.450656378313445,-0.45274187825102,-0.345449225858937,-0.345761774719063,-0.214978513123272
413_chr3,0,0.00724530218138419,-1.48152159034585,-1.48076026490404,-0.0371034006554021,-0.0371256697720632,-0.644771231838235,-0.644958665123718,-0.401220685523442,-0.403404984989749,-0.400310375916839,-0.396780949305227,-0.39597443882384,-0.398788442744386,-0.400727313220293,-0.298194975021419,-0.298442130322226,-0.157309949331246
414_chr3,0,-0.0524070338122369,-1.42501085562083,-1.42381455530436,0.0810203518041377,0.0805652743110752,-0.683410616042852,-0.683458569738923,-0.132715603766465,-0.134280020509193,-0.131877563683635,-0.129125265324944,-0.12867183784425,-0.131116315278346,-0.132487938348442,-0.0496315771442597,-0.0497420658594061,0.125165949733614
415_chr3,0,-0.0248594063093285,-1.44703108946116,-1.44603460916643,0.0289052688645275,0.0286504814130784,-0.662077385530416,-0.662189924502074,-0.252913729097015,-0.254755775415545,-0.252046722593741,-0.248938727471976,-0.248328628661201,-0.250940333103436,-0.252573396716301,-0.160715163388166,-0.160894792203728,-0.00188488859969072
416_chr3,0,0.2116660675231,-0.55298555707021,-0.553425055812171,0.22835106983679,0.229926999160034,0.448204319083918,0.447491234146109,-0.275761960832747,-0.277693744600176,-0.275817374688558,-0.270501144824382,-0.270241882049325,-0.273380364928534,-0.277121072961426,-0.130437202991899,-0.132811806376827,-0.190098946419308
417_chr3,0,0.134334236731514,-0.482864657157887,-0.482741075472208,0.379609447271815,0.38062397273325,0.395426925276188,0.394894791589589,0.069397445429622,0.0682626157721264,0.0692517363820877,0.0735629668020987,0.0733694155050921,0.0707073438537513,0.067701604264081,0.188943108889722,0.186750316469436,0.173480542913679
418_chr3,0,0.174762257575566,-0.515180851087607,-0.515350518902387,0.30312701120179,0.304435475949878,0.426734895000139,0.426107978019865,-0.10700149548703,-0.108543765468607,-0.107104694338383,-0.10227145467637,-0.10223508011869,-0.10514256880168,-0.108531990206107,0.0259203752758532,0.0236261150460262,-0.0129752213749472
419_chr3,0,0.1661597817351,-0.504170330396605,-0.504276531586947,0.321870504245292,0.323116846859304,0.423611717722515,0.423004793576889,-0.0656145231183816,-0.0670613399521796,-0.065731237565172,-0.0610123019475966,-0.061031325697726,-0.0638831236088944,-0.0671903799932148,0.0643651664663891,0.0620863849501414,0.0301450863102843
420_chr3,0,0.0737328133628718,-0.426166945154345,-0.425601651896224,0.499187255212187,0.499762013189754,0.355563216611374,0.355172811931,0.341511010507142,0.34100441783591,0.341292652099615,0.344814946008587,0.34426380915427,0.341976545593521,0.339546988353944,0.440814235299495,0.438761336720173,0.459857245586205
421_chr3,0,0.20818839618486,-0.533644199758762,-0.534054196204993,0.24482183482447,0.246374176598526,0.459687317379129,0.458981682253961,-0.245156897417899,-0.247018555835505,-0.245233875340205,-0.239975482176151,-0.239761931218591,-0.242865403174801,-0.24657101006866,-0.101367058853847,-0.103757419252587,-0.160257663195804
422_chr3,0,0.17180673817454,-0.504562471511874,-0.504708569236014,0.313649290999714,0.314937113304858,0.431512902116804,0.430892563607784,-0.0864133871538644,-0.0879083851656222,-0.0865286205085947,-0.0817399896857136,-0.0817333517463603,-0.0846159699895033,-0.0879762970433444,0.0453390429641436,0.0430399946570841,0.00753610233550495
423_chr3,0,0.149366742039561,-0.48662502981327,-0.486608356332698,0.356101667692243,0.357226335919629,0.414135085816829,0.413567357767073,0.0114986913931707,0.0102298473980262,0.01135986230909,0.0158587464382576,0.0157377616253025,0.0129913646743889,0.00984400422787779,0.135826517637222,0.133583790099925,0.111030325961266
424_chr3,0,0.170531896978523,-0.507665186715062,-0.507803101567966,0.313599260251286,0.314877391125247,0.426997538962657,0.426380364414601,-0.0846913040837518,-0.0861821838227947,-0.0848034212370599,-0.080028032582296,-0.0800221908477159,-0.0829005295472451,-0.086249279456994,0.0467349643497159,0.0444452095296173,0.00998070348246793
425_chr3,0,0.266407382548504,-0.592584055599565,-0.593419553068481,0.127274560826288,0.129248923135462,0.494156709864469,0.493315107499908,-0.510738719153393,-0.513213386247572,-0.510741069353824,-0.504721263840225,-0.504157183934773,-0.507624481615653,-0.511884185223655,-0.347398492888324,-0.349916637108012,-0.439102142437724
427_chr3,0,0.126626816885526,-0.468447839441775,-0.46826621918536,0.399121455342485,0.400080788803568,0.396525000698052,0.396010586289652,0.110719445462955,0.109679778219006,0.110556705273179,0.114761970005576,0.11451165665718,0.111903301708193,0.108971754343013,0.227523431890966,0.225337777896879,0.215907835073504
428_chr3,0,0.207122588087629,-0.536914005856262,-0.537317335677922,0.24437635160816,0.245920521764238,0.455333832095613,0.45463087085435,-0.244346885146021,-0.246206531961279,-0.244420527067918,-0.239172677022975,-0.23895873343846,-0.242059194779922,-0.245755208356673,-0.100814046581022,-0.103195638132153,-0.158777131656552
429_chr3,0,0.241544999023362,-0.572710275217072,-0.573365430403661,0.174309652300222,0.17610324812305,0.474902966188196,0.47411965355808,-0.402257076200451,-0.404481176054646,-0.402285569278497,-0.396586788482591,-0.39616410814759,-0.399480479509619,-0.403504226861763,-0.247142936425157,-0.249598680073568,-0.324435764380308
430_chr3,0,0.141402499431773,-0.484380562819971,-0.484307184092311,0.368706763391782,0.369773103677018,0.404439365759263,0.40389048493879,0.0424085333435542,0.0412112245221308,0.0422657865334264,0.0466650545071405,0.0465052289276251,0.0438037193216401,0.0407314217308561,0.164196910728792,0.161980265996712,0.144326733029583
431_chr3,0,0.265358428934568,-0.583464905137963,-0.58429065561937,0.134204770571799,0.136172355012297,0.50043240244408,0.499592907563768,-0.498446404101376,-0.500892961415155,-0.498458810846099,-0.492459015825785,-0.491913868160522,-0.49536784834604,-0.499616548713624,-0.335645378191134,-0.338173132306846,-0.427363324782161
432_chr3,0,0.225528322909698,-0.551626655239307,-0.552163493267144,0.209556060941919,0.211234053344325,0.469587465504462,0.468841352109506,-0.324656335413938,-0.326701478288718,-0.324710623645454,-0.319225117551998,-0.318906495226804,-0.322118688003816,-0.325989381062546,-0.175033687864973,-0.177461474840871,-0.24366516925752
433_chr3,0,0.229398923887956,-0.554720625441817,-0.555285539338312,0.202233590395708,0.203939724707283,0.472584907766308,0.471829719766622,-0.341544867155557,-0.343629018591332,-0.341595085437481,-0.33605960189174,-0.335718966338604,-0.338954655477371,-0.342862082444329,-0.190641574153498,-0.193079075713357,-0.261516546806801
434_chr3,0,0.28574576951681,-0.599761553804205,-0.600735186306957,0.0956356435117833,0.0977514578240979,0.516220616370329,0.515333323471481,-0.587402163293427,-0.590054187619455,-0.587393132682829,-0.58113009499118,-0.580468998619789,-0.584046739516429,-0.588488925779917,-0.417855684890408,-0.420434607941627,-0.521390613051798
435_chr3,0,0.252099376025616,-0.572866263003515,-0.573595837353592,0.159288478487399,0.161159660569524,0.490164424482878,0.489356015386126,-0.440593389240247,-0.442906319611588,-0.440619737922482,-0.434791144658133,-0.434321405064023,-0.437694896585009,-0.441817762014948,-0.282179316652129,-0.284673792684295,-0.366212004676278
436_chr3,0,0.235909090722807,-0.555802774970999,-0.556413846801479,0.192379340644665,0.194133230775725,0.481154573188378,0.48038394703282,-0.366110163392265,-0.368251195584062,-0.366157992913574,-0.3605416683336,-0.360170461763643,-0.363442211325997,-0.367410901253963,-0.213148523959032,-0.215608458828523,-0.288106694109837
437_chr3,0,0.148824269771129,-0.490313165123547,-0.490293621097638,0.354666128612855,0.355786430230695,0.410186878405973,0.409620597281875,0.0100252407594561,0.00875313410105738,0.00989029796512098,0.0143853963215319,0.0142677804978475,0.0115212172679589,0.0083784834239764,0.134269220386412,0.13203394820823,0.110097210235548
438_chr3,0,0.204684637364134,-0.534965226600521,-0.53535087245406,0.248988509375437,0.250514953966879,0.453445852277504,0.452748606799579,-0.233709413495101,-0.235544490237124,-0.233785618930159,-0.22856924786397,-0.228369169610779,-0.231454831448892,-0.235127707673422,-0.0909832069044247,-0.093358679592586,-0.147533198464752
439_chr3,0,0.197172205763867,-0.541399868787108,-0.541734234563569,0.255770810706234,0.257241359768525,0.436980089560252,0.436300985409207,-0.212521124137242,-0.214306836353081,-0.21259177833611,-0.207462694160312,-0.207285862171703,-0.210336360518011,-0.213939514669547,-0.0719918743490204,-0.0743301004794152,-0.123252634990012
440_chr3,0,0.192813212397476,-0.525475786765598,-0.525775321813599,0.271447078509328,0.272887209744009,0.444252470912882,0.443583057931712,-0.181911013584111,-0.183626448129096,-0.181999701861361,-0.176936615408639,-0.176804053384906,-0.179817650110358,-0.183377860669345,-0.0431126431332753,-0.0454583204601415,-0.0927816778822406
441_chr3,0,0.271902539094906,-0.592830068398436,-0.593704354901821,0.119355329679562,0.121370070531673,0.501961555353238,0.501106893466371,-0.530852142206927,-0.533373408116505,-0.530853197734459,-0.524765676421624,-0.524176836969879,-0.52767401268296,-0.531985343167307,-0.365789975779665,-0.368328042443202,-0.460990361759081
442_chr3,0,0.195336453499941,-0.527492743002789,-0.527810580682909,0.266673566913177,0.268132043831724,0.446206500677211,0.445531171969833,-0.192920631390263,-0.19466149557912,-0.193006666471239,-0.187910999764827,-0.1877640873387,-0.190793001320071,-0.194377158678952,-0.0532874093845699,-0.0556394196394963,-0.104418973956153
443_chr3,0,0.110267752421622,-0.459492960079932,-0.459193741728737,0.427608021678598,0.428447991116703,0.380328224614937,0.379852339053885,0.178258280217981,0.177374752559897,0.178082795119512,0.182080049209109,0.181743151312737,0.179230644211274,0.17645383069281,0.289745267091574,0.287606765551116,0.287921520221961
444_chr3,0,0.208594515518173,-0.554701924018862,-0.55512022010595,0.231670311171847,0.233223480640864,0.442254885942989,0.441549179463654,-0.266246769952128,-0.268156433487869,-0.26630090294753,-0.261021075567085,-0.260772749344183,-0.263896087645846,-0.267608173175373,-0.121841485282552,-0.124202212017876,-0.179409386531789
445_chr3,0,0.119134896745124,-0.466580924060816,-0.466346024605009,0.410833003147219,0.411737442772652,0.387195053122051,0.38669837858526,0.139568410296957,0.138595518082276,0.139402249029753,0.143513996265203,0.143227528384811,0.140661193562039,0.137800226479915,0.253989222724672,0.251828466082613,0.247025870685377
446_chr3,0,0.201099394831518,-0.536233477888213,-0.536594185288473,0.253301954857432,0.254801908557387,0.447130706583534,0.446442042316033,-0.22191790795865,-0.223725607993809,-0.221993413224014,-0.216820106727948,-0.216633945248545,-0.219701312696622,-0.223340686495623,-0.0802820066708385,-0.0826423688658657,-0.134443226825313
447_chr3,0,0.144009147144028,-0.486464190245133,-0.486409719149445,0.3637754617142,0.364860754106245,0.406457986655177,0.405902994562115,0.0310349888023009,0.0298114097513071,0.0308949828907705,0.0353279080697604,0.0351829072501659,0.0324655740710567,0.029368538110603,0.153685814050098,0.151462627052824,0.132304762097728
448_chr3,0,0.155191951487252,-0.495403180239913,-0.495429824957438,0.342619637105239,0.343786236112418,0.415118091515542,0.41453688139335,-0.017758763685165,-0.0190950448999208,-0.0178870108413434,-0.0133096925632903,-0.0133910935382042,-0.0161763115800926,-0.0193794778574627,0.10859205740706,0.106340803375152,0.0807291893347411
449_chr3,0,0.117795625859098,-0.465510376040566,-0.465265762022677,0.413366659205132,0.414261361417734,0.386157904840327,0.385664370217464,0.145412029671915,0.144452634852171,0.145244460156994,0.149338914639411,0.149044829937897,0.146486625117003,0.143638368374719,0.25938972456303,0.257232329274813,0.253202645393364
450_chr3,0,0.106658095400659,-0.460741695612867,-0.460417361714972,0.431967654916144,0.432780955952778,0.373994172032972,0.373526924921989,0.190156313103468,0.189300408205527,0.18998150250278,0.193935376780788,0.193584423258367,0.191090358754325,0.1883472793669,0.300544916780437,0.29842158700954,0.301124092527703
451_chr3,0,0.133045886896953,-0.477700693124828,-0.477566698705373,0.38451594896685,0.385521530979086,0.397967899514498,0.397438610730525,0.0788708080237641,0.0777577185345839,0.0787192742082166,0.0830106410558327,0.0828032890023702,0.080152507950495,0.0771595187254346,0.197894276831212,0.195698605848313,0.182867788082814
452_chr3,0,0.108817133296712,-0.462467525517318,-0.462158852459882,0.42788314930815,0.428712148022925,0.375666158236383,0.375193849271798,0.180735817360388,0.179858153319116,0.180563276995111,0.184545028911252,0.184206354462187,0.181699183586361,0.178935613866716,0.291838770586733,0.289710021979063,0.291166517246206
453_chr3,0,0.0360436270539439,-0.688075640082797,-0.68731237472086,0.396064693486343,0.39633549274282,0.0764020956934277,0.0761124594828188,0.233858289531801,0.233113010533773,0.233916067623695,0.237179765566011,0.236871572282628,0.234567998119782,0.232459164384902,0.327467671588399,0.325941128466569,0.390302800793842
454_chr3,0,0.08880497458531,-0.442336659169129,-0.441881757983416,0.46821167972268,0.468895600126598,0.363707178502313,0.363281612317085,0.271906477691192,0.271239255481031,0.271708424411611,0.275428549713905,0.274969586788503,0.272587368806258,0.270014247612524,0.376292187786,0.374207554355043,0.386908771184937
455_chr3,0,0.263223413422457,-0.590038945510193,-0.590851347676983,0.133298049239712,0.13524926192162,0.491691003977337,0.490856866412547,-0.496846157261421,-0.499288735784715,-0.496851855415804,-0.490873161519231,-0.49032718976766,-0.493775159263894,-0.498004645437877,-0.334559394168342,-0.337069547139234,-0.424417540409877
456_chr3,0,0.280741427568664,-0.608201040895362,-0.609141586050293,0.0976730970248696,0.0997512513305203,0.50169714994298,0.500822118167305,-0.577157381659204,-0.579785318404081,-0.57714016254794,-0.570932027129508,-0.570279912790989,-0.573837715475337,-0.578233982671006,-0.408978021584722,-0.411525992978539,-0.508677466512815
457_chr3,0,0.26312066848523,-0.589956816203653,-0.590768473097712,0.133492423906809,0.135442889562942,0.491611437000849,0.490777540321052,-0.496397851909517,-0.49883939495223,-0.496403658100538,-0.490426290853296,-0.489880903441918,-0.493328249228235,-0.497556760302197,-0.334145083495153,-0.33665497859283,-0.423943676357239
458_chr3,0,0.19056870845727,-0.531962307412609,-0.532247699958543,0.270747489298166,0.272170452718705,0.435426283225188,0.434762484254615,-0.179833037625702,-0.181543389937597,-0.179915132440052,-0.174874560832796,-0.174741797415132,-0.177748718805236,-0.181288676071553,-0.0415851558542135,-0.0439129572379704,-0.089330928188502
459_chr3,0,0.139845531919482,-0.491416666653949,-0.491334132552204,0.366706480755714,0.367760652085593,0.396145614961129,0.39560073622552,0.0414865925315229,0.0402874368366146,0.041351162131098,0.0457367927745471,0.0455810788076052,0.042882070868663,0.0398235015114721,0.162951962810738,0.160751468416262,0.144606535259986
460_chr3,0,0.256355434150719,-0.588708063598673,-0.589471722024086,0.143806945371947,0.145707796872268,0.482812328779893,0.481994469844427,-0.47075436409079,-0.473136534734489,-0.470762786931387,-0.464869525050511,-0.464356100914034,-0.467765869190723,-0.471930701307111,-0.310643469808908,-0.313130236293755,-0.396208220040929
462_chr3,0,0.241364585477342,-0.57256606140153,-0.573219907936814,0.174650961798228,0.17644324589152,0.474763251660533,0.473980362009077,-0.401469880642011,-0.403692162258456,-0.40149856342549,-0.395802112141058,-0.395380457870106,-0.398695734037366,-0.402717769176168,-0.246415433350826,-0.248870724190345,-0.323603689376167
463_chr3,0,0.14385794541525,-0.4946239948869,-0.494570565307927,0.359115726811553,0.360199071124331,0.399252878626844,0.398698592807762,0.0239792924857589,0.0227396990196977,0.023848081151252,0.028285520339463,0.028152626129291,0.0254292609601579,0.0223326118241531,0.14677222898225,0.144561664077274,0.126101112303929
464_chr3,0,0.137430551292588,-0.489486248576441,-0.489386197122927,0.371275183292978,0.372311796066491,0.394275423475813,0.393736206650265,0.0520238391249599,0.0508490220068292,0.0518858693645052,0.0562403176205861,0.0560708689599068,0.0533865210850633,0.0503508710825718,0.172690177425288,0.170495744242545,0.155744529382101
465_chr3,0,0.292832828518956,-0.617866318834614,-0.618894570417278,0.0747983734823778,0.0769644405202317,0.511060883486409,0.510157503481381,-0.629915599283997,-0.632665395180496,-0.629885666025077,-0.623521405648929,-0.622800524013871,-0.626431727168184,-0.630942747709742,-0.457735620769249,-0.460313939628589,-0.564443525756813
466_chr3,0,0.261323610715835,-0.592679382352433,-0.59347907804273,0.134408062156967,0.136345035689606,0.486659747432512,0.485830240631814,-0.49243192994923,-0.494864170703398,-0.492435128735914,-0.486477717435187,-0.485936037840759,-0.489375965277355,-0.493587947834469,-0.330677241134141,-0.333176476940586,-0.419121663222893
468_chr3,0,0.249403803943824,-0.595704112331053,-0.596420587732388,0.149460744348674,0.151309766133137,0.46668402238903,0.465882994790364,-0.452118417564715,-0.454457115136857,-0.452120577162408,-0.446307272725691,-0.445813728267178,-0.449191832327153,-0.453292278971492,-0.294016305701462,-0.296467065893079,-0.374608376977802
469_chr3,0,0.151569142355735,-0.500787950741188,-0.500790455254548,0.344527549732616,0.345666959706799,0.405224526887326,0.404652162205392,-0.00966685058783412,-0.0109841587803374,-0.00978995357353041,-0.00525294690747158,-0.00534198530896957,-0.00811216105710466,-0.0112819932471964,0.1156774492125,0.113447530447351,0.0905367416248808
470_chr3,0,0.188062970071871,-0.538290004996683,-0.538559373055139,0.270512247512804,0.271916138642285,0.426354997949504,0.42569742757629,-0.176661803968255,-0.178364547171121,-0.176737525950864,-0.171722803224365,-0.171591245842386,-0.174589948041825,-0.178107179100317,-0.0390496840987975,-0.0413588799676718,-0.0847170192505935
471_chr3,0,0.248327007541884,-0.594843373649776,-0.595552038379197,0.151497846592426,0.153339039332586,0.465850137661384,0.465051634606523,-0.447420048935247,-0.449747894373997,-0.447423340787879,-0.441623940016537,-0.441136519610794,-0.444508087012007,-0.448598314328538,-0.289674211052133,-0.292122268658515,-0.36964214583625
472_chr3,0,0.0676548879319303,-0.43371097633554,-0.433104798734924,0.503278002149994,0.503807298258338,0.340240268888585,0.33986464075854,0.356474882277809,0.356003275910515,0.356263543179054,0.359717043518797,0.35915076046703,0.35688998356662,0.354516538950024,0.45405491265815,0.452035605132628,0.477552878369615
473_chr3,0,0.147116615147775,-0.497228817008552,-0.497199024581516,0.352950918485849,0.354057955550253,0.401776433606688,0.401214507852635,0.00976079062458979,0.00848835574249662,0.0096330057919678,0.0141125211363073,0.0139981599239856,0.0112550131025184,0.00812743758697421,0.133631906091101,0.13141316245086,0.111071987878425
474_chr3,0,0.17731767317785,-0.51308940623021,-0.513276542525053,0.30076181029665,0.302089278392018,0.432252529718241,0.431619445951656,-0.114299573543096,-0.115858841464298,-0.11440455543053,-0.109541548390888,-0.109497113983212,-0.112416645524179,-0.115829795789729,0.0193718690853344,0.0170650830618131,-0.0213155870883135
475_chr3,0,0.0985445479008968,-0.454256120286987,-0.453872933798697,0.447317005811786,0.448071315824014,0.367710938419923,0.367262713480675,0.225558025978701,0.224783890763116,0.225374683956272,0.229223795579768,0.2288266979646,0.226381886496001,0.223715808667491,0.333262142731701,0.331159176655964,0.338544121225023
476_chr3,0,0.0886905856072406,-0.446379342007726,-0.445924678621487,0.465958903817829,0.466641568802999,0.360079905618669,0.35965478324498,0.268553663067607,0.267878837724397,0.268359959571588,0.272081836191237,0.271628696240701,0.269243702940926,0.266671144064282,0.372997450978336,0.370919216758089,0.383991017520598
477_chr3,0,0.150187250149917,-0.491402665359367,-0.49139300787519,0.352087618522354,0.353217829937208,0.411242387618211,0.410672910993398,0.00407817013149048,0.00279232712993993,0.00394466051548248,0.00845735776344325,0.00834749360362874,0.00559265644412976,0.00243698724555141,0.128773111930615,0.12653441889159,0.103811086331098
478_chr3,0,0.0959882633618563,-0.448078630908272,-0.447675834569678,0.454622208530311,0.455358356343207,0.36927000801608,0.368827600646065,0.240563747920446,0.2398241313302,0.240373247892514,0.244186124288011,0.243768014804774,0.241342190893468,0.238700896753937,0.347326155112583,0.34522349278577,0.353779135576424
479_chr3,0,0.213535906667474,-0.546174620687419,-0.546625537818634,0.229774344512699,0.231364720136389,0.456761698353663,0.456043876746054,-0.276181942426783,-0.27811497969852,-0.276244370659264,-0.270910483111217,-0.270653591589791,-0.273796454492633,-0.277553856909678,-0.130431237669295,-0.132822813502486,-0.191800952260415
480_chr3,0,0.111520745595656,-0.464628661717887,-0.464339599636689,0.422768408331594,0.42361706415186,0.377759869732357,0.377281222162191,0.168939188778873,0.168034277282785,0.168769491270773,0.172786152405259,0.172462854181781,0.169939271112351,0.167150042781386,0.280936672032215,0.278801137793883,0.278697341486049
481_chr3,0,0.102077369533684,-0.452945966281094,-0.452587338004795,0.44310273110383,0.443883150871848,0.373985488707279,0.373528805458146,0.21399524772147,0.213194264105577,0.213811150408599,0.21770264974014,0.217319170765932,0.214856383126724,0.212157300372824,0.322772325549037,0.320654380548167,0.325695917021596
482_chr3,0,0.19181479239815,-0.524677698369286,-0.524969991258013,0.273335906905456,0.27476877894574,0.443479281860881,0.442812209670431,-0.177554623466711,-0.179259995768736,-0.177644361585857,-0.172594166797286,-0.172467283077038,-0.175474818925222,-0.179025553987036,-0.0390865950065886,-0.0414297664603445,-0.0881769220676176
483_chr3,0,0.150429560520712,-0.491596356486717,-0.491588456629891,0.351629211529963,0.352761184706488,0.411430035828395,0.410859991108123,0.00302090114109799,0.00173261609529396,0.00288764631523808,0.00740347229051075,0.00729498621990121,0.00453867812290154,0.00138070927964939,0.127796014902235,0.125556713703275,0.102693540519101
484_chr3,0,0.132627510075817,-0.477366263038832,-0.4772292338729,0.385307441545703,0.386309981673082,0.397643903222424,0.397115595320827,0.0806963049591007,0.0795874319411705,0.0805443312189569,0.08483029595777,0.0846205644742453,0.081972323165731,0.0789833045426107,0.199581347621183,0.197386726696603,0.184797359907429
485_chr3,0,0.220048073401078,-0.547246010275584,-0.547743096655993,0.219923692696825,0.221561839947338,0.465343491099744,0.464610226122488,-0.300744449818338,-0.302734361826278,-0.300804500550141,-0.295389755795783,-0.295102301235566,-0.298281226329941,-0.302099909123688,-0.152935023692728,-0.155349056126559,-0.218390023720131
486_chr3,0,0.162806173311731,-0.505623738727331,-0.505706681650201,0.325745740272995,0.326967276133486,0.417475952407004,0.416877066406785,-0.0548337030099697,-0.0562554775840169,-0.0549494737230414,-0.0502706118008627,-0.0503022349545637,-0.0531371446032867,-0.0564130968837753,0.0741323208352642,0.0718680684479094,0.0421667515134092
487_chr3,0,0.167404485990363,-0.513445954401926,-0.513563322480544,0.314569970016948,0.315824513740316,0.417487616910795,0.416878126344517,-0.0787609538330769,-0.0802378532548249,-0.0788674059031349,-0.0741259322472265,-0.0741249104666171,-0.0769912141712736,-0.0803113315659383,0.0518227030949454,0.0495530401721953,0.0175034583098972
488_chr3,0,0.159919883663614,-0.515793790263384,-0.515859019067474,0.323753830011627,0.324953101707102,0.404560636543413,0.403969047496227,-0.0538655222582936,-0.0552846347513842,-0.0539708367883338,-0.0493194994291333,-0.0493479999243602,-0.0521758604010647,-0.0554259997187154,0.0744350421583473,0.0721964808956681,0.0450801010668722
489_chr3,0,0.228032855496497,-0.561909324749951,-0.562466467982042,0.19987216146803,0.201567514791065,0.464438991657348,0.463687358180486,-0.343299755067987,-0.345387677290364,-0.343342456209158,-0.337818145091782,-0.337472312227525,-0.34070665854637,-0.344602169006345,-0.192656307380676,-0.195078137728924,-0.262117179500835
490_chr3,0,0.200727545807967,-0.535936239861054,-0.536294250009801,0.254005425336017,0.25550267543994,0.4468427420053,0.446154949535984,-0.220295425023158,-0.222099377501957,-0.220371321288987,-0.215202816131766,-0.215018769465376,-0.218083879615627,-0.221719724384386,-0.0787825554722588,-0.0811419843862318,-0.132728243196669
491_chr3,0,0.00482405464145896,-0.495902618525557,-0.494869718458,0.555000215892563,0.5550611667852,0.1953587707744,0.195135224897871,0.525881550711979,0.525805070558624,0.525725695380244,0.528455704696226,0.527708113850095,0.525734400658823,0.523943022182608,0.60528148113142,0.603586070273061,0.673645743659487
492_chr3,0,-0.0441744129299756,-0.386484872611754,-0.385078415769618,0.68965492527488,0.689366824344514,0.217546379611399,0.217434725980767,0.805131247099331,0.805697371028989,0.804847910294532,0.806890389708534,0.805754126103618,0.804136817102643,0.802819350432326,0.866689264254955,0.865012969020702,0.958174820115832
493_chr3,0,0.114915159961608,-0.467341991498513,-0.46707755120924,0.416346795937049,0.417220131465015,0.38038854707003,0.379901941312277,0.154128394515757,0.153189273546625,0.153962266245469,0.158022756279644,0.157718763073032,0.155174574317731,0.152353131323848,0.267248969854306,0.265104916183581,0.263042156995142
494_chr3,0,0.12431410420252,-0.495713489217353,-0.495522611471147,0.386107623511706,0.387047157857951,0.369812979718264,0.369305224298118,0.0936834815454266,0.0926054587908416,0.0935497897192143,0.0977479277940634,0.0975300509283303,0.0949112999645356,0.0919980161345544,0.210397820268931,0.208261015041318,0.202310677750819
495_chr3,0,0.221873889073098,-0.573698037107562,-0.574214820967857,0.201542318221301,0.203191178747067,0.445364508762569,0.444628024912311,-0.331997577480697,-0.334058823987893,-0.332028684873943,-0.326570848493639,-0.326233874628342,-0.329444859204155,-0.333284033407321,-0.183004144218341,-0.185385808765391,-0.247639230063026
496_chr3,0,0.240971433499553,-0.576410841571017,-0.577062910301663,0.172910666546988,0.174699665869465,0.470898764460783,0.470116973238284,-0.403629598513105,-0.405856726637281,-0.403654197680717,-0.39795957501965,-0.397533644147111,-0.400850024330694,-0.404868854709553,-0.248608727872251,-0.251056882997564,-0.325256549903659
498_chr3,0,0.153118082134269,-0.518737988496711,-0.518756043860842,0.331615754883627,0.332764713796034,0.392119143863551,0.39154385766049,-0.0319964576469101,-0.0333647716860623,-0.0320998619960924,-0.0275298050794879,-0.0275838653866543,-0.0303774699944341,-0.0335641177510766,0.0942481022429007,0.0920390036779994,0.0694654974108331
499_chr3,0,0.210639926964467,-0.552165310206782,-0.552597365715067,0.230292340471265,0.231860809052739,0.447409662880833,0.446698983724457,-0.271284618039424,-0.273206060191482,-0.271341110885389,-0.266038130615035,-0.265784703798307,-0.268916957523462,-0.27264792697743,-0.126299373945416,-0.128671401883102,-0.185366342197463
503_chr3,0,-0.0199816991268836,-1.78385595669151,-1.78298082725771,-0.179168548668798,-0.179421995601385,-0.943275069110548,-0.943384900367515,-0.584397012068171,-0.586993345534226,-0.583164896772124,-0.579733940088582,-0.57857477818713,-0.581495512884553,-0.583217009589524,-0.482859616305045,-0.482559271250582,-0.301837075669024
504_chr3,0,-0.131069536362599,-1.25182387814394,-1.25002850562818,0.295718925528064,0.294703224172248,-0.649907352011765,-0.649775568005652,0.313289655889699,0.312751642572278,0.313925710319711,0.315576174302596,0.315409496209997,0.313535117076376,0.312924002488665,0.367787526466951,0.367711382457988,0.579890001809276
505_chr3,0,0.0151185819730832,-1.81191341454704,-1.81129288921414,-0.245571873620657,-0.245570117568471,-0.916092968304305,-0.91628509199563,-0.737549510821319,-0.74049959076341,-0.736280487464862,-0.732396313662389,-0.731037526304059,-0.734171336156232,-0.736225951803702,-0.624398669072543,-0.624186420060457,-0.463721075988639
506_chr3,0,0.0707853016423972,-0.432066728704033,-0.431482187191962,0.499832432809992,0.500384914167914,0.346213827671582,0.345830684147041,0.346679504062739,0.346185131152003,0.346466973102053,0.349957655527299,0.349402683044943,0.347126383209496,0.344723754289896,0.445199064540895,0.443165769694508,0.466570954326012
508_chr3,0,-0.0545852684823052,3.05892643072243,3.06129594682213,2.76221509902812,2.76220359374258,3.15153451616428,3.15130125508071,4.05303160605731,4.06098232316048,4.04902093033922,4.04824497670636,4.04166743193818,4.04299802547704,4.04221442450172,4.03139332625422,4.0246615763713,3.87061474571877
509_chr3,0,0.141316587958055,-0.582670928179514,-0.582622325058762,0.310122550324415,0.311178184516417,0.320180304001588,0.319635803123775,-0.0488616952871537,-0.0502664603059215,-0.0488981806072277,-0.0444232138036402,-0.0444295094745049,-0.047213049001321,-0.0502969813876719,0.0751805083267914,0.0731094986957475,0.0627518443763182
510_chr3,0,0.0642226085100353,-1.68551417690239,-1.68520705836755,-0.239529861320547,-0.239154106893304,-0.736273995627139,-0.736588280692325,-0.797460974208259,-0.800555088785133,-0.796319429406544,-0.791930577014808,-0.790551909923225,-0.793844775856719,-0.7963444450805,-0.671906976391501,-0.672062877642424,-0.552139934028666
511_chr3,0,0.139675693938789,-0.495439953173406,-0.495357261101898,0.364543716183695,0.365596226387837,0.392454064939951,0.391909761074743,0.0383524922455307,0.0371462394472539,0.0382213802763731,0.0426080657413528,0.0424578984273278,0.0397564308514524,0.0366989468944654,0.159858172605857,0.157664253443484,0.141923741009905
512_chr3,0,-0.206050557907138,3.18000041763748,3.18346860538949,3.04875977950973,3.04764701825873,3.03423788386476,3.03435973239847,4.71391769650528,4.72339490600956,4.70974775453983,4.70701607121079,4.69957709950656,4.70182715833095,4.70248103749702,4.6421648904844,4.63581329404007,4.56917915014125
513_chr3,0,0.347616097492858,-0.649217685359145,-0.650640101710165,-0.0214117237662941,-0.018846069969122,0.564133779435049,0.563101431860166,-0.857359982184438,-0.860635545975304,-0.85728589472156,-0.850223983319675,-0.849211012487387,-0.853164335268126,-0.858193701394042,-0.667342792734465,-0.670077000326561,-0.806739216538013
515_chr3,0,0.078102801089359,-0.433781862101551,-0.43324933141615,0.488458238498629,0.4890643468015,0.355419280237785,0.355018805245058,0.318603101240346,0.318043737316258,0.318393794590321,0.321975732730399,0.321455903447044,0.319138652673104,0.316667100373,0.419447839299337,0.417390066597133,0.436267653887468
516_chr3,0,0.214308951037441,-0.522171839362129,-0.52262200617588,0.243017060002757,0.244615579723703,0.4784349835756,0.477714303623332,-0.256614840768087,-0.258503522839393,-0.256703077569648,-0.251378434626547,-0.25115569967901,-0.254282591481793,-0.258044214017609,-0.111179643973131,-0.113609560658869,-0.174847688934666
519_chr3,0,0.146769838634946,-0.48867095277612,-0.488636506687438,0.358552737325152,0.359658101827346,0.40859590099801,0.408034436477486,0.0189893074894814,0.0177379057300722,0.0188522044540851,0.0233207758616683,0.0231914758935461,0.0204573840233886,0.0173341477419915,0.142553548257271,0.140323432369773,0.119572334658607
520_chr3,0,-0.0467769080002335,3.05268480705787,3.05499768427782,2.74744310626386,2.74748837308495,3.15758140909801,3.15732984135215,4.01896151084671,4.02683353399309,4.01495904564521,4.01428391407218,4.00775077770986,4.00903397084149,4.00817626468225,3.99990674233906,3.99315539473116,3.83460225262291
521_chr3,0,0.123423058698648,-0.470008672201806,-0.469804877443298,0.402720583453627,0.403656200941328,0.390515859874629,0.390009131763478,0.120857941387324,0.11984183236263,0.120696289136444,0.124863405398727,0.124601325536389,0.122008959561067,0.119107295711554,0.236697555478853,0.234526036242156,0.227248684027593
522_chr3,0,0.185866499927989,-0.536534253573572,-0.536787689272267,0.274667568101146,0.276055489394514,0.424654023740811,0.424001602980919,-0.167077980693045,-0.168758587504156,-0.167156012271196,-0.162169650510457,-0.162050585089859,-0.165035953686229,-0.168532339162046,-0.0301925953845563,-0.0324962784677543,-0.074586804838304
523_chr3,0,0.22389247891208,-0.575311599664896,-0.575843025608815,0.197723514701161,0.199387051751896,0.446927730217502,0.446186513793413,-0.340805258448189,-0.342886848639814,-0.340834243287615,-0.33535034274365,-0.335001888573744,-0.33822512693582,-0.342083458550022,-0.191143944948764,-0.193530675830625,-0.256949052887756
525_chr3,0,0.273951286486143,-0.590333617611381,-0.591221697416161,0.117948652547069,0.119978712922977,0.507086819812288,0.506227179020209,-0.535939482909079,-0.538472640471707,-0.535942854235974,-0.529832107678497,-0.529238089945506,-0.532744232803092,-0.537074483617879,-0.370295383270926,-0.372844704072695,-0.466993951974685
526_chr3,0,0.24338493796237,-0.549486782460851,-0.550148907189159,0.185577918176813,0.187387422685208,0.497465411953893,0.496676736526167,-0.387276623070963,-0.38946696432033,-0.387329882385584,-0.381626627805563,-0.381232151453409,-0.384538966548361,-0.38857705006586,-0.232126699699631,-0.234623570652159,-0.312341781369509
527_chr3,0,0.278273330460287,-0.597922569217203,-0.598843067020236,0.107302955283156,0.109364016133878,0.506895176614451,0.506025578438932,-0.558649714934743,-0.561235186740241,-0.558644071554312,-0.55247429016784,-0.55184921818185,-0.555385067583959,-0.559756860013795,-0.391479678168865,-0.394033734490847,-0.490372724495503
528_chr3,0,0.113301439151511,-0.461917941729745,-0.461640728589281,0.42186884012751,0.422730866537356,0.382677549917249,0.382194551892755,0.165021443117064,0.164107341459101,0.164849147950116,0.168885573200638,0.168565928758669,0.166035005757127,0.163229401058546,0.277512170014123,0.275366054409437,0.27393002704411
529_chr3,0,0.16861688658785,-0.518574135225309,-0.518701371567556,0.3097922623564,0.311055194771289,0.414866489894588,0.414254333547243,-0.087926153742409,-0.0894240806980156,-0.0880268339528123,-0.0832664579206974,-0.0832520282963478,-0.0861291824738428,-0.0894613325926894,0.0431551472983589,0.0408885904118952,0.00844572051465065
530_chr3,0,0.255976991979209,-0.571844079373853,-0.572600716134196,0.154414534481562,0.156314331942657,0.496695409267943,0.49587773401776,-0.453672118050009,-0.456015397891352,-0.453698846107493,-0.447823403477594,-0.447338064945404,-0.450731636072478,-0.454890780259933,-0.294070717339001,-0.29658101940283,-0.38066071452218
531_chr3,0,0.238239942942763,-0.561787706153326,-0.562416749442437,0.185507996104029,0.187278410654408,0.479431504535527,0.478655588810664,-0.380120745106836,-0.382293997804401,-0.3801616670283,-0.374512027667879,-0.374121110680727,-0.37741046894818,-0.38140180153714,-0.22629227048134,-0.22875196157259,-0.302291705484817
532_chr3,0,0.151418579586982,-0.492386930234293,-0.492386204345944,0.349758167983216,0.350897332002942,0.412195944679155,0.411623581208604,-0.00129447003448657,-0.00259272257908183,-0.00142668490356268,0.00310191135040094,0.00299905011745016,0.000236738211250032,-0.00293061690969365,0.123807875279931,0.121566091802685,0.098132142210519
533_chr3,0,0.194068689823,-0.505992758790336,-0.506296110440585,0.281307939745435,0.282759298961888,0.462760669768577,0.462087443007998,-0.168300830644363,-0.169985527993773,-0.168410350146809,-0.163347050776653,-0.163239428052313,-0.166243451984661,-0.169812984480159,-0.0295624229628588,-0.0319415398585736,-0.0814987370110107
534_chr3,0,0.16692987071256,-0.504785902077315,-0.504897689200464,0.320413636465045,0.321665578151184,0.424208084348625,0.423599354733224,-0.0689746401164317,-0.0704292180351405,-0.0690905448121431,-0.0643616657554627,-0.0643763097867081,-0.0672327824988441,-0.0705473474065652,0.0612598447709294,0.0589791304555964,0.0265934029514447
535_chr3,0,0.224043343048648,-0.562879349243418,-0.563408628038648,0.204935523778886,0.206601444337485,0.45778943750744,0.457047334108759,-0.329767530448986,-0.331824054459594,-0.329809929559088,-0.324333883506035,-0.324004227582996,-0.327217846324807,-0.331076020794002,-0.180347568345926,-0.182753236695436,-0.247183471452802
536_chr3,0,0.143694699011159,-0.486212835698695,-0.486156083715742,0.364370340185058,0.365453346324698,0.406214474051343,0.405660219180363,0.0324070153436287,0.0311866053532635,0.0322666787888575,0.0366955437930465,0.0365487546159171,0.0338333302843288,0.030739278591414,0.154953800786275,0.152731403003081,0.133755010359186
537_chr3,0,0.0886722868303481,-0.44223059503015,-0.441774731377884,0.46846270073544,0.469145656408875,0.363604423429758,0.363179168330311,0.272485432063908,0.27181954710303,0.272287239262718,0.276005651292065,0.275545933733,0.273164521227607,0.270592659305971,0.37682724045688,0.374742940050779,0.387520732795885
538_chr3,0,0.159930217009328,-0.499190719285976,-0.499251733581047,0.333655703617797,0.334856753047195,0.418787464153927,0.418195145191799,-0.0384331623429737,-0.0398171965864353,-0.0385564271974537,-0.0339179281259323,-0.0339723812135357,-0.0367863627475598,-0.0400344974967064,0.089485383821013,0.0872222375071305,0.0588761057339116
540_chr3,0,-0.0324449675366604,3.04122855078461,3.04343746955461,2.72032969093015,2.72047916073393,3.16868024472614,3.16839507581719,3.95642718276751,3.96415476623207,3.95243978764829,3.95194971102531,3.94549808455617,3.94669427609304,3.94570055276523,3.9421143482623,3.93532702979619,3.76850272914678
541_chr3,0,-0.0413598930144903,3.04835470869676,3.05062829294849,2.73719510268398,2.73727975489884,3.1617764138899,3.16151214597937,3.99532553543993,4.00314296500752,3.99132876624741,3.9907235795252,3.98422125129482,3.985471560607,3.98456244430952,3.97806306628058,3.97129812283905,3.80961874741433
542_chr3,0,-0.0324449675366604,3.04122855078461,3.04343746955461,2.72032969093015,2.72047916073393,3.16868024472614,3.16839507581719,3.95642718276751,3.96415476623207,3.95243978764829,3.95194971102531,3.94549808455617,3.94669427609304,3.94570055276523,3.9421143482623,3.93532702979619,3.76850272914678
543_chr3,0,-0.0420371591370508,3.04889608230105,3.05117457918387,2.7384763665658,2.73855609459401,3.16125193045447,3.16098925039099,3.99828063995022,4.00610489511854,3.99428315861016,3.9936692269836,3.98716304694478,3.9884174675797,3.98751477887104,3.98079408729963,3.9740308436868,3.81274232778934
544_chr3,0,0.234515527307453,-0.54239700688484,-0.542994796278654,0.202357224193553,0.204102242036845,0.490596828371121,0.489828947232536,-0.348576864502089,-0.350677818354394,-0.348639450031031,-0.343050717859882,-0.342706684412991,-0.345959658028939,-0.349913566474178,-0.196361516534073,-0.198836126696875,-0.271435679415336
545_chr3,0,0.228003949709952,-0.553605550918699,-0.5541603462026,0.204872626914464,0.206568618812281,0.471504622152054,0.470752704662385,-0.335458198491883,-0.337528291145671,-0.335509883593719,-0.329992412045549,-0.329659710114279,-0.332886931106081,-0.336781119081543,-0.185016453282603,-0.187450453682344,-0.255082866129583
546_chr3,0,-0.0730041866129765,3.0736496182013,3.07615273813388,2.79706033010788,2.79691490672436,3.13727067343482,3.13708059541315,4.13339857884616,4.14153492487243,4.12936853557539,4.12835475567028,4.12167245718413,4.1231148621874,4.12250606581015,4.1056661281669,4.09898060679672,3.95556358530386
547_chr3,0,-0.0416284852017301,3.04856940823015,3.05084494074753,2.73770323007583,2.7377859294423,3.16156841270927,3.16130477451179,3.99649747946238,4.00431761594675,3.9925004278443,3.99189177304224,3.98538791725037,3.98663985704299,3.98573328981756,3.97914614261419,3.97238187329573,3.81085750608983
548_chr3,0,-0.0324449675366604,3.04122855078461,3.04343746955461,2.72032969093015,2.72047916073393,3.16868024472614,3.16839507581719,3.95642718276751,3.96415476623207,3.95243978764829,3.95194971102531,3.94549808455617,3.94669427609304,3.94570055276523,3.9421143482623,3.93532702979619,3.76850272914678
550_chr3,0,-0.0520991940274925,3.05693918369604,3.05929066675635,2.75751189994526,2.75751847011671,3.15345976360746,3.1532206739347,4.04218415689425,4.05010981892521,4.03817609529158,4.03743224201423,4.03086883627097,4.03218433817288,4.03137714312744,4.02136843151216,4.01463044198347,3.85914886381625
551_chr3,0,0.0867571467088917,-0.440699725146454,-0.440229969795505,0.472085796272801,0.472754827571276,0.362121314742074,0.361700549679111,0.280841732522816,0.280195148662894,0.280641525945523,0.284335209560709,0.283864600045519,0.281494813338124,0.278941127038791,0.384549888544397,0.382470394831006,0.396353441091041
552_chr3,0,-0.0447451684929792,3.05106073329516,3.05335887304879,2.74359942597157,2.74365946492468,3.15915481382206,3.15889848267304,4.01009645414061,4.01794800107801,4.00609612531984,4.00544722769985,3.99892564642811,4.00019650594883,3.99931951758173,3.99171391663182,3.98495746968556,3.8252317829647
553_chr3,0,-0.00931366598689642,3.02273851315421,3.02477964625272,2.67656949057751,2.67688714072094,3.18659341666669,3.18625401653637,3.85549874228951,3.86299320464641,3.85153566980955,3.85134426606089,3.84502419399802,3.84607996769484,3.84486671693109,3.84883924025652,3.84199386595559,3.66182017532876
554_chr3,0,0.216157808056139,-0.548270441159749,-0.548740376567308,0.224814185663616,0.226423624298747,0.45879213188916,0.458068163246793,-0.287622043091927,-0.289581504322325,-0.287681714386521,-0.282313972676733,-0.282042169643314,-0.285200948716244,-0.288983234267855,-0.141003843567937,-0.143401999950589,-0.203893273801428
555_chr3,0,-0.00539984807369709,3.01960999743546,3.02162274118609,2.66916526147882,2.66951136774801,3.18962432666855,3.18927575061161,3.83842164278241,3.84587666103086,3.83446268569479,3.8343218174183,3.82802400437059,3.82905601935861,3.82780562453664,3.8330570851632,3.82620188781077,3.64376947942388
556_chr3,0,0.218359940092907,-0.554177266550664,-0.554664246130148,0.218171551804738,0.219796576435092,0.456948163853382,0.456219208478545,-0.301094076997533,-0.303084513968232,-0.301146949240896,-0.295747535438115,-0.295456715243166,-0.29863234243265,-0.302436052164849,-0.153651056117159,-0.156048609008401,-0.217505279219276
557_chr3,0,-0.0337195075840822,3.04224735612021,3.04446551991939,2.72274088805681,2.7228810910851,3.16769322482303,3.16741104406688,3.96198836310301,3.96972879159434,3.95799962780076,3.95749309423356,3.95103421908631,3.95223814767853,3.95125652036305,3.9472538282144,3.94046970863817,3.77438096245371
558_chr3,0,-0.0420371591370508,3.04889608230105,3.05117457918387,2.7384763665658,2.73855609459401,3.16125193045447,3.16098925039099,3.99828063995022,4.00610489511854,3.99428315861016,3.9936692269836,3.98716304694478,3.9884174675797,3.98751477887104,3.98079408729963,3.9740308436868,3.81274232778934
559_chr3,0,-0.0326040408664033,3.04135570626899,3.04356577889648,2.72063062863421,2.72077894186638,3.16855705633137,3.16827226036905,3.95712126489938,3.96485045153144,3.95313370251404,3.95264157192585,3.94618904076064,3.94738619794717,3.94639398430355,3.94275579863554,3.93596887941782,3.76923638215912
561_chr3,0,0.234614431370014,-0.558889648503378,-0.559492393709243,0.19236680223143,0.194110856839789,0.47662386260343,0.475856446872407,-0.364301608073617,-0.366438322262016,-0.364346342232361,-0.358743515713836,-0.358373218060246,-0.361640567773488,-0.3655974924733,-0.211672687454555,-0.214123279096709,-0.285570690774705
563_chr3,0,-0.175183799763446,3.15532703216553,3.15857132418341,2.99036550724198,2.98947716837626,3.05814149104768,3.05819097262053,4.57923726119333,4.58840339037067,4.57509977572504,4.5727666459904,4.56550322247279,4.56756590561065,4.56792684405064,4.51769717761284,4.51126811058571,4.42682033908308
564_chr3,0,0.227800174212479,-0.55757678252037,-0.558131167227901,0.202788953988515,0.20448304056662,0.467808127219326,0.467056863107445,-0.338420994335772,-0.340497789270387,-0.338468423644263,-0.332950354943308,-0.332612338404176,-0.335841792095448,-0.339734569431758,-0.187950746159615,-0.190378123002905,-0.257588365336627
565_chr3,0,0.0263335354341145,2.99424387378968,2.9960264356351,2.60913149220815,2.60970832182013,3.21419905947413,3.21377608465748,3.69995987479054,3.70709507871736,3.69603428545949,3.69630316070062,3.69018582458878,3.6910252030682,3.68947364281893,3.70509477540245,3.69815993237738,3.49741375505545
566_chr3,0,0.142714529329632,-0.502040666670437,-0.501981094372263,0.356303219901053,0.357377396935104,0.391236592938706,0.390685341759132,0.0212063269009168,0.0199606128329637,0.0210829208845058,0.02551210158635,0.025385749261678,0.0226623333484461,0.0195754813111662,0.143814245932394,0.14161886733313,0.124431932425967
567_chr3,0,0.098605445767065,-0.429684083676806,-0.429294981230932,0.461906972498221,0.462664248816882,0.388832728398846,0.388383314738874,0.24823242516087,0.247509822276732,0.248022525744983,0.251853197481427,0.251417893109103,0.248993375803562,0.246329836477089,0.355385409771229,0.35324589021577,0.358781834738515
568_chr3,0,0.287759787895975,-0.605505581984023,-0.606494890944419,0.0893563093873606,0.0914863432541568,0.514241609014141,0.513349769886375,-0.60004182391681,-0.602722901819547,-0.60002620549535,-0.593733934351727,-0.593054910136854,-0.596648346781083,-0.601110170360813,-0.429733052714283,-0.432310918513855,-0.534124672640226
569_chr3,0,0.156060607716497,-0.504378209739691,-0.504413293636011,0.3360305171017,0.337202583092591,0.408702774365068,0.408119879464948,-0.0292643900236276,-0.0306269639517267,-0.029382770218803,-0.0247877694590559,-0.0248512635971863,-0.0276487046448235,-0.0308611630516964,0.0975659773730051,0.0953247857544675,0.0698219109422871
570_chr3,0,0.106782773119261,-0.45670723709313,-0.456382740026376,0.434200966401922,0.435015597663466,0.377629412647174,0.377161697602752,0.193464235028986,0.192615829572453,0.193285085463379,0.19723734127292,0.19688062329068,0.19438927164669,0.191645532296964,0.303798165071671,0.301668410266985,0.303994394079882
571_chr3,0,0.143100117471859,-0.494018224080596,-0.493959297505698,0.360549398953359,0.361627233340089,0.398666007100306,0.398113498005066,0.0272859111086898,0.0260539551587971,0.0271539029156211,0.0315815569799987,0.0314443527829922,0.0287255879846038,0.0256361310087527,0.149828109046652,0.147619446167544,0.12959624724831
572_chr3,0,0.211695550752977,-0.540569409837001,-0.541005910192099,0.235725140952753,0.237302559666531,0.458875192114886,0.458161509585412,-0.264300020475856,-0.266205754370112,-0.26436885391255,-0.259061957475406,-0.258822006128766,-0.26195022749656,-0.265689640739622,-0.119254149728659,-0.121647218678265,-0.179867831399679
573_chr3,0,0.209619399748249,-0.538909835682853,-0.539331276427505,0.239652839691786,0.24121516337166,0.45726739456652,0.456558579562744,-0.255241183788556,-0.257125993887372,-0.255312200304824,-0.250032111264868,-0.249803967589844,-0.252919585748126,-0.256639295296361,-0.11088223823956,-0.113270096385116,-0.170292534012297
574_chr3,0,0.121741971577192,-0.468664892904787,-0.468448904179116,0.405900893436914,0.406824288274607,0.389214004784941,0.38871121797418,0.128193002110611,0.127193835361775,0.128029582191123,0.132174992146847,0.131903351455531,0.129321190466816,0.126435480961445,0.243476403719778,0.241309103740524,0.235001929858644
575_chr3,0,0.0839047340831034,-0.438419645200465,-0.437929199532252,0.477482040307074,0.478130332620188,0.359912370394467,0.35949829279871,0.293287619205898,0.292669782435256,0.293084413307397,0.296741266384714,0.296254434373413,0.293901963147337,0.291375347647658,0.396052012416462,0.393979677798546,0.409508890334016
576_chr3,0,-0.0629788747259015,-0.329288698922952,-0.327734953649155,0.750413236387769,0.749992735939002,0.239075833904406,0.239006475980799,0.926467103012233,0.927312045451484,0.926118402084663,0.927885150760556,0.926575915694247,0.925108146949944,0.923974481033335,0.980825025221753,0.979133587363661,1.08004138880701
577_chr3,0,0.124351759948027,-0.470751030819694,-0.470553972507139,0.400963650206566,0.401906019985798,0.391235057846509,0.390726152399901,0.116805753983682,0.115780285353196,0.116645078265204,0.120824185978593,0.120567387909032,0.117969384281924,0.115058906600487,0.232952642588648,0.230778792461654,0.222965474074854
578_chr3,0,0.234195231101945,-0.558554560193946,-0.559154264680363,0.193159852621574,0.194900859358056,0.476299228623656,0.475532795705575,-0.362472518205364,-0.364605007623677,-0.362517693154561,-0.35692027937724,-0.356552365836894,-0.359817170808065,-0.363770117091021,-0.209982296181237,-0.212431835698353,-0.283637321177555
579_chr3,0,0.232582268098969,-0.569704950697963,-0.570296167610696,0.188781436202174,0.190509440570114,0.464402088865808,0.463639965999841,-0.367025286430998,-0.36916786714973,-0.367058706833474,-0.361472405623231,-0.361094186362207,-0.364359640380531,-0.368298853450949,-0.214780094963961,-0.217207194637652,-0.286565359638783
580_chr3,0,0.280757168859109,-0.591652147761683,-0.592588530508588,0.107534962975164,0.109614929224222,0.515885491080325,0.515009718828769,-0.561795070054097,-0.564388088643169,-0.561795741674521,-0.555600335784495,-0.554974065214837,-0.558518063627902,-0.562912383889693,-0.393994782135036,-0.396567278444726,-0.494947952009565
581_chr3,0,0.110808679624969,-0.472365065675551,-0.472072983251745,0.419154838140562,0.419997465461048,0.370099084624586,0.369622459330777,0.164307477082067,0.16339215085951,0.164146011352917,0.168159964046265,0.167845621667525,0.165319390396014,0.162535868611978,0.276262079758834,0.274140612144898,0.275059647844829
582_chr3,0,0.15272153637177,-0.505868165221357,-0.505880102733408,0.339863363571111,0.34101072594804,0.402556930016892,0.401982040239024,-0.0185702247338724,-0.0199079557039177,-0.0186876189570313,-0.0141324847236595,-0.0142084565562115,-0.016989118509116,-0.0201704139313987,0.107251865116202,0.105025202994177,0.0817557567542933
584_chr3,0,-0.0509573106606305,3.05602641766005,3.05836961793234,2.75535166504427,2.75536653748665,3.15434405250243,3.1541022856898,4.03720179534502,4.04511594928532,4.03319493443645,4.03246582523161,4.02590891370952,4.02721748384429,4.02639945176372,4.01676387892592,4.01002302345422,3.8538824488038
585_chr3,0,-0.0413598930144903,3.04835470869676,3.05062829294849,2.73719510268398,2.73727975489884,3.1617764138899,3.16151214597937,3.99532553543993,4.00314296500752,3.99132876624741,3.9907235795252,3.98422125129482,3.985471560607,3.98456244430952,3.97806306628058,3.97129812283905,3.80961874741433
586_chr3,0,0.238889238753146,-0.558184960387871,-0.5588176490797,0.186741444540653,0.188517002380591,0.48346243744586,0.482684824348077,-0.379113395936209,-0.381284462555958,-0.379158091822114,-0.373503287376396,-0.373115131842116,-0.376404972299552,-0.380401945299028,-0.22516573054834,-0.227633145108561,-0.301851264511477
587_chr3,0,0.135389411873407,-0.479573993030119,-0.479456997650297,0.380082427477348,0.381105048514632,0.399782754842024,0.399247971675407,0.0686453427344071,0.0675086348103897,0.0684962731430394,0.0728178997380042,0.0726238759893159,0.0699588686426251,0.0669436382121553,0.188444201364306,0.186242648511828,0.172059350482076
588_chr3,0,0.213030886912342,-0.554076527321559,-0.554525925944735,0.225769080674188,0.227354933165307,0.449261252449068,0.448544967698993,-0.281717055585799,-0.283662594230232,-0.281771034329557,-0.276437181828408,-0.276170156930497,-0.279316924902972,-0.283070585743574,-0.135940727109036,-0.138318755970427,-0.196393551918761
589_chr3,0,0.162977733356414,-0.526619314228766,-0.526708887756171,0.312963094463288,0.314183739765144,0.399754582242846,0.399156180136564,-0.0750169171470922,-0.0764845983925881,-0.0751099540407578,-0.0704125886644906,-0.0704105742817056,-0.073264031592772,-0.0765442522920123,0.0544898538509324,0.052256009152249,0.0239923635333206
590_chr3,0,-0.176484234965888,3.15636653682882,3.15962026170949,2.99282569327526,2.99192789935862,3.05713441760961,3.05718694804632,4.58491142944723,4.59409066462703,4.58077257656708,4.57842265552828,4.57115183605932,4.57322241344826,4.57359569365834,4.52294107768916,4.51651527454457,4.43281800195445
591_chr3,0,-0.0545852684823052,3.05892643072243,3.06129594682213,2.76221509902812,2.76220359374258,3.15153451616428,3.15130125508071,4.05303160605731,4.06098232316048,4.04902093033922,4.04824497670636,4.04166743193818,4.04299802547704,4.04221442450172,4.03139332625422,4.0246615763713,3.87061474571877
592_chr3,0,0.13204055148194,-0.48933679157496,-0.489198717081442,0.378988012061895,0.379985009572602,0.386541314231744,0.386014910920029,0.0716667879992432,0.0705374834376618,0.0715276476528133,0.0758157476603985,0.0756221570815585,0.0729670383983287,0.069982015700949,0.190646268803993,0.188471512617309,0.177137345151842
593_chr3,0,-0.126062592174862,3.11606192748435,3.11894991292856,2.89743714862734,2.89690595444535,3.09618157433347,3.09611589147959,4.36490747669565,4.37357855416576,4.36082164233785,4.35912276883946,4.35213871184542,4.35390320623435,4.35379796023895,4.31961986953993,4.31306751620711,4.20027122506537
594_chr3,0,0.00667781305569504,3.0099557024409,3.01188083942723,2.64631653116953,2.64675045027306,3.19897741992121,3.19860052784786,3.78572337589982,3.79305667346884,3.78177711851239,3.78179219778415,3.77556307389064,3.77652177181584,3.77515675404565,3.78435489069836,3.77746938036515,3.58806678882256
596_chr3,0,0.167109351689098,-0.517369085135624,-0.517485386392583,0.312644243212991,0.313896214820908,0.413699035837166,0.413090413897889,-0.0813483506745687,-0.0828310844425078,-0.0814506160628503,-0.0767097054196753,-0.0767038495825854,-0.0795718523167937,-0.0828896951875064,0.0492341601978734,0.0469713869807755,0.0153985360586724
597_chr3,0,0.252378279051707,-0.573089204520082,-0.573820801926726,0.158760844870481,0.160634054767839,0.490380410507286,0.489571347523777,-0.441810322382009,-0.444126063584476,-0.4418363777968,-0.436004183318387,-0.435532857522052,-0.438908042115104,-0.443033554472023,-0.283303970611867,-0.285799146645629,-0.367498317382331
598_chr3,0,-0.0495411558739798,3.05489441238835,3.05722734041195,2.75267255868007,2.75269772753368,3.15544074064741,3.15519565366694,4.03102270966821,4.03892259136483,4.02701733785103,4.02630651412916,4.01975765668919,4.02105763010078,4.02022615801431,4.01105334895883,4.0043089391671,3.84735108225201
599_chr3,0,-0.171014375422129,3.15199419709777,3.15520824569587,2.98247771743738,2.98161969313051,3.06137034589437,3.0614100522726,4.5610448782202,4.57016898724496,4.55691177691525,4.55463248305965,4.54739277226493,4.54943014504319,4.54975151359417,4.50088431021229,4.49444477860277,4.40759077538016
601_chr3,0,0.13121371617328,-0.488675859636549,-0.488531787593902,0.380552233542806,0.381543219396852,0.385901002530361,0.385376537729912,0.0752745053624695,0.0741535337847714,0.0751344955960076,0.0794119194521579,0.0792136264216259,0.076563527016186,0.0735863513928186,0.193980415503531,0.191807734540069,0.18095074502149
602_chr3,0,0.0400280400793588,-1.43006968583315,-1.42952610096885,-0.052740388708979,-0.0525163454065241,-0.552911834101651,-0.553179425398079,-0.471905082283466,-0.474255296379567,-0.471044268850002,-0.46715219125331,-0.466280837180181,-0.469228671328366,-0.471468836437471,-0.35983461156121,-0.360278858425819,-0.243787169953073
603_chr3,0,0.205743877397708,-0.544092599525774,-0.544488066980601,0.242038839601562,0.243572136850966,0.447178125631121,0.446478748552488,-0.246046611118465,-0.247909901309138,-0.246112749193027,-0.240876234814632,-0.240657165819406,-0.24375620759627,-0.247440184684403,-0.102777800759226,-0.105143689368616,-0.159319457528412
1_chr4,0,-0.0761090414685893,-1.93661438131688,-1.93538315692667,-0.191020360430019,-0.191702147184058,-1.15590120513955,-1.15587105059329,-0.523631625212484,-0.526080860528045,-0.522244844925179,-0.519384284551046,-0.518234879666688,-0.520980758220195,-0.522194593755028,-0.43607926846106,-0.435345874671407,-0.207672494364891
2_chr4,0,0.0693325850861063,-1.72938219025151,-1.72912241060499,-0.272958338466411,-0.272549508678237,-0.766370174807761,-0.766694750097336,-0.856825002868513,-0.860054876790496,-0.85563506871504,-0.851149169338733,-0.84967914436037,-0.853036419884239,-0.85558962101622,-0.728657190171459,-0.728767098725449,-0.608862277360115
4_chr4,0,-0.0781064124420398,-2.03728456347882,-2.03606525877253,-0.248322413222341,-0.249029204214126,-1.24498544312566,-1.24494626121926,-0.610202616263642,-0.612848320276507,-0.608707359099056,-0.605792729244882,-0.604494546413763,-0.607314131151673,-0.608521955427054,-0.520938195415469,-0.520048591642768,-0.283688312315573
5_chr4,0,0.280404637427247,-1.43281793954482,-1.43396904807988,-0.394368133748506,-0.392376976084698,-0.20464264094124,-0.205481840009178,-1.34426754179642,-1.3486391728322,-1.34335875935677,-1.33651082279489,-1.33456895070757,-1.3388170249502,-1.34331450867284,-1.15705955875302,-1.1583871273209,-1.19457330168879
6_chr4,0,0.0615133497224361,-1.25045377540442,-1.25001522063007,0.0241499006221049,0.0245503270913579,-0.367826523747946,-0.368152847358049,-0.38229420285274,-0.384444152620739,-0.3816235792055,-0.377607754475544,-0.376922357222347,-0.379835453830941,-0.382254615695297,-0.267681176975405,-0.268470294117423,-0.178875982169318
7_chr4,0,0.09754922446508,-1.6262313908423,-1.62614382357598,-0.251258967373635,-0.250632098964476,-0.636918267370333,-0.637314336709344,-0.862817043365471,-0.866065047461906,-0.861733360154839,-0.856981288782763,-0.855547627899213,-0.858970688419777,-0.861775767696147,-0.728230124917773,-0.728596703147881,-0.634237076320316
8_chr4,0,0.0690053472180638,-2.35115018719264,-2.35104865755805,-0.643857848843598,-0.64351515415858,-1.29906316027277,-1.29936054307337,-1.43496722212656,-1.43951124144706,-1.43310505553212,-1.42813764141681,-1.42569545348228,-1.42957280373548,-1.43220163477783,-1.29247456090138,-1.29166400499876,-1.12574422517324
9_chr4,0,-0.0222739611186857,-1.55856034944014,-1.55761088897208,-0.0413644577399388,-0.0416116667738979,-0.753772030110556,-0.753885980417346,-0.366185463874105,-0.368285405796287,-0.365197381109783,-0.36197052372139,-0.361174315402336,-0.363893585208518,-0.365565041575905,-0.270591575682211,-0.270615857976495,-0.105033733018299
10_chr4,0,0.156084212657263,-1.3334422374349,-1.33369157285074,-0.159176582414684,-0.158089319035345,-0.300917947362528,-0.301465677813287,-0.801822207944271,-0.80494091704371,-0.801044148837988,-0.795801445709373,-0.794566619856903,-0.79806001086292,-0.801377632569284,-0.65574747206397,-0.656763016423905,-0.621202176087813
11_chr4,0,-0.0493528655205366,-1.68572304775675,-1.68461559323866,-0.0790145775207778,-0.0794739209867987,-0.902117898307317,-0.902162040532219,-0.386683168034232,-0.388825376483572,-0.385562658210139,-0.382569241712399,-0.381694022993598,-0.384373803968143,-0.385807104128908,-0.296595896832971,-0.296332209036168,-0.10415949046405
12_chr4,0,0.130500441255344,-1.30559870167287,-1.30566055304525,-0.10636108427561,-0.105459074596244,-0.314402049139428,-0.314890112642309,-0.683304483080578,-0.686149696241262,-0.682561319280895,-0.677654728725475,-0.676576981917393,-0.67990886249989,-0.682982745815396,-0.545866059909622,-0.546828323520804,-0.497047404100553
13_chr4,0,0.160624598699264,-0.813254756114245,-0.813401763089442,0.14509306447018,0.14626702895154,0.150970458710419,0.15038983037384,-0.333571913994997,-0.335626950653255,-0.33335546356257,-0.328463180856519,-0.32802276715755,-0.331104087866539,-0.3343984961304,-0.19814918793379,-0.199950567906714,-0.205600632269136
14_chr4,0,0.0309727084220653,-1.72924308853827,-1.72871294296621,-0.218619424353585,-0.218492625628341,-0.822204150745171,-0.822437494766865,-0.717890328794948,-0.72079825440321,-0.716707725844408,-0.712693295709068,-0.711393637638938,-0.714543669057477,-0.716736679752041,-0.601706192668515,-0.601674695861528,-0.457383110604018
15_chr4,0,0.121542996721466,-1.77111665442593,-1.77123558926533,-0.37173090726206,-0.370942472169655,-0.725937772908588,-0.726384755248412,-1.08463386229367,-1.08838992143553,-1.08338902872155,-1.07822898510485,-1.07646202440547,-1.08013624159448,-1.08318494522861,-0.939191464424804,-0.939432412688215,-0.849658932799827
16_chr4,0,0.051080881144551,-0.725690835190785,-0.725043253665712,0.3523297829598,0.352707289897032,0.0661384209047261,0.0658146172687979,0.144398448077954,0.14344741124085,0.144499712932989,0.147977560013132,0.147794966887663,0.145378627877921,0.143123843406398,0.243577018621836,0.242050575705863,0.29961968654067
18_chr4,0,-0.164603457341982,-2.30433923941119,-2.30257933232138,-0.285485150434107,-0.286855292878155,-1.59974420784403,-1.59948795163958,-0.546039005210135,-0.548525032912283,-0.544271184008995,-0.542210875556471,-0.540878183328882,-0.543454855512397,-0.543884335466811,-0.477592556843536,-0.475988808259923,-0.164941687482843
19_chr4,0,0.093835905626067,-0.765042104807211,-0.764705988293182,0.268354227659577,0.2690420623695,0.0948188145674236,0.0943949918348027,-0.0469756104754495,-0.0483685000516769,-0.0468237930641653,-0.0427898491993526,-0.0427211787227924,-0.0454014040609683,-0.0480626097983992,0.066469167371193,0.0648430672235976,0.0981189204220985
20_chr4,0,0.0885457409563709,-0.760813404420281,-0.760438915062013,0.278362253595615,0.279011625200077,0.0907220442616883,0.0903106242938084,-0.0238931190369303,-0.0252326934529683,-0.0237468642511041,-0.0197812273375502,-0.0197426435584767,-0.0223907551180633,-0.0250017545891859,0.087801329760445,0.0861885070726394,0.122517386538107
21_chr4,0,0.123286384336699,-0.778252241353505,-0.778127079659729,0.218809763018155,0.219712781702073,0.126468801586775,0.12597549346205,-0.165850472547378,-0.167518287841457,-0.165678858528021,-0.161272715704432,-0.161052729170408,-0.163903061922368,-0.166842459496514,-0.0429012855323832,-0.0446165757682033,-0.029098111055283
22_chr4,0,-0.165290417946633,-2.30379011650933,-2.30202522646835,-0.284185546361709,-0.285560683477915,-1.60027619880878,-1.60001833202862,-0.543041600920188,-0.545520705319005,-0.541274502060371,-0.539223063687981,-0.537894278404161,-0.540466780414887,-0.54088974077507,-0.47482244360729,-0.473216970863395,-0.161773395741068
23_chr4,0,0.219749890686039,-0.860516639384918,-0.861092518760436,0.033238804229653,0.0348426499118963,0.196757831250424,0.196038583961025,-0.591552360974738,-0.594203272168171,-0.591273740104354,-0.585618027771802,-0.584841351426039,-0.588281590364312,-0.592137126748072,-0.436567159532818,-0.438516934449178,-0.478289012160583
24_chr4,0,0.108831609844319,-1.28827769155441,-1.28818236545794,-0.0653676104793364,-0.0646231479841901,-0.331182665741627,-0.331619926777102,-0.588757215319174,-0.591384046389707,-0.58803683636661,-0.58341003517569,-0.582455525282951,-0.585655865904471,-0.588524101345412,-0.458488244792981,-0.459396123133435,-0.39710982522255
25_chr4,0,0.115411117619221,-1.95903817415217,-1.95916242242774,-0.475297615711404,-0.474573527251763,-0.895737402955957,-0.8961618175586,-1.23753974285051,-1.24164239836704,-1.23609286486427,-1.23086142183429,-1.22882739703682,-1.23262622468476,-1.23564114101661,-1.08965204253353,-1.0895925204475,-0.982074607903559
26_chr4,0,0.0606894048337215,-2.08355141877486,-2.08332218424157,-0.472267583756892,-0.47195860503645,-1.08213617090519,-1.08242514285071,-1.15554344741066,-1.15945096860805,-1.15397218172681,-1.14931591936565,-1.14732964535379,-1.15093750086507,-1.15345437868852,-1.02185716435979,-1.02141154186888,-0.86991730604471
27_chr4,0,-0.188404604492755,-1.68234750446816,-1.68025925185864,0.119674942529004,0.118193551447816,-1.10205420606314,-1.10176776361436,0.11962014893032,0.118651060864877,0.120710979045306,0.121993111937027,0.122246266982627,0.120320140539684,0.120192867738385,0.166200847864757,0.166972874617963,0.447334288511473
28_chr4,0,0.022037351924414,-2.04002710081497,-2.03951423817622,-0.39160280143457,-0.391573555202604,-1.10125981798807,-1.10145870684431,-0.975127778336637,-0.978619012453755,-0.973610809306925,-0.969463485723511,-0.967716810666052,-0.971079431802291,-0.973227884219779,-0.854523102395514,-0.853999139051158,-0.681128585868779
29_chr4,0,0.0946175753787308,-2.13623103409893,-2.13625450162034,-0.551719122677377,-0.551166082732451,-1.07773961536917,-1.07810704593152,-1.32739612609591,-1.33169971455944,-1.3257615487785,-1.32064724469303,-1.31842798887951,-1.32226325568862,-1.32510536377878,-1.18189115277537,-1.18149289654375,-1.04769608464143
30_chr4,0,0.109749830552857,-2.07284655387109,-2.07296029406689,-0.535264491262683,-0.534593693016569,-1.00141187794371,-1.00181799259112,-1.32309425622431,-1.32739048429545,-1.32152538140442,-1.31627463100699,-1.31408750708229,-1.31795128400945,-1.32092745044552,-1.17433394665394,-1.17408526446777,-1.05458227376099
31_chr4,0,0.119705908798595,-0.79091525888581,-0.790768134747803,0.216310732751904,0.217186127670428,0.11040701440793,0.109922760232061,-0.164693179799019,-0.166357792193176,-0.164508543997369,-0.16013650904682,-0.15991257529854,-0.162754202877242,-0.165661585116858,-0.0425684134379076,-0.044251764122055,-0.025523196161704
32_chr4,0,0.112417618327193,-1.87880328876015,-1.87888572256128,-0.423141881206489,-0.422431578992328,-0.831425051953383,-0.831845755224509,-1.15194969725105,-1.1558573162815,-1.15059013451432,-1.14545813022649,-1.14356302164783,-1.14727834556536,-1.15025499899003,-1.00685862991369,-1.00690668061332,-0.90339594937466
33_chr4,0,0.0805874446627698,-0.74927694722265,-0.748843395096773,0.296508750645765,0.297100790425591,0.0889886761979464,0.0885956945706922,0.015652928360792,0.0144045194646227,0.0157852194639005,0.0196440572167162,0.019629276457378,0.0170338187798995,0.0144990024987171,0.124594180880498,0.122993681250772,0.163534151373301
34_chr4,0,0.0677781669365408,-1.60243385516039,-1.60213033995583,-0.194937560670429,-0.194527148155726,-0.659973350164241,-0.660299621407036,-0.732917461136092,-0.735865427558794,-0.731865082289849,-0.727497416754359,-0.726233072490921,-0.729475408741162,-0.731997946029541,-0.608180736410737,-0.608472594089799,-0.496931683444991
35_chr4,0,0.0557681605582452,-0.72943761842116,-0.728824036639776,0.343462305882871,0.343873892538537,0.069768309257107,0.0694335163179201,0.12394651629664,0.122948240277319,0.124052709841314,0.127591079378967,0.127435144168056,0.124990351175749,0.122691082115711,0.224675942405911,0.22313773517487,0.278001753056219
36_chr4,0,0.153471872968231,-0.807537214987466,-0.807632338808262,0.158624715959142,0.159746675245711,0.145431297604939,0.14486743879824,-0.302362539475066,-0.3043454897727,-0.302153610157147,-0.297353683912262,-0.296953949834573,-0.29999185014651,-0.303218375522917,-0.169306398276555,-0.171089826061936,-0.172611954736015
37_chr4,0,0.0260579726535568,-1.59719454701333,-1.59659566802661,-0.132799654361,-0.132695457270221,-0.716343170432307,-0.716570434717297,-0.577071422471104,-0.579658461667613,-0.576032518520298,-0.572181596050652,-0.571110510036643,-0.57412317732983,-0.57625332753563,-0.465486200744092,-0.465631788394126,-0.327942682378271
38_chr4,0,0.0284255950570433,-1.72720704997525,-1.72665842861075,-0.213800750794104,-0.213692471320357,-0.824176667490999,-0.824404039818085,-0.706776549524929,-0.709658804900682,-0.705596624872425,-0.701615083230986,-0.700329911331715,-0.703464480578516,-0.705633317913665,-0.59143516344371,-0.591397273793135,-0.445635714632374
39_chr4,0,-0.069904800545773,-2.0047198471758,-2.00354993190114,-0.2404728178614,-0.241115967806757,-1.20514782029282,-1.20512952896359,-0.609538257611021,-0.612183762182104,-0.608076676110144,-0.605086695673366,-0.603803126225633,-0.606639665115435,-0.607920374887181,-0.518467940263418,-0.517656759412765,-0.288911837845999
40_chr4,0,-0.00921709738448884,-0.677491563323604,-0.676406603175655,0.46640255208665,0.466341651591971,0.0194429051018459,0.0192604697764997,0.407495659612674,0.407152315840934,0.407533520946016,0.410232796594537,0.409707271414526,0.407656969390915,0.405974442411724,0.486723754127703,0.485348649409182,0.577716547009301
41_chr4,0,-0.0218015225547917,-1.83799751370818,-1.83712354031217,-0.208931647290541,-0.209204024000815,-0.992273154543381,-0.992376357374354,-0.628257860971321,-0.630953605414411,-0.626967545165526,-0.623516671314361,-0.62228080220825,-0.625237150911598,-0.626948413883627,-0.526032566199849,-0.525645457113648,-0.339777135899067
42_chr4,0,0.0238029993151677,-2.36034660501698,-2.35992889980882,-0.585416821020312,-0.58540742429805,-1.37286873981334,-1.37305822025254,-1.27997137217252,-1.28415584036484,-1.27810772352471,-1.27368856788283,-1.27143247901693,-1.27507347384804,-1.27727905003514,-1.15138279434213,-1.15039177095753,-0.955045626775971
43_chr4,0,-0.0681846280072308,-1.58952439916607,-1.58825939240335,0.00507729167767956,0.00448934557941505,-0.847243260055509,-0.847246698556963,-0.228908345238962,-0.230688899974519,-0.227895376516538,-0.225208483078462,-0.224567430135351,-0.227064789178193,-0.22830909537653,-0.146934680404013,-0.146743697876169,0.0503189476712431
44_chr4,0,0.116331896438187,-1.72716780770271,-1.72723867014085,-0.338111122520369,-0.337356498027221,-0.695919905203461,-0.696356360234868,-1.02482860216869,-1.02844788282388,-1.02363226428023,-1.01857057336401,-1.0168955456712,-1.02050473940154,-1.02349895141373,-0.882033477450957,-0.882320164607111,-0.792470202598047
45_chr4,0,0.254259469610678,-0.888101918646138,-0.888928117393454,-0.0320470200279419,-0.0301922661686462,0.223482484834791,0.222682330009344,-0.742127458312987,-0.745126162787599,-0.741812550507463,-0.735711248240994,-0.734738305932578,-0.738388034186586,-0.742571083458484,-0.575724253417266,-0.577760641808847,-0.637448668738697
46_chr4,0,-0.135519976044669,-2.57184985447046,-2.57036398266947,-0.486396167518925,-0.487579889290438,-1.78630348980926,-1.7861050428274,-0.900527904229635,-0.90382438248284,-0.898465389844175,-0.89583880996116,-0.893958225340683,-0.896916454341702,-0.897652869248116,-0.81679106370177,-0.814899178402119,-0.502641233299052
47_chr4,0,-0.0523036626483252,-1.75801935080429,-1.75690977012953,-0.118021293446433,-0.118509743099964,-0.968305605709195,-0.96833965828354,-0.443367102255809,-0.445637689592888,-0.442168973610149,-0.439155360227753,-0.438180022687045,-0.440904547919377,-0.442319293283038,-0.352523905107143,-0.352142437139163,-0.152766795059774
48_chr4,0,0.0651111689879753,-2.1650209053028,-2.16484386932767,-0.5271808302617,-0.52684769035957,-1.14542198872013,-1.14571801660974,-1.24745199165517,-1.25156914042277,-1.24579180843053,-1.24101759292075,-1.23888413423963,-1.24258424170121,-1.24515294912944,-1.11049435717066,-1.10994460923677,-0.955260617988193
49_chr4,0,0.253463003662701,-0.892640244634261,-0.893462002430715,-0.0336311049324998,-0.0317826723415071,0.218436054494426,0.217637986824859,-0.743473990741905,-0.746475628785118,-0.743154324914801,-0.737059265548676,-0.736082749568404,-0.739731986195112,-0.743908131654556,-0.577214231852381,-0.579240970261336,-0.638088095014196
50_chr4,0,0.14482239132844,-2.04060817234249,-2.04096075138705,-0.565615811700509,-0.564683834173317,-0.922658692819878,-0.923149595479424,-1.4199663828748,-1.42448841987631,-1.4184258007438,-1.41276925859651,-1.4104770482572,-1.41450314515832,-1.41780453810637,-1.26100034547724,-1.26092880172455,-1.16610714178053
51_chr4,0,0.155212394126263,-0.803772341081896,-0.803878758531174,0.158411579982673,0.159546722533832,0.151192706616751,0.150624548120957,-0.305152723733447,-0.307142294668878,-0.304947539410347,-0.300129165866024,-0.299727606874721,-0.302771745467071,-0.306014136586739,-0.171640345239373,-0.173435764608727,-0.176342236088307
52_chr4,0,0.152530079226735,-0.806784390868042,-0.806872683274921,0.160406417811503,0.161521529615193,0.144701960641878,0.144140309865919,-0.29825322580862,-0.300226684552147,-0.298045286789901,-0.293257521047233,-0.292863143223114,-0.295895326405702,-0.299112913695991,-0.165508690967771,-0.167289755002813,-0.168268361648678
53_chr4,0,0.0573240042502182,-1.60339002798259,-1.60301308703343,-0.180722387346279,-0.180388938246392,-0.676040610139759,-0.676341976023791,-0.695980018125893,-0.698842349873357,-0.694928562379517,-0.690688609412307,-0.689469138386563,-0.692655829015147,-0.69508032994476,-0.574486121797055,-0.574737972767822,-0.456477736089943
54_chr4,0,0.116585171572205,-0.778051779617285,-0.777879341323188,0.228407622034069,0.229261389841832,0.116865770368819,0.116388392249972,-0.141415381431709,-0.14302658141218,-0.141245238600986,-0.136921595850412,-0.136731647118827,-0.139545627867675,-0.142422080293773,-0.0205637497364553,-0.0222545978527431,-0.00248890747103259
55_chr4,0,0.100967028420238,-0.765567395460365,-0.765281669090775,0.257954298082361,0.258694511336598,0.104770883141164,0.104330121681211,-0.0732689856009818,-0.074722783334829,-0.0731152652988789,-0.0689932850313557,-0.0688921611998739,-0.0716113325009129,-0.0743395610619153,0.0424151529515546,0.0407635038547007,0.0695426379118684
56_chr4,0,0.10215359682116,-0.782097805642649,-0.781824709834061,0.246402936387062,0.247150179709961,0.0923520933886001,0.0919092119818164,-0.0929646289268957,-0.094463387229125,-0.0927928128109961,-0.0886433436407037,-0.08851107201688,-0.0912505240483386,-0.0939919860638581,0.0234736549025931,0.021842064895774,0.0510843642639749
57_chr4,0,0.0094376151419614,-1.58390904143299,-1.58318960468865,-0.101356971679476,-0.101373615924209,-0.729214185112483,-0.729402483052,-0.504552080650964,-0.506971617117696,-0.503530653060456,-0.499894333731041,-0.498917772500245,-0.501829546434809,-0.503801961267994,-0.398465949477483,-0.398569822711741,-0.251288881428462
58_chr4,0,-0.228862323174936,-1.82694157792967,-1.82460554921058,0.0905364774949974,0.088742796085431,-1.28483563533403,-1.2844468233918,0.131292117715122,0.130356027395321,0.132531718307656,0.133429625454893,0.133729743276136,0.131900715767159,0.132135010589934,0.168592230852972,0.169727389034727,0.486472570491316
60_chr4,0,-0.0150743884919341,-1.92466714737642,-1.9238629617671,-0.270211469726455,-0.270443267759662,-1.0566474576436,-1.05676297871896,-0.73335356432958,-0.736289281022074,-0.731968276709965,-0.728367060886965,-0.726965638601877,-0.730031051707868,-0.73181644834753,-0.62701625105192,-0.626525838941287,-0.438550880633667
61_chr4,0,0.0920847779356386,-1.27489108849123,-1.27467428723993,-0.0336856613240257,-0.0330629597195233,-0.344151623791578,-0.344549621962986,-0.515686029772009,-0.518144083482737,-0.514983260167985,-0.51057269516296,-0.509713429349934,-0.512812108853973,-0.515521408618024,-0.390957995720037,-0.391823842214384,-0.319872718934536
62_chr4,0,0.176942178254646,-0.821142073838603,-0.821406110884579,0.117302794770918,0.118595927674127,0.168020525772768,0.167401421906226,-0.399965945517915,-0.402174512835129,-0.399737912255714,-0.394638962321428,-0.394113819759039,-0.397289868323923,-0.400738485789442,-0.259263947273045,-0.261113904894613,-0.276560931510311
63_chr4,0,0.111523218351401,-1.29042923250749,-1.29035343031631,-0.0704596424727537,-0.0696956101478705,-0.329098250133613,-0.329541821631838,-0.600501467946407,-0.603155425495543,-0.599778258758692,-0.595116703343171,-0.594146885493883,-0.597363565440366,-0.600257345570734,-0.469341939024898,-0.470256572868433,-0.409523638980332
64_chr4,0,-0.133623513392648,-2.07412649575858,-2.07252546404161,-0.191804091030817,-0.192922853939455,-1.35750024985364,-1.35732745798032,-0.443641312937118,-0.445899527488473,-0.442116612568818,-0.439855399125836,-0.43874577791291,-0.441296514373414,-0.441987734691619,-0.370860983860688,-0.369711961540448,-0.0953284021320453
65_chr4,0,0.0338667010155114,-1.94013139852373,-1.93967610417998,-0.348669574316259,-0.348543112499821,-0.998497249286569,-0.998728517502528,-0.924855376744938,-0.928234225202774,-0.923444206674961,-0.919229533858525,-0.917586813276873,-0.920929466826776,-0.923176344041161,-0.802874098640058,-0.802541496409725,-0.644553956298961
66_chr4,0,0.0185075082290029,-1.79292519613672,-1.79232365003469,-0.239024075568793,-0.238995455827898,-0.894896390054597,-0.895097380813181,-0.732120238371836,-0.735058518422441,-0.730871111850027,-0.726960123224886,-0.725616037226354,-0.728752209307778,-0.730836241139584,-0.618351565445116,-0.618179900381908,-0.461268823174824
67_chr4,0,0.103290136749487,-1.63082039695348,-1.63077447208331,-0.262119725521295,-0.261451116764071,-0.632472432421315,-0.632881961300607,-0.887866274708535,-0.891172136674657,-0.886776554909853,-0.881950356503918,-0.880484045390747,-0.883941955939148,-0.886801519298529,-0.751379890711446,-0.751760877705132,-0.660714409747847
68_chr4,0,0.0926974540409372,-1.64103555433787,-1.64091761844632,-0.253238729370499,-0.252649051525786,-0.656667169099205,-0.657051069812852,-0.859054567000388,-0.86229324308054,-0.857955784849835,-0.853251770827402,-0.851816448906986,-0.855225736826896,-0.857987135208079,-0.725639434867975,-0.725966214788645,-0.627430194544048
69_chr4,0,0.17162819665128,-1.33847422937669,-1.33883440585807,-0.184167290394555,-0.182966253881069,-0.282552196144721,-0.283136683465451,-0.86275656464815,-0.866016270174212,-0.861970154879114,-0.856532520063519,-0.855220867807846,-0.858802413138627,-0.862266619094167,-0.711710416671759,-0.71277590431331,-0.686730374122896
70_chr4,0,0.0912590317997962,-0.752651133160984,-0.752293657222375,0.27939966803341,0.280069826019189,0.101666415453862,0.101248195297772,-0.0261060341622583,-0.0274510724659076,-0.0259680970088745,-0.0219754934501823,-0.0219376557389719,-0.0245935674525768,-0.0272290096886505,0.08624643063016,0.0846115238818181,0.118613411070542
72_chr4,0,-0.0597948779009411,-1.87704707744513,-1.87591544057374,-0.178517287312523,-0.179073016897839,-1.08111688929559,-1.08112806778573,-0.527163103571296,-0.529622973671064,-0.525837677168305,-0.522823166547195,-0.521694673835637,-0.524478648026077,-0.52583812238525,-0.435897709287073,-0.435312609202171,-0.222403529180145
73_chr4,0,0.0114884528578222,-1.93402750568926,-1.93341293101136,-0.313372337690724,-0.313409788840537,-1.02591417804177,-1.02609247994612,-0.838192527924312,-0.841370803297935,-0.836792146865819,-0.832857221228592,-0.831323319585124,-0.834540016997616,-0.836576005248304,-0.72334199171241,-0.722935801286647,-0.551165304804379
74_chr4,0,0.203785054867691,-1.36417885811181,-1.36477228822301,-0.245002196516638,-0.243567357710391,-0.257649519178656,-0.258309398093442,-1.00306607310672,-1.00664986080301,-1.00224585029607,-0.996393004029795,-0.994898466415029,-0.998675218944329,-1.00244460931058,-0.841380354042541,-0.842526550209931,-0.835039181991338
75_chr4,0,0.0725025534364655,-0.822489910002599,-0.822018287398802,0.264216155167237,0.264741245799119,0.0145275669703361,0.0141569251388229,-0.0233073948036555,-0.0246430738503753,-0.0230974548097356,-0.0192807913626853,-0.0192167907112237,-0.0218300400168605,-0.0242982119217046,0.084807587315384,0.0833451763463673,0.134421403322395
76_chr4,0,0.0948434182467049,-2.1235809186309,-2.12360271113605,-0.544483038882194,-0.543927041809416,-1.06658205524427,-1.06695056037005,-1.31642671469658,-1.32070540425493,-1.31480577318321,-1.30969857239067,-1.30749812339896,-1.31132399259047,-1.31416661995726,-1.171144730807,-1.17076601094165,-1.03804479400072
77_chr4,0,0.111172072350517,-2.2018397516021,-2.20199682391671,-0.614319651881049,-0.613651617794283,-1.1097518436617,-1.11015586111003,-1.44842879935393,-1.45301015757333,-1.44672018293871,-1.44135122604045,-1.43895580567157,-1.44293552440134,-1.44594137247168,-1.29623123525952,-1.29579709276147,-1.16769547779535
78_chr4,0,-0.0863602399426705,-1.74175873384326,-1.74040495050559,-0.060140052738638,-0.0608772405619966,-1.00406308325729,-1.00401682464051,-0.304982834352165,-0.306933412255671,-0.303808662922213,-0.301226229678112,-0.300427415696608,-0.302954402273032,-0.304047321580514,-0.225153391266355,-0.224670239132988,-0.00483244894171664
79_chr4,0,0.0397438802241112,-2.21270795970956,-2.21236446918586,-0.51978355483065,-0.519641818537379,-1.22324235156545,-1.22347601868367,-1.20009250656452,-1.20409794656905,-1.19838550981465,-1.19388576527763,-1.19179015352349,-1.19539331130559,-1.19772987351325,-1.06995101688351,-1.06923711874963,-0.894906249492725
80_chr4,0,0.145121329633797,-0.800862196715979,-0.800896748868654,0.174422419714897,0.175483664855692,0.138964531425573,0.138420250426164,-0.265926746440456,-0.267825538572258,-0.265726597746172,-0.261034494261474,-0.260682252140433,-0.26366946074115,-0.266816735351533,-0.135633505735222,-0.137395975004135,-0.134098891095
81_chr4,0,-0.0492332176148145,-1.69626710491342,-1.69516321631952,-0.08548143807973,-0.0859409825500899,-0.910968787814474,-0.911012766679955,-0.396940436981906,-0.399105980752053,-0.395808503878873,-0.392805383358867,-0.391913123195053,-0.394602399706538,-0.396038157929497,-0.306571141080515,-0.306292306060286,-0.113418883163812
82_chr4,0,0.0801788267965,-1.69826880188192,-1.69807742369113,-0.269716113814118,-0.269224346796526,-0.723917298747309,-0.72426899308686,-0.867082487901067,-0.870337411902049,-0.865924165083622,-0.861329284960648,-0.859859870237831,-0.863249597893627,-0.865900699481916,-0.736249139794284,-0.736445088578681,-0.625730696416845
83_chr4,0,-0.0360848412069198,-2.00619479242614,-2.00526359428651,-0.28918837454754,-0.289583010603526,-1.15707936876258,-1.15714145396986,-0.733289917478381,-0.736222131714254,-0.731820410230848,-0.728413703246539,-0.726977812379039,-0.729998202867114,-0.731596645467486,-0.631622821852088,-0.630934311617462,-0.423590336971278
84_chr4,0,-0.0593949009031149,-2.02605533203751,-2.02496499156366,-0.268080926836618,-0.268648988372019,-1.2080802834128,-1.20808608300795,-0.667447421415309,-0.670226241208181,-0.665960803273166,-0.66282501792672,-0.661461421939803,-0.66437261650184,-0.665754707608166,-0.572599628715629,-0.571795703106933,-0.348163287534234
85_chr4,0,0.217519848802392,-0.858734052345564,-0.859293755844679,0.0374576364217476,0.0390452681784312,0.195030858662631,0.19431683969533,-0.581822054660891,-0.584450491120987,-0.581545778686844,-0.575918860800544,-0.575154867348363,-0.578581568887373,-0.582415941076127,-0.427574695485468,-0.429518873356501,-0.468003963446101
86_chr4,0,0.080297254089364,-2.06163796826359,-2.06154125570659,-0.486912522628717,-0.48645712893255,-1.03477819531297,-1.03511473454827,-1.20607672920473,-1.21010225320373,-1.20452548718595,-1.19964539852218,-1.19760646576993,-1.20130180383161,-1.20400001208779,-1.06677504144069,-1.06643420221783,-0.929025030772851
87_chr4,0,-0.0413615472774819,-1.73433222822781,-1.73329364229883,-0.119350145156512,-0.119755713825049,-0.932069556642595,-0.932130640812684,-0.460890857218198,-0.463203027198732,-0.45971629222733,-0.456586720879533,-0.455599939691471,-0.458363667500484,-0.459878153513559,-0.367179868019152,-0.36687381480837,-0.176202470742897
88_chr4,0,-0.0669124977922374,-1.79065996977212,-1.78945586623474,-0.116853909391479,-0.117453117702894,-1.01755399652313,-1.01755191601418,-0.420917669600617,-0.423134891547987,-0.419686982624215,-0.416827391585069,-0.415865741689681,-0.418538780136963,-0.419820490197144,-0.333879693733073,-0.3333960374357,-0.122324429965367
89_chr4,0,-0.245243816808244,-2.30609462811887,-2.30376688497807,-0.172476655607174,-0.17443989531208,-1.71887158829642,-1.71842345818562,-0.255877738543614,-0.257691301807109,-0.254123114823743,-0.253052332671593,-0.252074580140871,-0.25421730124036,-0.253889845936741,-0.212575930030541,-0.210671890666218,0.151792095319232
91_chr4,0,-0.0271073862054381,-2.01337093339881,-2.01250485430631,-0.306172080746538,-0.306501444581327,-1.15012711427383,-1.15021024707968,-0.772461104227713,-0.77548379474956,-0.770982157156877,-0.767459532688045,-0.765972584435815,-0.769047472282707,-0.770731115349364,-0.667823685131606,-0.667157706860585,-0.464994744081014
92_chr4,0,0.0477072623011682,-1.31505635170827,-1.31453718458174,0.00509202030702749,0.00538431442249765,-0.44326252250084,-0.443553264506432,-0.392529754938338,-0.394700765124961,-0.391791863460701,-0.387895238079484,-0.387169919193964,-0.390062688770062,-0.392360398275355,-0.280729616510651,-0.281372254445711,-0.178237829034022
93_chr4,0,-0.0128970441075894,-1.19836683799436,-1.19739044758691,0.160505111067271,0.160363765451307,-0.431779165899955,-0.431930720635181,-0.0645089755437227,-0.0659246634073361,-0.0639086007817649,-0.0608477946620729,-0.0605740141211602,-0.0630416097116777,-0.0647555161259796,0.0256558178367801,0.0250643891673836,0.158146620185961
94_chr4,0,0.0585456098517874,-1.24808150846702,-1.2476214268354,0.029764322752857,0.0301431717290164,-0.370124778969918,-0.370444144728664,-0.369345110634796,-0.371465151026342,-0.36867760757574,-0.364700102496561,-0.364031583638893,-0.366926664675748,-0.369317661228137,-0.255714005289354,-0.25649567388312,-0.165188638731801
95_chr4,0,-0.0540811891630745,-1.88161432237704,-1.88052413043254,-0.189326543479269,-0.189840730650272,-1.0766921366047,-1.07671671080964,-0.552093550846341,-0.554611004452362,-0.55076211648095,-0.547673830338189,-0.546512842225198,-0.549331501183789,-0.550745201261119,-0.458937698324845,-0.458366938676812,-0.248755306444626
96_chr4,0,0.171781722775898,-0.822173218552693,-0.822401155066208,0.123985822238162,0.125240906621603,0.159610676448137,0.159003890289685,-0.382253616183331,-0.384421096195349,-0.382025433998436,-0.376989089778599,-0.376485222286058,-0.379634271966574,-0.383034566828982,-0.243139390972868,-0.2449687735271,-0.257057766542328
97_chr4,0,0.219780457989235,-0.870909987085566,-0.871488765698822,0.0269879523903769,0.0285909575402981,0.187906008689257,0.187187130230843,-0.60134687002134,-0.604020050381557,-0.601057005503815,-0.595392801446887,-0.594599714775098,-0.598048841763696,-0.601905980727553,-0.446110962235071,-0.44804548389136,-0.48707130476583
98_chr4,0,-0.0300347440409841,-1.96110956238236,-1.96020935839252,-0.270817591148798,-0.271163122104148,-1.10966281721528,-1.10974120762321,-0.713174443182906,-0.716061899041482,-0.711752552300515,-0.708306709447499,-0.706914580853133,-0.709929799907536,-0.711579341934713,-0.610663922953233,-0.610064404038086,-0.409889826604263
99_chr4,0,0.14922097086335,-0.814508164242508,-0.814575131148925,0.160473622739072,0.161563612290421,0.133263851082877,0.132710398990883,-0.29347578108923,-0.295437851192221,-0.293260110103259,-0.288506974746249,-0.288115180298144,-0.291135978134743,-0.294323472839407,-0.161585520882759,-0.16334294961064,-0.161647926989818
100_chr4,0,-0.0308848750397206,-1.78610304289171,-1.78515165677027,-0.165089317161396,-0.165423161243311,-0.961102260329392,-0.961186063429546,-0.54703761248719,-0.549547280353119,-0.54580510852955,-0.542506373755516,-0.541392055318858,-0.544255803356759,-0.545875211179779,-0.448853326259247,-0.448509408341225,-0.260687208739876
101_chr4,0,0.0850372132536259,-1.66336999162227,-1.66320383973839,-0.255743812733309,-0.255212746874978,-0.686958302357711,-0.687323034726476,-0.852145911239393,-0.855367658765042,-0.851024413688094,-0.846397086736551,-0.844960769522328,-0.848347440330659,-0.851039741384265,-0.720604972025403,-0.720870452587409,-0.615817072610255
102_chr4,0,0.116613429255664,-1.6790658370858,-1.67912626240622,-0.309779534626811,-0.309017909847743,-0.65433533730275,-0.654774505431839,-0.981028780877342,-0.984548543438357,-0.97988440108848,-0.974856813346991,-0.973255858830317,-0.97682620137125,-0.979816968108372,-0.839261851619254,-0.839620694724853,-0.753493552450715
103_chr4,0,0.0954431651572087,-2.11133188477227,-2.11135474080986,-0.538015354650434,-0.537453692387619,-1.05522242016289,-1.05559287212653,-1.30718397756627,-1.31144175294563,-1.30557616818974,-1.30047116300852,-1.29828723430372,-1.30210606142626,-1.3049527695395,-1.16199890004235,-1.16164050388258,-1.03020313769637
104_chr4,0,-0.157898707665454,-1.85890132762731,-1.85707364703395,-0.0289223111079654,-0.0301975002922319,-1.20868228486078,-1.20846089884232,-0.155267642556521,-0.156866464104297,-0.153980201050199,-0.152185346035258,-0.151520416806732,-0.153759441683126,-0.154195491766321,-0.0950628016128556,-0.0941423647789654,0.179824252018046
105_chr4,0,0.111149595840479,-1.29013057684076,-1.29005206453387,-0.0697528168797776,-0.068991501045389,-0.329387588122858,-0.329830283664965,-0.598871246781646,-0.601521438900922,-0.598148430459224,-0.593491699281934,-0.592524006331994,-0.595738418214751,-0.598628652483609,-0.467835336381518,-0.468749032492832,-0.407800475951942
106_chr4,0,0.108236299453758,-1.28780182937694,-1.28770218512512,-0.0642413918829947,-0.0635012577004368,-0.331643681623555,-0.332079546956782,-0.586159706951979,-0.588780538385296,-0.585439953970239,-0.58082083946591,-0.579869715275649,-0.583066442084128,-0.585929027736476,-0.456087703653649,-0.456994087861073,-0.394364228194957
107_chr4,0,0.0372218340324677,-2.74792135118687,-2.74769829283099,-0.835882422520942,-0.835814087361616,-1.68504848768714,-1.68525341911068,-1.68964640228337,-1.69476426333998,-1.68736117209966,-1.68247447240722,-1.67955196716874,-1.68359070449069,-1.68597133291926,-1.54787389030293,-1.54635939240686,-1.33099430199192
108_chr4,0,-0.0705741912634687,-2.03015884397426,-2.02899078035278,-0.254719946121487,-0.255370625246001,-1.22789927217869,-1.22787830802636,-0.630818609516162,-0.633512380309209,-0.629329647118435,-0.626328026861515,-0.625007592131724,-0.627861867204844,-0.629139511888218,-0.539367086493425,-0.538515824061741,-0.307471028319017
109_chr4,0,0.112743438375015,-0.774980884915178,-0.774780580148337,0.235675480007765,0.236501315794818,0.113890683681071,0.113422312486586,-0.12465280802049,-0.126225290374269,-0.124486704784792,-0.120212666743832,-0.120044567060764,-0.122835226688816,-0.125675219176135,-0.00507227044695524,-0.00675347643275437,0.0152293306351128
110_chr4,0,-0.0933662106546359,-1.87404689788458,-1.87267790214743,-0.129242411431741,-0.13004467052022,-1.12751712843701,-1.12744858653291,-0.402889975710981,-0.405061990510841,-0.401574077689756,-0.398974429577165,-0.397999543811983,-0.400599728775134,-0.40164361167629,-0.322179099771671,-0.321474501902928,-0.0874349692328065
111_chr4,0,0.102088763256822,-0.776832969425929,-0.776558057208719,0.249639156441812,0.250386462695957,0.0967640744932634,0.0963211236274446,-0.0878245686065284,-0.0893116324752068,-0.0876584572910528,-0.0835138960727928,-0.0833901561297314,-0.0861248393793592,-0.088865026237376,0.0284713051714141,0.0268321706801737,0.0557278338910958
112_chr4,0,0.0739900096118422,-1.26782012359571,-1.26747397885865,-0.003869334989417,-0.00337895246097708,-0.364492734596666,-0.364847995596935,-0.44362187633592,-0.445913226390923,-0.442930139552717,-0.438747442128309,-0.437979509767184,-0.440974550490245,-0.443513057806444,-0.324709219018115,-0.32551872017373,-0.242580194281064
113_chr4,0,-0.132901243113588,-2.83754082281831,-2.83614201385757,-0.648788886850959,-0.649980586490227,-2.00990760353528,-2.00970409790942,-1.15755877397327,-1.16143993766365,-1.15520848799986,-1.15234225264092,-1.15003401203053,-1.15322937202358,-1.15402400578836,-1.06683915892802,-1.06456412874415,-0.734397746356226
114_chr4,0,0.09127632583394,-1.27424485119453,-1.2740221857389,-0.0321562175151793,-0.0315393939088848,-0.344777699305413,-0.345173802064891,-0.512158523563589,-0.514608429559455,-0.511456604049597,-0.507056477830838,-0.506201809918886,-0.509295581739816,-0.511997208895537,-0.387697977819997,-0.388561795230007,-0.316144103203025
115_chr4,0,-0.150892344830996,-2.57845025375861,-2.57685775407583,-0.468595849647941,-0.469893275012933,-1.81437591214412,-1.81414062229968,-0.851052904722737,-0.854234462689089,-0.848986131219484,-0.846543290559383,-0.844720556189675,-0.847601320429089,-0.848194234845378,-0.771963968399965,-0.770005575386395,-0.4474844875471
116_chr4,0,-0.0316380662272079,-2.12811814323442,-2.12724976611399,-0.368298809330028,-0.368673246689322,-1.25495605850975,-1.25502354057278,-0.862981460777185,-0.866209192593614,-0.861379290107387,-0.857822732407094,-0.856176200010479,-0.859322929891529,-0.860978557519798,-0.757096540482113,-0.756244187891193,-0.542746051462212
117_chr4,0,0.17039295972859,-0.831432022590316,-0.831652563058555,0.120420084350258,0.121664008701633,0.149659706545246,0.149056616830723,-0.385855183665821,-0.388030628597077,-0.385617250264292,-0.380590740806139,-0.38007853513004,-0.383227856860535,-0.38661628415948,-0.24695985850289,-0.248770425506871,-0.25929404675923
118_chr4,0,-0.0424361120516674,-2.0657976670362,-2.06483710113415,-0.315804110625458,-0.316251554203431,-1.21736191218473,-1.21740635912009,-0.765842271128574,-0.768847466366774,-0.764309506526429,-0.760934299427066,-0.759433249274398,-0.76246936945127,-0.764015722432755,-0.664775805000601,-0.663975727926727,-0.448201266025259
119_chr4,0,0.150544972121879,-1.32162132492252,-1.32182857170484,-0.144281677926907,-0.143233930836181,-0.298879311384814,-0.299414369190558,-0.770764466087594,-0.773811691367144,-0.770000225398126,-0.76483481855278,-0.763643072696635,-0.767096632974635,-0.770360748753127,-0.626694014077232,-0.627706586226844,-0.58949363927352
120_chr4,0,0.110190796573303,-1.29675727232154,-1.2966737143367,-0.072354616154791,-0.0716010292133329,-0.336458388157979,-0.336898521723123,-0.601576194826643,-0.604232382438954,-0.600846392797517,-0.596196268450714,-0.595222451737383,-0.598437248201485,-0.601319318802431,-0.470685972918469,-0.471586332208614,-0.409539774785533
121_chr4,0,-0.0500828253130737,-2.04653864546126,-2.04551921842162,-0.293485870190193,-0.293987563107511,-1.21203049969408,-1.21205757744724,-0.720228260944028,-0.723128547134301,-0.718717751807966,-0.715451545697372,-0.714014570639079,-0.716993237906053,-0.718465355737272,-0.621996867100333,-0.621197034691046,-0.401978086043584
122_chr4,0,-0.0364565882923164,-1.81500494281698,-1.8140217548738,-0.174470931017827,-0.174848704093831,-0.993968555716689,-0.994037878935996,-0.553805455553906,-0.556329617227183,-0.552542744089025,-0.549289904359971,-0.548155042893108,-0.551012962983111,-0.552583714613545,-0.456690692582753,-0.456283475704378,-0.262788389475482
123_chr4,0,-0.28323394117692,-2.25892376946774,-2.25631612134071,-0.0905701351343651,-0.0928078666657877,-1.73390838872474,-1.73337190480445,-0.0744596262859121,-0.0758547295622056,-0.0727631181735895,-0.0721959886839789,-0.0714606091044103,-0.0733586094738212,-0.0726684822438983,-0.0441173048868471,-0.0421427595224519,0.341007907415493
124_chr4,0,0.211428732796817,-0.853865110409379,-0.854380631267629,0.0489809160868211,0.0505242612755199,0.190313821530806,0.189614083154667,-0.555244784986265,-0.557811834165275,-0.554974913840626,-0.549426644841475,-0.548697293328829,-0.552087018939305,-0.555863583439378,-0.403012761429427,-0.404941651582044,-0.43991147545192
125_chr4,0,0.117232092334987,-1.30238574174943,-1.30235325864835,-0.0856754624811671,-0.0848706805167996,-0.331005519827507,-0.331462161675522,-0.63229936873202,-0.635026519695175,-0.631562162757364,-0.626821120740427,-0.6258072581403,-0.629064798569324,-0.632013694532474,-0.49907943021091,-0.499997462017354,-0.442014532525751
126_chr4,0,0.0929276946287297,-0.759141142964001,-0.758797102322054,0.273163250188289,0.273845012002397,0.0985451215606953,0.0981232082788084,-0.0381910882196617,-0.0395638642092582,-0.0380458213033421,-0.0340276454380897,-0.0339722436245182,-0.0366426124021007,-0.039294543728805,0.0748331181094719,0.0732016464433443,0.106620389807002
127_chr4,0,-0.0589565489877637,-1.5387237340915,-1.53751064150676,0.0223668172467129,0.021851928531299,-0.790298944932299,-0.790326490121139,-0.214967084749153,-0.216717423842463,-0.214007317366807,-0.211246700635712,-0.210644263396465,-0.21314881389496,-0.214473335130499,-0.13129007372348,-0.131208264510673,0.0562427095788407
128_chr4,0,0.091852382901946,-2.1997619437504,-2.1997823296647,-0.585753063853252,-0.585226866994467,-1.13615366675538,-1.13651182149374,-1.37658459936869,-1.38099955815679,-1.37488184616637,-1.36975190936882,-1.36744543702489,-1.37131909360056,-1.37414328008331,-1.23046911836459,-1.22996672639356,-1.08973079941944
129_chr4,0,-0.00762178272392677,-0.683941762422732,-0.682869710391573,0.460293654844833,0.46024382295826,0.0162486998596947,0.0160627441724955,0.395713108861742,0.39534272675827,0.395758243181798,0.398482158757194,0.397973809997557,0.395909480372131,0.394211158030286,0.47558911328102,0.474217655561696,0.566046126090355
130_chr4,0,0.0131472311759205,-2.12348346031721,-2.1229294976836,-0.42887454495063,-0.428919218319922,-1.18566351817893,-1.18583771687495,-1.02071856754658,-1.02431201509852,-1.01911302457255,-1.01500977081708,-1.01317184608902,-1.01655650809707,-1.01863205218103,-0.900953968732161,-0.900273799698388,-0.715600710381839
131_chr4,0,0.050772066716362,-2.20769939867928,-2.2074323327365,-0.532390258529143,-0.532166922890622,-1.20286907192747,-1.20312918184829,-1.23533127893827,-1.23941858404079,-1.23362763332455,-1.22899628718919,-1.22685960161316,-1.23051810339045,-1.23295757870004,-1.1018617120143,-1.10119593095664,-0.934248015989359
132_chr4,0,-0.239075223652886,-1.55503572687816,-1.5525575128063,0.267382265676106,0.265541362164531,-1.06698887481671,-1.06658732316809,0.421593110718158,0.42131854711361,0.422536798216076,0.423096880681259,0.422925926054195,0.421380250948496,0.421744855304543,0.449394454656925,0.450165314490661,0.75337411274178
133_chr4,0,0.0453148679759891,-1.62207323430388,-1.6216164869544,-0.174895670883088,-0.174652435275797,-0.709549843264244,-0.709821852271237,-0.669932901434456,-0.672734105225891,-0.66886349231604,-0.664756516248146,-0.663561057283763,-0.666698584146244,-0.669012692446712,-0.551756153346652,-0.551936048566962,-0.424661533011478
135_chr4,0,-0.0237421593915741,-1.94175441688906,-1.94089356006314,-0.268157545092533,-0.268454825274546,-1.08391678327657,-1.08401096255572,-0.717910166787984,-0.720809393252463,-0.716508025932424,-0.712999975053994,-0.71161024291455,-0.714643194787246,-0.71634936990676,-0.613883466853151,-0.613335793646007,-0.418589251890328
136_chr4,0,-0.0990617104555142,-1.68820952362571,-1.68675240263923,-0.0101919684919445,-0.011017056702874,-0.976753291441614,-0.976679097866283,-0.209128652123255,-0.210859310253989,-0.208014759042739,-0.205630215965313,-0.204971592304067,-0.207385053083501,-0.208351936150458,-0.134508613407563,-0.13405774209672,0.0899131540223763
137_chr4,0,0.0228315045653048,-1.78564503229245,-1.78507207836802,-0.240791682021359,-0.240730523418245,-0.882357646892315,-0.882569231352986,-0.740983380247094,-0.743942498490255,-0.739741316052199,-0.735782879832103,-0.734431014180301,-0.737584423895745,-0.739708133563889,-0.626033172532759,-0.625888233525003,-0.472263576220612
138_chr4,0,0.0213160201129975,-0.701898252687248,-0.701034768170969,0.408639467021761,0.408800563117298,0.0430881367563103,0.0428341166889426,0.274270993230503,0.273619931617804,0.274340960236786,0.277434481489916,0.277082606985606,0.274846954630548,0.272874653339208,0.363601420254513,0.362149682337378,0.436896500906406
139_chr4,0,0.242069710955924,-1.43212073300701,-1.43300150732902,-0.339731170589584,-0.338021803335804,-0.259962501858589,-0.260710552711124,-1.20490314111802,-1.20895185099912,-1.2040022886679,-1.19762595058414,-1.19585520866149,-1.19989570510942,-1.20403316201571,-1.02968399212789,-1.03087107257526,-1.042727468105
140_chr4,0,0.148401954233809,-0.808659550627484,-0.808719235494828,0.165125223688942,0.166209790790617,0.137075451476677,0.136523698914649,-0.285062783269327,-0.287005598566982,-0.284853589479415,-0.280115085235981,-0.2797360818492,-0.282747548672824,-0.285926613066623,-0.153564022995832,-0.155327075121584,-0.153542033662518
141_chr4,0,0.0912655646183206,-0.83203550529437,-0.83169857443411,0.231976654252179,0.23263872365014,0.0337251869112226,0.0333103236522319,-0.100095295452962,-0.101608522685003,-0.0998715218239603,-0.0958168470971104,-0.0956546739595683,-0.0983772472039743,-0.101022799131965,0.0141011866496448,0.0125836220583175,0.0524297524357693
142_chr4,0,-0.180972760452147,-1.4797293389063,-1.47764113893978,0.230180834897644,0.228774854942982,-0.917778492680617,-0.917518334223108,0.281515569183323,0.280913304213453,0.282388707316835,0.283603938032791,0.283572781912757,0.281776581360412,0.281605175760221,0.325715956831187,0.326160985887781,0.586868455086212
143_chr4,0,0.00195614539377209,-1.89131589710606,-1.89062311706974,-0.274379643120125,-0.274482803845041,-1.00325841315513,-1.00341585740057,-0.763903780789745,-0.7669116641035,-0.762551366547838,-0.7587669258264,-0.757342186971405,-0.760471566603662,-0.762412646679958,-0.653021397050424,-0.652643163956195,-0.477956733223622
144_chr4,0,-0.0112136763566815,-1.72665807738165,-1.72582996809252,-0.157407470395375,-0.157590586868445,-0.881525975087636,-0.881659090578389,-0.562830497193902,-0.565379208229925,-0.561658586418852,-0.558164555102348,-0.557056066804283,-0.559976139747683,-0.561772722128777,-0.459881875003271,-0.459698462897414,-0.28876663640984
145_chr4,0,0.0361474077826881,-2.28078069784929,-2.28042944033047,-0.555354432240126,-0.555246116634279,-1.28675661226119,-1.28697883344723,-1.25050480130041,-1.25462426069523,-1.24872487337396,-1.24421616407972,-1.24202991105989,-1.24567078193966,-1.24798219229116,-1.1199070416885,-1.11907922413333,-0.937445937758993
146_chr4,0,-0.106056268141604,-1.90034165278953,-1.89889001755222,-0.126998743834955,-0.127897003123227,-1.16853484521021,-1.16843500353322,-0.381470935114885,-0.383592233398344,-0.380128981113797,-0.37766473313837,-0.376704960952715,-0.379258693731097,-0.38018675408001,-0.304113258002761,-0.303322937327662,-0.0592753002774633
147_chr4,0,0.117333219560438,-1.29507346494536,-1.29503980629515,-0.081451104254942,-0.0806448292583875,-0.324598911849152,-0.325056104866297,-0.625852153896429,-0.628564665604936,-0.625122835473435,-0.620386260943354,-0.619383399935735,-0.622635349312203,-0.62558426921348,-0.492770300335253,-0.49369951634442,-0.436319613488398
148_chr4,0,0.156470246628213,-1.33375081421923,-1.3340029497788,-0.159906888224556,-0.158816818114943,-0.30061899778195,-0.301167633287433,-0.803506583835343,-0.806629183449404,-0.802728118813077,-0.797480431188649,-0.796243409849266,-0.799739144262388,-0.803060429621125,-0.657304122918952,-0.65832063616187,-0.622982581301626
149_chr4,0,0.208325237439188,-1.71478034879998,-1.71549630863663,-0.460826963864637,-0.459394678283128,-0.551131924434785,-0.551787707584925,-1.34616426045975,-1.35052868365571,-1.34496409590906,-1.33878167743224,-1.33671800130357,-1.34081352413405,-1.34466992229277,-1.17492546336992,-1.17557007151966,-1.14514079440259
150_chr4,0,0.188186065447655,-0.835286052374437,-0.835632979756004,0.0929518002042085,0.094326155347936,0.17231440650927,0.171669160451061,-0.453830423885445,-0.456163229593725,-0.453584992480563,-0.448336834318197,-0.447739670581353,-0.450988302309186,-0.454544282457067,-0.309288579818997,-0.31115913462661,-0.332715297795555
151_chr4,0,0.122387535551193,-2.26494532195021,-2.26519772740431,-0.667873653521768,-0.667129624577388,-1.14740914875447,-1.14783716078558,-1.54780991608066,-1.55261897379986,-1.54603096656717,-1.54047491682719,-1.53793093335389,-1.542024174587,-1.54514331594191,-1.3906453144451,-1.39015927665956,-1.26454162665101
152_chr4,0,-0.146544847756615,-2.07774100371033,-2.07604984602726,-0.175687113766119,-0.176901252717715,-1.37944167080463,-1.37923799258746,-0.400253296713569,-0.402410819249146,-0.39872710693365,-0.396621846425966,-0.395563879203437,-0.398047879448279,-0.398618234852398,-0.33142465409658,-0.330222586917393,-0.0473547272949775
153_chr4,0,-0.0797263543987219,-1.93372287726316,-1.93246541425953,-0.184177064637941,-0.184885151724276,-1.15870249793931,-1.15866386262088,-0.507848261186309,-0.510261040619989,-0.506465284515384,-0.503651431121739,-0.502522598942889,-0.505246518711788,-0.506426024166628,-0.42149274579942,-0.420750273137941,-0.190989292145799
154_chr4,0,-0.0701891695107947,-2.09730226593182,-2.09615425375769,-0.295367158688771,-0.296021888863847,-1.28481051957978,-1.28478761877302,-0.694772044426455,-0.697611251806425,-0.693210410367882,-0.69015162702763,-0.688724345912343,-0.691637052530886,-0.692926811215786,-0.601642325561139,-0.600693215920928,-0.364946711379789
155_chr4,0,0.109381697316618,-1.28871740473013,-1.28862606875915,-0.0664082755689122,-0.065659813562639,-0.330756671058516,-0.331195221771333,-0.591157403245746,-0.593789778189398,-0.590436445874406,-0.585802541918164,-0.584844903518771,-0.588048583429027,-0.59092203947081,-0.460706428161563,-0.46161568713282,-0.399646852213527
156_chr4,0,-0.194633748820285,-1.93099166642911,-1.92892372192004,-0.0200219079386276,-0.021574584665039,-1.3239725597368,-1.32366073856916,-0.0895115134298483,-0.0909549913497609,-0.0881530000627642,-0.086753244904636,-0.0861383727823584,-0.0882395482050962,-0.0883398066304357,-0.0391069258030541,-0.0379442938980423,0.264696966517862
157_chr4,0,0.00266635064831799,-1.75886284587439,-1.75814086809473,-0.196274133653575,-0.19635849653873,-0.888846450522411,-0.889011210875505,-0.643061804089105,-0.645795110279412,-0.641852473263796,-0.63816273762599,-0.636942254249302,-0.639964302595577,-0.641895285304178,-0.535030954912886,-0.534851169606319,-0.370374500702861
158_chr4,0,-0.11088346001217,-1.72215606423437,-1.7206243987772,-0.0137465966149366,-0.0146620849749819,-1.02305417447175,-1.02295042128756,-0.19798105791566,-0.199684486724949,-0.196832672731841,-0.194566884904772,-0.193907541572991,-0.196285660711675,-0.197145842591416,-0.126265484085205,-0.125720782626114,0.108269692726673
159_chr4,0,-0.0444401077518705,-1.61841803711985,-1.61732782397911,-0.0457639805063776,-0.0461803038380138,-0.837340811138223,-0.837399497403685,-0.341749169423025,-0.34379002177301,-0.340700514258699,-0.337699288679527,-0.336907670540833,-0.339557490153874,-0.341028398361512,-0.251689255827374,-0.251543211657906,-0.0674535121905948
160_chr4,0,0.13042453679455,-1.31293114032847,-1.31299435020634,-0.11063315936863,-0.109732459334748,-0.320789124290409,-0.321276695758806,-0.68986175200439,-0.692721858618942,-0.689110674131224,-0.684199290410966,-0.683110398561214,-0.686448023310267,-0.689522122064096,-0.552276898549593,-0.553228041263122,-0.502858651609186
161_chr4,0,-0.0320187953014025,-1.5698011105807,-1.56878587889232,-0.0342952108970549,-0.0346152220624023,-0.777607953152737,-0.777698248291986,-0.341397289220824,-0.343439326806053,-0.34039887644548,-0.337282984311221,-0.336512398494462,-0.339188484476812,-0.340769866399258,-0.248586057862391,-0.248557746729091,-0.0759497458396745
162_chr4,0,0.112749773935692,-2.13789438861875,-2.13804606702362,-0.578358595380814,-0.577672406888623,-1.05271514734048,-1.05312563382806,-1.39455723192863,-1.39901638472048,-1.39291746182368,-1.38757905299856,-1.38527676537983,-1.38921133454153,-1.39222390203656,-1.24335066601074,-1.2430168882091,-1.1206296736438
163_chr4,0,0.222813462786583,-1.3867823550796,-1.3875157191186,-0.285416143502853,-0.283843712960432,-0.249241973640999,-0.2499461504866,-1.09298088465467,-1.09677210224526,-1.09213265952356,-1.08602834396495,-1.08441400955509,-1.08831247837964,-1.09226339351102,-0.924827791628657,-0.926010815640121,-0.928960336727522
164_chr4,0,0.242807861539892,-0.884123042159332,-0.884867511603806,-0.013473520929852,-0.0117025584897441,0.210184577919005,0.209411491177119,-0.696982578435817,-0.699876832182965,-0.696674116525515,-0.690716637049447,-0.689800719946098,-0.693385274866975,-0.697460297783668,-0.534248230558252,-0.536248226279611,-0.588946123019675
165_chr4,0,-0.105201896091134,-1.87663946459393,-1.87518772979289,-0.11405059218386,-0.114940140213681,-1.14700023176267,-1.14690342909453,-0.362478192104371,-0.364556453781866,-0.361161706428452,-0.35870546898339,-0.357779021941563,-0.360317475039341,-0.36125055716657,-0.285403648178525,-0.284651524175223,-0.0428934560546717
166_chr4,0,-0.0190290679876992,-1.90963328353076,-1.90879734635338,-0.25563875864448,-0.25589809298621,-1.04954733145205,-1.04965408518065,-0.705035914165817,-0.707906628884136,-0.703667622380333,-0.700126740962728,-0.698766401292289,-0.70179784305232,-0.703544205010762,-0.60028255008043,-0.599799765601132,-0.410417191128591
167_chr4,0,0.202967989366374,-1.3635257356823,-1.36411323911084,-0.243456457727926,-0.242027559545176,-0.258282265017895,-0.258940228326679,-0.99950098418862,-1.00307653736277,-0.998681620525014,-0.992839324261786,-0.991349433534991,-0.99512122609381,-0.998882862106324,-0.838085603303193,-0.839229748768002,-0.831270840891741
168_chr4,0,-0.128409500172138,-2.63484345225158,-2.63342395597894,-0.534077237700628,-0.535215135520124,-1.82985262609476,-1.82966841493168,-0.984950810608611,-0.988440330231312,-0.982818852631778,-0.980055708836557,-0.978044944531551,-0.981094436836753,-0.981905587849794,-0.89753158878381,-0.895572819590429,-0.583196302801357
169_chr4,0,-0.044063829902194,-1.5891676803831,-1.58807256577308,-0.0288258715793783,-0.0292364302261907,-0.811754488460113,-0.811815312308937,-0.315856991897574,-0.317839047860626,-0.314839893575678,-0.31185688581876,-0.311109401228373,-0.31373670314656,-0.315207441878403,-0.22635826417754,-0.22625685444733,-0.0445613985319033
170_chr4,0,0.0711676249146219,-2.91514283945761,-2.91520218492122,-0.983771120184992,-0.98347033438791,-1.77867080563192,-1.7789493715729,-1.96828612435471,-1.97404279729937,-1.9658137295398,-1.96037932638117,-1.95704440228594,-1.96140677953115,-1.96412730220556,-1.81203167299746,-1.81039526132898,-1.60430028321529
171_chr4,0,0.0430567679569976,-1.95926168167612,-1.95887609155992,-0.373093827662358,-0.372901755629306,-1.00146727629573,-1.00171958995773,-0.97593405555185,-0.979430481660191,-0.974500480306752,-0.970157942525963,-0.96844450273844,-0.97185283461693,-0.974188421714486,-0.850638676427776,-0.850311717379586,-0.696759726599749
172_chr4,0,0.158830055725732,-1.32824401786855,-1.32851136149898,-0.159955543820831,-0.158847558521221,-0.292463238047205,-0.293017720190227,-0.806914639719962,-0.810045363451282,-0.80614168723798,-0.800869302852757,-0.799630437328397,-0.803134291946376,-0.806477037245833,-0.660102945534191,-0.661136311906909,-0.627704799832441
173_chr4,0,-0.0166300512436662,-2.2531621892179,-2.25243186620713,-0.464210850810106,-0.464487756624579,-1.34009898428597,-1.34019685004696,-1.03379648834726,-1.03741490498616,-1.03205630295117,-1.02821768260841,-1.02630877660422,-1.02964149133435,-1.03145386177533,-0.920322876232003,-0.919341055815906,-0.706175834534551
175_chr4,0,0.0158570498093973,-2.93466905536429,-2.93434365789448,-0.917202776585857,-0.917310669400552,-1.87606260745736,-1.87620879025592,-1.78633838245747,-1.79167262343104,-1.78385522859285,-1.77908522584956,-1.77596506165094,-1.78004517291998,-1.78224883897562,-1.64690530253742,-1.64503583526012,-1.4023246100508
176_chr4,0,0.0421988414472995,-1.24240780970529,-1.24183106391508,0.0562737523043009,0.0565329913560859,-0.389112216569921,-0.389392943334641,-0.30490797746957,-0.306878930839565,-0.3042496692037,-0.300477461416168,-0.299890334628977,-0.302692388063501,-0.304929181547563,-0.196513897289313,-0.197243607742117,-0.0959579645999855
177_chr4,0,0.0368490961492568,-1.59639309283213,-1.59587005417494,-0.147583830295845,-0.147400208106015,-0.699916842506414,-0.700169807022919,-0.61537231448478,-0.618048141517076,-0.614332257065263,-0.610349360682561,-0.609231664536373,-0.612301926752574,-0.614533296731187,-0.500435435729172,-0.500622045282275,-0.36985517510082
178_chr4,0,0.0195765288999898,-1.5639038096623,-1.56325065809216,-0.103748859798287,-0.10368890606945,-0.697301307179856,-0.697514569922155,-0.522600019852137,-0.525062202142626,-0.521598325185985,-0.517853042344711,-0.516862834746672,-0.519812564466081,-0.521877644486705,-0.41381151839494,-0.413982397739527,-0.274623663600604
180_chr4,0,-0.165301577734956,-2.74710542322489,-2.74545492969355,-0.548947968679695,-0.550368626121345,-1.97975773066257,-1.97948100426099,-0.956055976273811,-0.959473918023162,-0.953809539799841,-0.951412055657917,-0.949389141029903,-0.952333651471184,-0.952812621226805,-0.877553939719213,-0.875293003755433,-0.531182446908282
181_chr4,0,0.0607563345288311,-0.733424922128419,-0.7328475226655,0.334025591226887,0.33447344530965,0.073631214152979,0.0732847264647422,0.102181696076685,0.101133148409712,0.102293134702609,0.105895911867917,0.105768345845988,0.103293272300153,0.100946663014168,0.204561533155869,0.203010806412969,0.254996080983428
183_chr4,0,0.272580931401184,-1.8422781047737,-1.84347981093641,-0.627859962481629,-0.62596829773692,-0.566540787834641,-0.567343983750525,-1.69746804716494,-1.70264130174396,-1.69611799584061,-1.68904645027301,-1.68649811528592,-1.6910475992893,-1.69552345264495,-1.50320272736085,-1.5038960448931,-1.50494060444341
184_chr4,0,-0.0887327192937314,-1.5534615423614,-1.55204241660201,0.0556795136925279,0.0549441817521132,-0.846346640325952,-0.846302738185897,-0.120953936638327,-0.122485812098104,-0.119983807799765,-0.117577567656138,-0.117084127967204,-0.11944026879433,-0.120487077781727,-0.0462345701635822,-0.0460210487280124,0.161453433199553
185_chr4,0,-0.0706977733174369,-2.36325487511686,-2.36217195435468,-0.453492873427019,-0.454178602383267,-1.51320023194277,-1.51316482315233,-0.940730439437067,-0.944128663184453,-0.93888133631189,-0.935621121443154,-0.933779646256317,-0.936912817142584,-0.938231464265238,-0.841588596159067,-0.840244409795691,-0.584581195608533
186_chr4,0,0.163381963976169,-0.815458859831497,-0.815625867686607,0.139876632670908,0.141070645078573,0.153105797191128,0.152518704225379,-0.345603082091068,-0.347685907935603,-0.345383732280032,-0.34045584629368,-0.339999750660381,-0.34309780986874,-0.346418386886136,-0.209268041036861,-0.211076341551748,-0.218317719066714
187_chr4,0,-0.0406781277129209,-1.52505188933703,-1.52396407816366,0.00467975790119746,0.00430066465648493,-0.751934698356941,-0.752006298730304,-0.268368873060029,-0.270243523007246,-0.267420466876035,-0.26444592382879,-0.263783819290011,-0.266375591052434,-0.267870003517249,-0.179300428333446,-0.179306309764942,-0.00448770453265368
188_chr4,0,0.117477227618624,-1.29518857798426,-1.29515596391377,-0.0817235412150956,-0.080916219181733,-0.324487390190868,-0.324944920834189,-0.626480501968313,-0.629194465014004,-0.625751032120375,-0.621012598148854,-0.620008918125732,-0.623261741698597,-0.62621202830722,-0.493351001215924,-0.494280578662081,-0.436983784822838
189_chr4,0,0.174173109444252,-0.82408477676707,-0.824330059490745,0.119461755163827,0.120734226559462,0.161462596474099,0.160850203721503,-0.392687915632395,-0.394879496437349,-0.392457218896595,-0.387389996936121,-0.386872528935514,-0.390036095453743,-0.393459085752573,-0.252782464852409,-0.254617849401346,-0.268086944316762
190_chr4,0,-0.159723104046051,-1.73910925657456,-1.73723778575782,0.0452061111557071,0.0439297861604779,-1.10880481763714,-1.10858418142632,-0.0370509655518294,-0.0383807725810876,-0.0358933920998026,-0.0342145000852194,-0.0337452432320964,-0.0358738772228495,-0.0362776343817743,0.0198045173018966,0.0205545818933208,0.286856210660172
191_chr4,0,-0.0419935146029827,-2.72346254739588,-2.72267492617245,-0.709232541240426,-0.709744138925826,-1.77965869721713,-1.77967625769674,-1.38021671109943,-1.38461853564546,-1.37797275603427,-1.37407854285846,-1.37154570483379,-1.37513618431082,-1.37676993919923,-1.26375203857081,-1.26198126704814,-0.998036872703432
192_chr4,0,-0.0705555822890833,-2.58662552533969,-2.58560128654352,-0.587106209158333,-0.587813787351127,-1.7041917305314,-1.70414717062436,-1.1493684039241,-1.15324091351484,-1.1472777521325,-1.14384136091984,-1.14164948325953,-1.14497089395819,-1.14631915007432,-1.04499922249741,-1.04332531745186,-0.771296395464864
193_chr4,0,0.0771806074970539,-1.87248533462541,-1.87231781444916,-0.369529484820785,-0.369077619135425,-0.877414986383524,-0.877752148469686,-1.01855801519665,-1.02215678498515,-1.01721188003058,-1.0125177966976,-1.01078887858687,-1.01430863474474,-1.01695363718225,-0.884618669321758,-0.884545978329296,-0.759089844311334
194_chr4,0,0.0147402705259866,-1.57872037273643,-1.57803696505958,-0.105757967762585,-0.105735091815009,-0.71703819618127,-0.717239326666127,-0.51890522696893,-0.521358237576159,-0.517888417051887,-0.51419099126765,-0.513199034411228,-0.516135085695396,-0.518156632037823,-0.411283379436313,-0.411414499404205,-0.267888324064201
195_chr4,0,0.148312850714898,-1.31983707561334,-1.32002813143518,-0.140058911656242,-0.139027393610629,-0.300607894381729,-0.301137718989943,-0.761025086222629,-0.764049815811061,-0.760263192616124,-0.755126607067972,-0.75394755593226,-0.757387566187316,-0.760630498035101,-0.617693164519747,-0.618700134404766,-0.579198999708324
196_chr4,0,-0.255639125593586,-2.00460070182611,-2.00212184747864,0.0222991502957574,0.0202903799856423,-1.47596434665158,-1.47550429995585,0.0626517016693016,0.0615638614602501,0.064078385706609,0.0647859965769084,0.0652455361755109,0.0634119852894233,0.0638752080283522,0.0957112316424726,0.0972079013882048,0.44407170654253
197_chr4,0,-0.0746809461837574,-2.22145986868974,-2.22031226264763,-0.363169441743318,-0.363869923934072,-1.39763774588797,-1.39759888709252,-0.794201215347091,-0.797265721213432,-0.792506175312946,-0.789405632169631,-0.787803858798399,-0.790796515531619,-0.792059815207034,-0.699593493212952,-0.698444240021541,-0.450694022900405
198_chr4,0,0.0957812522759524,-1.2778458703268,-1.27765588189569,-0.0406787160547553,-0.04002913856051,-0.341289027396412,-0.341695691933514,-0.531814797521292,-0.534310104915771,-0.531108141062407,-0.526649846939602,-0.525769558207217,-0.528890677042721,-0.531635058167509,-0.405863730384021,-0.406738854432562,-0.336921016969088
199_chr4,0,0.178293360773562,-0.837747219005117,-0.838025065980366,0.105473967641245,0.106775333296917,0.155777876852845,0.155156264687388,-0.420326878001926,-0.422581944490086,-0.420080637302852,-0.414952117351113,-0.414394979807841,-0.417592260674915,-0.421055666668017,-0.278817588565051,-0.28064798430098,-0.295731034874705
200_chr4,0,-0.0425210478710891,-1.67049575361048,-1.66943251225807,-0.0795826523354917,-0.0799902033470707,-0.879118643438276,-0.87917968171409,-0.397216189833077,-0.39938343313098,-0.39611086580772,-0.393045391847169,-0.392163714038675,-0.394867603916332,-0.396363122693183,-0.305348547542185,-0.305132593264604,-0.118426757708543
201_chr4,0,-0.159908868169335,-2.60966438922527,-2.60801640850702,-0.474486183060953,-0.475853102770856,-1.8542461343346,-1.85398807306001,-0.84751011877551,-0.850682182523867,-0.845411282487179,-0.843054860586043,-0.84122324230297,-0.844081518683393,-0.844593725191496,-0.770512927696724,-0.768475100171872,-0.437919867994378
202_chr4,0,-0.0557564062952123,-2.00319874225744,-2.00212814086366,-0.259575659984896,-0.260114626357565,-1.18320846061242,-1.18322388519904,-0.659316893419329,-0.66207781287574,-0.657854308114169,-0.654691662078783,-0.65334771787387,-0.656259375557264,-0.657672736470347,-0.563863083919154,-0.563106382792423,-0.343471950699455
203_chr4,0,-0.146869133708424,-3.19072158723357,-3.18931554380175,-0.839976535756171,-0.841307135682501,-2.33259430925542,-2.33234257770262,-1.43608878256146,-1.44060085143688,-1.4333592306077,-1.43038883342168,-1.42758950988291,-1.4310058690401,-1.43171405901415,-1.34153663134281,-1.33868787457827,-0.973618365913502
204_chr4,0,0.00597606416273699,-2.02718848840628,-2.02655912328943,-0.361217776672333,-0.361305306957467,-1.11369788199595,-1.11385911524296,-0.90504781667227,-0.908377182457617,-0.903547736139185,-0.899607796950926,-0.897952467085214,-0.901217588678199,-0.903213611570149,-0.789757254807583,-0.789192980222321,-0.607053238559176
205_chr4,0,-0.0389011852803729,-1.68369898964121,-1.68266466761858,-0.0925884255986304,-0.0929707144477865,-0.885140179971613,-0.885209267017176,-0.422616636510382,-0.424842197064441,-0.421496358714212,-0.418376094058882,-0.417457685294407,-0.420192202224393,-0.421723380264166,-0.329312090653716,-0.329089979221952,-0.143713680984772
206_chr4,0,0.103796345032094,-1.74688852963847,-1.7468761438323,-0.332159524911791,-0.331499090779609,-0.731085069412283,-0.731490871436707,-0.997843349487465,-1.00139928554416,-0.996628034944009,-0.991704979248909,-0.990054673959137,-0.993612732274061,-0.996491740308616,-0.858505707751806,-0.858716961899301,-0.759441483447826
208_chr4,0,0.13024456171344,-1.9370601526679,-1.93728326002261,-0.483151116583353,-0.482315710882213,-0.85528826897638,-0.855748897911975,-1.27073669439798,-1.27491718180567,-1.26931080364224,-1.263914251933,-1.26184884685993,-1.26570932306512,-1.26886073327924,-1.11872621643788,-1.11875394768004,-1.02228931869141
209_chr4,0,-0.0727097353707582,-2.12281800779526,-2.12165882147668,-0.307041840395645,-0.307717718590034,-1.31032785114936,-1.31029787132546,-0.709425432613466,-0.712297546359984,-0.707836681208292,-0.704788945090471,-0.703332889593069,-0.706253401231198,-0.707522723281994,-0.616490881158464,-0.615494742593048,-0.376265356245894
210_chr4,0,0.0553206865482728,-1.91100480563038,-1.91069318075346,-0.361617488491419,-0.361330298452103,-0.942272191387115,-0.942555724273158,-0.975348119841588,-0.978845173990592,-0.973964427140217,-0.969508875675537,-0.967816602550156,-0.971250653122288,-0.97369528168933,-0.84734222541412,-0.84713188604128,-0.704934965204104
211_chr4,0,0.0595971501293516,-2.60122285323294,-2.60111959713037,-0.779911478577501,-0.77966359029843,-1.52684134900629,-1.52710573117312,-1.63392648908036,-1.63892126692613,-1.63179568975207,-1.62674860159863,-1.62395656072887,-1.6279929933255,-1.6305651416932,-1.4885696660282,-1.48735465706211,-1.29702790174626
212_chr4,0,-0.000263235248478932,-1.65373088076696,-1.65296110987204,-0.129338559634245,-0.12943368697065,-0.803129683362016,-0.803291942085211,-0.534505415212749,-0.536991489437907,-0.533410307922458,-0.529838667684146,-0.528795802886434,-0.531713796817459,-0.533603965287127,-0.429828931420071,-0.429793764072957,-0.271199140953248
213_chr4,0,-0.0337744926176703,-2.31432195784303,-2.31348660738797,-0.476490715960347,-0.476899946876854,-1.41745747645142,-1.41751196674732,-1.0287444165724,-1.03234860921614,-1.02694131084572,-1.02326559953509,-1.02133697052914,-1.02462844300261,-1.02628758045408,-0.919206201633599,-0.91807066803397,-0.689495767049436
214_chr4,0,0.0283562195351365,-1.58023458952622,-1.57964752727457,-0.125920626183948,-0.125797792637266,-0.698473628326033,-0.698707079382962,-0.569585343398852,-0.572155732989717,-0.568564347372875,-0.56469842833129,-0.563643705480697,-0.566654548081359,-0.568804130477318,-0.457675866127925,-0.457855012632806,-0.322877071846851
215_chr4,0,-0.173705610827648,-1.58632151018114,-1.58431204810293,0.15623811836979,0.154874645626949,-0.998418234160587,-0.998170831992971,0.155903189503969,0.155014228722719,0.156892942009542,0.158280707749135,0.158448696416837,0.156523794879709,0.156270663473023,0.204846519815458,0.205422312939537,0.469360698838949
216_chr4,0,0.143193705326336,-1.76840338304114,-1.76867419427917,-0.400732905863511,-0.399785003392924,-0.692034817513106,-0.692533410319551,-1.16044880438223,-1.16438066153564,-1.15920285164959,-1.15377888603779,-1.15192014010161,-1.15570898488782,-1.15896063032692,-1.00830747477002,-1.00863236119798,-0.932828697358316
217_chr4,0,0.139117009191005,-2.37765881566434,-2.37805822264571,-0.758855860486399,-0.758000378939662,-1.21948649446135,-1.21994950843043,-1.71336516220184,-1.71855322364287,-1.71146120826217,-1.70561157171668,-1.70281688710553,-1.70709505947771,-1.71038554617427,-1.54836033674301,-1.54776941631991,-1.42448795030873
218_chr4,0,-0.11245769328618,-2.06351486345873,-2.06206025147527,-0.215402827021497,-0.216364878194906,-1.31754379800913,-1.31742179885873,-0.510342466316516,-0.512755684477478,-0.508825277748978,-0.506312268344623,-0.505125380556847,-0.507781497428462,-0.50867010701997,-0.431197912309584,-0.430142715494426,-0.170002468714718
219_chr4,0,0.112476635436032,-1.70457274101426,-1.70461060001446,-0.319162960751486,-0.318434366584267,-0.682202589862177,-0.68263083522678,-0.989825619696381,-0.993364717575533,-0.988654434667693,-0.983657761025576,-0.98203521490763,-0.985604628092679,-0.988559781809279,-0.848758838695209,-0.849064699403503,-0.758427399961828
220_chr4,0,-0.0122640505466407,-1.80098762449838,-1.80017130676186,-0.200316518224657,-0.200514976211628,-0.94668205876392,-0.946809518294429,-0.628285560098689,-0.630982891733651,-0.627033476283175,-0.623494308208768,-0.622274087754223,-0.625250872922772,-0.627047001534606,-0.523940299294994,-0.523643116642111,-0.346567249119156
221_chr4,0,0.0187920436829375,-1.82581235603036,-1.82522130739999,-0.259068979807199,-0.259041638806401,-0.92263182732582,-0.922832097714696,-0.763792122545496,-0.766802442667982,-0.762507383145297,-0.758567216756605,-0.75717037130633,-0.760335681520164,-0.762426547750721,-0.649171494663307,-0.648952257796257,-0.489799286317621
222_chr4,0,-0.0568118738324988,-1.93970522694478,-1.9386107918308,-0.22016014923943,-0.220700368192491,-1.13039936457289,-1.13041497613328,-0.596338218272682,-0.598955809759656,-0.59494448362987,-0.591844388823224,-0.590604549515468,-0.593457218843905,-0.594852632730801,-0.502687306591408,-0.502020581400787,-0.28639255672821
223_chr4,0,0.0246341567044209,-1.64408151023207,-1.64348470471149,-0.158789922727158,-0.158701000153864,-0.758553900356312,-0.758775786292853,-0.615605825194619,-0.618280230902782,-0.614516490715056,-0.610646450074338,-0.60950826015245,-0.61255259104216,-0.614675307477117,-0.503377354812222,-0.503448365944457,-0.361399456156252
224_chr4,0,-0.128441018709461,-2.1062766830822,-2.10472047546649,-0.218336450331837,-0.219420403645705,-1.37746052687189,-1.37729869550473,-0.49234977682291,-0.494719540727688,-0.490789343560075,-0.488439342437361,-0.487256390392904,-0.489862093394557,-0.490606043291439,-0.41720487609249,-0.416027453072514,-0.142571412264391
225_chr4,0,0.0302422392257632,-1.65835192209329,-1.65779832287228,-0.175245205105363,-0.175116511140124,-0.762588822585015,-0.762823440843522,-0.649194968884276,-0.651946623642823,-0.648089154552033,-0.644139058904819,-0.642953648007508,-0.64604023717578,-0.648217415971365,-0.534883877702124,-0.534954493708637,-0.395421014986137
226_chr4,0,0.179351288758359,-2.06820889387741,-2.06881193242286,-0.630938183043868,-0.629755156880914,-0.895919078741136,-0.89649093422887,-1.57062577234016,-1.57549579731795,-1.56904888296054,-1.56294650143753,-1.56045791526564,-1.56469361875488,-1.56832270793319,-1.40023533967623,-1.40025045788509,-1.32535589613271
227_chr4,0,0.0344616802644574,-2.35361702306949,-2.35327269404918,-0.596472988363108,-0.596384532728146,-1.35156128894146,-1.35177640644459,-1.31226954552458,-1.31652913537179,-1.31041117805608,-1.30586630518392,-1.30357347638843,-1.30726637560853,-1.30957117765071,-1.18050822669729,-1.17956650075902,-0.991495094980388
228_chr4,0,-0.0514438693752982,-2.00664597456126,-2.00560665467152,-0.267734192665713,-0.268241803953482,-1.17986877757815,-1.17989431288611,-0.678133717232477,-0.68093809915387,-0.676666597280637,-0.673448267487261,-0.672079796636807,-0.675017633440219,-0.676471922451118,-0.58125304125115,-0.580507163896291,-0.363361555746589
229_chr4,0,-0.0701616255247521,3.02758758951015,3.03005878295166,2.76552844722671,2.76539920289706,3.10198914905713,3.10179426695998,4.0801949318676,4.08820988431961,4.0762152258025,4.07527234450491,4.06867478212216,4.0700631792263,4.06942186269597,4.05441905156068,4.04779113713308,3.90595971463369
230_chr4,0,-0.0519730089769406,-1.59263305064154,-1.59148309325206,-0.0197089623370088,-0.020178029303525,-0.826257348717084,-0.826299213735332,-0.290466482864651,-0.292389558665517,-0.289447118134867,-0.286558591134827,-0.285840762147702,-0.288428266232188,-0.289825181859493,-0.203357519821576,-0.203221788819955,-0.0162407677277674
231_chr4,0,-0.0298792208067608,-1.59078039201159,-1.58978565572617,-0.049851665096385,-0.0501580951020377,-0.792444762103763,-0.792539254871854,-0.368686574295738,-0.370790986157829,-0.367665076915618,-0.364506511374278,-0.363693584209546,-0.366398830637293,-0.368002957216671,-0.274720329113871,-0.274668899591115,-0.101876091672474
232_chr4,0,-0.160482707461464,-2.62874804851499,-2.62710095171273,-0.485072616302596,-0.486445711239107,-1.87141822402994,-1.87115798718657,-0.863214698784001,-0.866422369519614,-0.86109533549278,-0.858731062503452,-0.856872106810161,-0.859743301360874,-0.860252535493731,-0.785953924287592,-0.783885764008254,-0.45155963851993
233_chr4,0,-0.0261822603084441,-2.33578364188462,-2.3350073374114,-0.500047479672682,-0.500403087592407,-1.42475377296822,-1.42482540929162,-1.07621359712678,-1.07992690717193,-1.07438586447884,-1.07060010158444,-1.0686041900334,-1.07195466990787,-1.07368780978065,-0.963806216270365,-0.962666980343079,-0.737339641689538
234_chr4,0,0.0502589826705127,-1.66456475002582,-1.6641538172553,-0.207267416129991,-0.206992183593759,-0.738709711628337,-0.73899167484183,-0.727414221134366,-0.730346878104355,-0.726297942066466,-0.722097032001529,-0.720813106278371,-0.72401299186984,-0.726378900514662,-0.606707398929049,-0.606842724240073,-0.479582251418504
235_chr4,0,-0.086606716190466,-1.87945010905868,-1.87813014412574,-0.142030141140691,-0.142783254093905,-1.12228249058893,-1.12222979628596,-0.432383570492952,-0.434623708603268,-0.431060564841184,-0.428373637695192,-0.427360308728749,-0.430001526990889,-0.431109560821244,-0.349436216058602,-0.348748583430366,-0.118610047314992
236_chr4,0,0.0485816966997028,-1.97555072641174,-1.97520827785493,-0.390637163700384,-0.390406138575748,-1.00735138164689,-1.00761614409719,-1.01110314930232,-1.01468040261815,-1.00965092710087,-1.005227779754,-1.00346432688992,-1.00691616226314,-1.00930568648007,-0.883704280850062,-0.883373635242796,-0.732135472909713
237_chr4,0,-0.0787656519372029,-1.9976369134588,-1.99640272493529,-0.223709704408847,-0.224417278787623,-1.21200977547389,-1.21197070992267,-0.570875845540507,-0.57343204897621,-0.569423581253857,-0.566548012708183,-0.565314837486704,-0.568097586856244,-0.569294202787352,-0.482737271637584,-0.481903851479575,-0.248045211581754
238_chr4,0,0.0617753492884852,-1.70332150843472,-1.70300174185722,-0.246704237613539,-0.246348302125124,-0.755086220292372,-0.755393928168273,-0.805197385282284,-0.808308694689909,-0.804037044217388,-0.79966435772915,-0.798268661546785,-0.801563258758082,-0.804042203927749,-0.679994520276467,-0.680115059767051,-0.557323750907435
239_chr4,0,-0.0278706234721446,-1.91443845938831,-1.91354145475304,-0.246003328853416,-0.246328164242976,-1.06655702355795,-1.06664254392409,-0.677519955582397,-0.680326709688583,-0.676148123245728,-0.672712133243409,-0.671383486849972,-0.674371220813141,-0.676035174885081,-0.575416465485216,-0.574893936889365,-0.379534096644771
240_chr4,0,-0.0412311723715011,-1.83382594473184,-1.83281396936025,-0.178958995122205,-0.179373802953264,-1.01704316985059,-1.01710033738389,-0.554064928099891,-0.556588916541805,-0.552782759994052,-0.549573892429209,-0.548430737668275,-0.551278673211238,-0.552806977118427,-0.458004641036233,-0.45755197207547,-0.259633655060385
241_chr4,0,0.100386676915687,-1.81586597288776,-1.81584737015288,-0.368534968263031,-0.367906674047518,-0.795101252618256,-0.795496014581865,-1.04977454521218,-1.05344798318649,-1.04848528630056,-1.04355026394362,-1.04180707213858,-1.0454046115238,-1.04826033618238,-0.909901299226746,-0.909997986001669,-0.80347224726691
242_chr4,0,0.0516158328378246,-1.7253282183779,-1.72494253826673,-0.245478628835979,-0.245199647949284,-0.788742358234284,-0.789024967277353,-0.78893975328017,-0.792012483188757,-0.787757519026675,-0.783492486268035,-0.78210739376236,-0.785365603757078,-0.787751943638276,-0.666399252295286,-0.666449750521008,-0.535575678420735
243_chr4,0,0.0255960105374357,-1.78785484393423,-1.7873019426856,-0.246021622712602,-0.245940364265458,-0.880216778567075,-0.88043484439824,-0.753045705225176,-0.75603268461973,-0.751800734143208,-0.747806602441688,-0.746439014244356,-0.749609205806536,-0.751759151996927,-0.637180819913448,-0.637042819369648,-0.485013596210521
244_chr4,0,0.13239499047632,-1.74000786396097,-1.74019524197925,-0.368499564427959,-0.367628150284849,-0.68348044239229,-0.68395455726773,-1.09491644513041,-1.09869761232133,-1.09370321684602,-1.08843411821189,-1.08666773505451,-1.09037443929305,-1.09352109797323,-0.946806608703023,-0.947133611633545,-0.866553880532055
245_chr4,0,-0.28167133838926,-3.31298780837892,-3.3106633580667,-0.722339366006601,-0.724673646210236,-2.63387786481846,-2.63330031835297,-1.06222789021327,-1.06586857789934,-1.05939137089202,-1.05798192656886,-1.05558907746328,-1.05838017727977,-1.05783814363915,-1.00693980889624,-1.0034126451669,-0.543600891027654
246_chr4,0,0.00513395920343807,-1.57104155460071,-1.57028846639194,-0.0875845801898993,-0.0876315486779042,-0.724477444944036,-0.724656053479805,-0.476990161426895,-0.479346358029461,-0.475983452577635,-0.472410064111754,-0.471472741127955,-0.474350477600747,-0.476280855320906,-0.372546703758109,-0.372653713434493,-0.223583604658086
247_chr4,0,-0.0856222331110512,-1.61562678206838,-1.61424562917761,0.0141507417383921,0.0134319082783918,-0.895021249062873,-0.894982104143305,-0.190131080943369,-0.191820702777432,-0.189093152965205,-0.186600147065266,-0.18599556715828,-0.188420677781047,-0.18950456087367,-0.112997819334522,-0.112703872157112,0.0973721617591572
248_chr4,0,0.108062063182743,-0.776413803368703,-0.776180877995616,0.241440934277058,0.242232202855786,0.105835730577006,0.105378554688791,-0.10904837767796,-0.110584640838258,-0.108881601415463,-0.104663968476396,-0.104514389724663,-0.107280974505781,-0.110077193479933,0.00910333433531463,0.00744152882754268,0.0325072722448994
249_chr4,0,0.0468596531294283,-1.67163507469659,-1.67120201188139,-0.206682319017982,-0.206432805119269,-0.749720087471982,-0.749993665174687,-0.72170146690671,-0.724620594728864,-0.720578179309382,-0.716413518529996,-0.715133599590621,-0.718321064248435,-0.720655950480349,-0.60189225910715,-0.602004582141459,-0.472061239890052
251_chr4,0,-0.00820889303185812,-1.73957904501315,-1.73877544757386,-0.169374691597548,-0.169537039416357,-0.888203073818832,-0.888342787133419,-0.585742281037843,-0.588343553954489,-0.584555836837978,-0.581014793253869,-0.579872744244391,-0.582819886164091,-0.584646316908193,-0.481555404660273,-0.481363982067733,-0.311391295649153
252_chr4,0,-0.104453502197486,-2.21249561792342,-2.21113588370994,-0.315705367365971,-0.316623836828899,-1.43339188308613,-1.43328259247751,-0.678116980865597,-0.680912853026158,-0.676437206818808,-0.673709504680767,-0.672253827423042,-0.675078201175093,-0.676060822367448,-0.593015739745667,-0.591769830117379,-0.325744579750074
253_chr4,0,0.021999849502091,-1.73238031535197,-1.73178774629311,-0.2078020670805,-0.207741563867451,-0.837977649792816,-0.838189519011346,-0.688345153812643,-0.691184485133376,-0.687160838379155,-0.683254215590526,-0.681989445016066,-0.685093659766242,-0.687202818598991,-0.574890601866224,-0.574821342205809,-0.424591862732398
254_chr4,0,0.0492219967682275,-2.0743849304042,-2.07407251565045,-0.450573340854396,-0.450347738012272,-1.09101667648105,-1.09127876314543,-1.10550788802438,-1.10929983877432,-1.10394868035763,-1.09944048591736,-1.09751943037391,-1.10105767334445,-1.10346571982159,-0.975615766159425,-0.975141362324456,-0.817029128720644
255_chr4,0,-0.128778862641883,-2.14894665730337,-2.14739908729127,-0.243344032753287,-0.244434843626225,-1.41447759818465,-1.41431315055045,-0.53088462636157,-0.53334193134793,-0.529278118948045,-0.526898948414624,-0.525650678825491,-0.528290369957071,-0.529036548832565,-0.454855157178316,-0.453613401294081,-0.176798912224222
256_chr4,0,0.106224963389113,-1.863042264269,-1.86307698725386,-0.404969489577241,-0.40430310410707,-0.82696688539227,-0.827373529287941,-1.11485641657443,-1.11867872774038,-1.11351505486154,-1.10847145273412,-1.10662849218206,-1.11029715032191,-1.11321366397398,-0.972065129139315,-0.972113620735962,-0.865825484665162
257_chr4,0,0.0392664590874942,-1.61723843036033,-1.61673781015118,-0.163453185288156,-0.163253925738979,-0.714233807465448,-0.714491636007903,-0.643541975045134,-0.646282221964917,-0.642478925848451,-0.638450047230625,-0.637288987318041,-0.640389797504203,-0.64264650342755,-0.527366432295988,-0.527531146985856,-0.396766012071071
258_chr4,0,-0.104382502482879,-2.63472973050944,-2.63347952810646,-0.567992865014525,-0.568954089967056,-1.79470867356425,-1.79458161432554,-1.07178645096727,-1.07547719994774,-1.06965011820667,-1.06659182294328,-1.06447466254782,-1.06765379518939,-1.06869052877282,-0.97686582341394,-0.974995921480085,-0.677909034884733
259_chr4,0,0.0403289804873501,-1.86518600944891,-1.86475690334554,-0.313047249284211,-0.312865591188145,-0.924920030214378,-0.925169852517263,-0.878409467661604,-0.881683770873539,-0.877078123433689,-0.872842567573863,-0.871288538433413,-0.874603184924883,-0.876901252020554,-0.75614888665713,-0.755950944297664,-0.607594805605125
260_chr4,0,-0.0234870873562968,-1.635166862721,-1.63422863482801,-0.0854032705191157,-0.0856672511008538,-0.821114527623123,-0.821222338140628,-0.433173150355497,-0.435425170733058,-0.432102463021676,-0.428830690676524,-0.427919906646892,-0.430696920912607,-0.432366683595982,-0.336180620752949,-0.336087165284051,-0.164089739996108
261_chr4,0,0.0366004213651281,-1.70321769027198,-1.70272048394813,-0.211035059340774,-0.210864214708783,-0.79171837561949,-0.791966210514116,-0.714005273043908,-0.716905266771019,-0.712849756867673,-0.708786497324243,-0.707502629633874,-0.710661205585215,-0.71290376237411,-0.596667379750759,-0.596695135854914,-0.457900135855399
262_chr4,0,-0.0256488684732527,-1.96461541803494,-1.96374702751982,-0.279114867164709,-0.279428509813167,-1.10626633980628,-1.10635501287765,-0.732311264352668,-0.735242921795329,-0.730884761707769,-0.727382288143359,-0.725965215805337,-0.729007059179717,-0.730698225324574,-0.628349612467936,-0.627761101392834,-0.430117672637356
263_chr4,0,-0.0127688052499597,-2.10276744104288,-2.1020254933292,-0.379846134512813,-0.380079235143713,-1.20573322396334,-1.20584666264094,-0.907639537635197,-0.910971799057819,-0.906061245458257,-0.902292621255454,-0.900602088526825,-0.903829428049163,-0.90565901619267,-0.796449641921784,-0.795704427817952,-0.596074840002006
264_chr4,0,0.184378057614205,-2.13250072956395,-2.13315579455994,-0.676447474898119,-0.675234078538897,-0.943618836765624,-0.944199916919986,-1.64871841346143,-1.65376675722819,-1.64707106681663,-1.64085671188386,-1.63824515563394,-1.64256196087117,-1.64624638591089,-1.47526625366019,-1.4752048762832,-1.39877085444626
265_chr4,0,-0.111806826706077,-2.20661772788858,-2.20520465545339,-0.301794219605364,-0.302766152753021,-1.43908639041741,-1.43895985997607,-0.646032336887216,-0.648754101019279,-0.644360294885205,-0.64172753935283,-0.640313682579687,-0.643093418206103,-0.644006252729878,-0.563364051695824,-0.562099686409426,-0.291830732060115
266_chr4,0,-0.0473081609708496,-1.99722341637423,-1.99621080853792,-0.267955902157923,-0.268432139403787,-1.16577084927623,-1.16580662146618,-0.684319384699569,-0.687138488450526,-0.682861678809486,-0.679599888061995,-0.678227827462099,-0.681180087139804,-0.682672014911978,-0.586365690042541,-0.585649011086112,-0.371827905352095
267_chr4,0,-0.0459839246887608,-2.25923335492641,-2.2582977368096,-0.426319135502245,-0.426812491255796,-1.38811230411598,-1.38814009514084,-0.93323635928307,-0.936621497579139,-0.931495104284243,-0.928012439147809,-0.926224228481294,-0.92940353996847,-0.930941066227614,-0.828789595594034,-0.827690435171636,-0.595408776374389
268_chr4,0,-0.0238205128276985,-1.96607691662875,-1.96522178831071,-0.28257378231452,-0.282874131570351,-1.10485043811234,-1.10494339775442,-0.740288899486944,-0.743238983402165,-0.738860474320102,-0.735334392908345,-0.733906922182627,-0.736959864532569,-0.738668382672341,-0.635722309155373,-0.635138386957949,-0.438550127211332
269_chr4,0,-0.10957713960561,-1.61689437468024,-1.61534473391986,0.0472752334109929,0.0463801388749299,-0.931047727425075,-0.930951553027529,-0.104631410340472,-0.106122851183111,-0.103596596014954,-0.101396954684523,-0.100896644276217,-0.10319347225364,-0.104052595717783,-0.0349502655636531,-0.0345660113148494,0.19083881041802
271_chr4,0,-0.0258098510892587,-2.62239308696628,-2.62169341670075,-0.671756965105507,-0.67213921131234,-1.66954007139914,-1.66960041763621,-1.34460674182437,-1.34893020634292,-1.34246903975003,-1.33845488873763,-1.33600852915427,-1.33960156740977,-1.34137448253693,-1.22543277490614,-1.2238711744265,-0.977665624908461
272_chr4,0,-0.0978558778187516,-2.1882342133017,-2.18691470901096,-0.310546413161091,-0.311413886137222,-1.40300128981869,-1.4029087220335,-0.679385129992758,-0.682184939229845,-0.67773035381905,-0.674940526646874,-0.673493575425722,-0.676333211325007,-0.677374708695901,-0.592786281269933,-0.591600597134351,-0.33155884221495
273_chr4,0,0.03491582643499,-1.76353175872874,-1.76303825532355,-0.244676069613116,-0.24452379313691,-0.845802705765264,-0.846043971645744,-0.764106623691689,-0.767120235535982,-0.762886207593537,-0.758796549128252,-0.757425708997616,-0.760625809639879,-0.762860183705439,-0.645895374757693,-0.645827740261171,-0.501517879723321
274_chr4,0,-0.0503698487137142,-1.74867890363345,-1.74758053900829,-0.11517770732363,-0.115650981028822,-0.957489721535276,-0.957528770400054,-0.441661729128927,-0.443928748967464,-0.440473337946371,-0.437443256050561,-0.436473966908773,-0.439201094616927,-0.440632814862338,-0.350431297557881,-0.350070777979857,-0.152613176683293
275_chr4,0,-0.00510272201154471,-1.76331576995194,-1.762540191763,-0.187945224200167,-0.188087166477625,-0.903990264608219,-0.904136357413698,-0.619098413320571,-0.621776005778107,-0.617885722056311,-0.614287974391748,-0.613094978770846,-0.616078814640606,-0.617937414750501,-0.513390656701634,-0.513175607292162,-0.343429726394288
276_chr4,0,-0.0793096638447841,-2.15973739522533,-2.15854123135591,-0.319757748355267,-0.320485937376637,-1.35155667737412,-1.35150943150568,-0.719942899400341,-0.722837866046702,-0.71831546396593,-0.715319996633639,-0.713835404429823,-0.716751265157552,-0.717963291624177,-0.628212968567514,-0.627137881737236,-0.380990996797097
277_chr4,0,-0.0619801184766097,-1.79460267394539,-1.79343434801325,-0.126185070744537,-0.126748417294052,-1.01373429971244,-1.01374378314225,-0.442439041889212,-0.444705973176414,-0.441203168499823,-0.438279890257246,-0.437290188493225,-0.439993168794334,-0.441321689561727,-0.353769115536724,-0.353297838715628,-0.145072774698945
278_chr4,0,0.0762662007793186,-1.97402349683286,-1.97387575234849,-0.42888168864645,-0.428446953546906,-0.965662541398285,-0.965993215030434,-1.10985644030385,-1.11366259797851,-1.10840068702116,-1.10363854909832,-1.1017546902908,-1.10535472867326,-1.10800399800763,-0.97384666200197,-0.973620475675183,-0.840102265834355
279_chr4,0,0.142437498685197,-1.32253371789778,-1.32268406523624,-0.133359490527832,-0.132371448067212,-0.311486134945021,-0.312001870742786,-0.742277717726688,-0.745258892970961,-0.741514008184794,-0.736447512317074,-0.735290299276416,-0.738700848333585,-0.741888956008024,-0.600718198552055,-0.601699491861722,-0.558262946549343
281_chr4,0,-0.0353831937724316,-2.20916273314986,-2.20828889108914,-0.41140710706789,-0.411817387687564,-1.32979068768704,-1.32984581917384,-0.924942245241099,-0.928310224014335,-0.923253145260447,-0.919679319795513,-0.917922493136651,-0.921117020543791,-0.922747742504118,-0.818346493184087,-0.817360494082518,-0.595509734327409
282_chr4,0,0.110458708409336,-1.71268548339034,-1.71271121655429,-0.321154308911931,-0.32044138330859,-0.692090284026589,-0.692513385197488,-0.990082727830846,-0.993622087658223,-0.988903148554383,-0.98392493570426,-0.982298636718613,-0.985863962855733,-0.988801196525553,-0.849457937982261,-0.849744354892085,-0.757225965808974
283_chr4,0,-0.133361812775536,-1.95399539738569,-1.95236518905813,-0.12042373359435,-0.121528259301333,-1.25428973167467,-1.25412266569606,-0.332657284529398,-0.334663258767602,-0.331262428284486,-0.329091808928518,-0.32816913787423,-0.330620462962971,-0.331298934457823,-0.262582656129193,-0.261612208416187,0.00375462140051841
284_chr4,0,-0.0551909900867634,-2.65494926297753,-2.65405094455532,-0.649645344360404,-0.65024695560049,-1.74026357485135,-1.74025265635684,-1.26862510511046,-1.27277115726123,-1.26645770131959,-1.26277915852504,-1.26041214285428,-1.26387385916396,-1.26537502653689,-1.15787196328146,-1.15615376522755,-0.888863235993006
285_chr4,0,-0.133499522814503,-2.5363112001204,-2.5348303898985,-0.468027762904413,-0.469192986477587,-1.75293631270814,-1.75274418104579,-0.874726108456937,-0.877964258536844,-0.872701642424728,-0.870077987477565,-0.868244090223434,-0.871183401706709,-0.871934288848933,-0.79118285863273,-0.789350974452027,-0.480996244901557
286_chr4,0,-0.0443811671454152,-2.43321609209734,-2.43233669566114,-0.532500444299448,-0.532999848220749,-1.53469872543432,-1.53472293734678,-1.10114266696755,-1.10490973580439,-1.09921299113189,-1.09557476921727,-1.09350701316319,-1.09684100028979,-1.09841559780933,-0.992158366165231,-0.990807896791896,-0.746727957195407
288_chr4,0,0.00445951894854835,-1.97644321536897,-1.9757900591385,-0.328764243954448,-0.32885772359595,-1.07247346145808,-1.07263324345177,-0.852278785371435,-0.855487957441204,-0.85083385763084,-0.846952180282936,-0.845383038245356,-0.848597381287513,-0.850572741604498,-0.738639322906836,-0.738144474412071,-0.558778705881846
289_chr4,0,0.154274889836517,-1.76734771997324,-1.7676963500178,-0.415775510325273,-0.414746023993776,-0.674967801003909,-0.675492794737854,-1.19956242439455,-1.20358496318356,-1.19831553876132,-1.19275623351922,-1.19084998891682,-1.19469778148056,-1.19805333798831,-1.04398474518962,-1.04435210015928,-0.975673879997384
290_chr4,0,-0.18184456845251,-3.62114460515948,-3.61960322862773,-1.04758567454885,-1.04921755216179,-2.75204051067403,-2.75168730629763,-1.71057279673963,-1.71570321637828,-1.70738439226133,-1.70450765278958,-1.70118947525032,-1.70477822998619,-1.7052125070013,-1.61695685369963,-1.61334261872917,-1.19431853027373
291_chr4,0,-0.125594017048834,-2.95660394305598,-2.95528737472301,-0.730236790348721,-0.731386966338369,-2.10116366462211,-2.1009724808108,-1.29493585639306,-1.29913046510566,-1.29245546419045,-1.28940646284725,-1.28687937166882,-1.2902141157457,-1.29109243016093,-1.19917141533038,-1.19674733128197,-0.862456762352546
294_chr4,0,-0.0386244373516841,-1.94200399578835,-1.94103832491089,-0.247257262791874,-0.247663992182355,-1.10583822112908,-1.10589699300163,-0.664291243483679,-0.667066208269708,-0.662891618664086,-0.659566244170024,-0.658242133060716,-0.661194936298397,-0.662761408666007,-0.564906743761851,-0.564303761488067,-0.360073653474625
295_chr4,0,0.0649581431615788,-2.01265712543345,-2.01243966689593,-0.435962326968505,-0.435614695450314,-1.01522614918514,-1.01552828588221,-1.10493478740245,-1.10872795028191,-1.10343937788856,-1.09878602291821,-1.09689182648767,-1.10046323076304,-1.10301121540829,-0.971560283395101,-0.971235233636193,-0.827678847667899
296_chr4,0,0.0625437809233862,-2.02287294987128,-2.02264111480503,-0.438649065432636,-0.438320232871507,-1.02749227570178,-1.0277882359586,-1.10571692264286,-1.10951147757404,-1.10421091911077,-1.09957925398378,-1.09767976993836,-1.10124671166979,-1.10377332021951,-0.972859424939736,-0.97251035857104,-0.826665810754864
297_chr4,0,-0.152811088119756,-1.86296812329148,-1.86117734635699,-0.0385471586401622,-0.0397853573601715,-1.20474236805609,-1.20453290993634,-0.177466372074097,-0.179116467498585,-0.176173580919178,-0.17431303422883,-0.173619170235556,-0.17588907934672,-0.176373413443313,-0.115578217124449,-0.114670549394767,0.156359932692048
298_chr4,0,-0.00466024636777773,-1.94495413214358,-1.94422857576289,-0.297057904274441,-0.297215210498051,-1.05882210982753,-1.05896153861524,-0.789939300078149,-0.79300530835289,-0.788530127445267,-0.784785102136077,-0.783305719879881,-0.786444391615085,-0.788330137774614,-0.67987874679818,-0.679396786587712,-0.496550677168805
299_chr4,0,0.0436541873123917,-1.63989473171135,-1.63943088315942,-0.183191036997389,-0.182961838373303,-0.727226862820698,-0.727494164877014,-0.680528742937628,-0.683353767149774,-0.679440374995023,-0.675339888404991,-0.67412388921944,-0.677267406445599,-0.67956817791613,-0.562457136959823,-0.562604553244357,-0.432960895449076
300_chr4,0,0.0726096183393776,-1.6062958824681,-1.60602741277605,-0.204077784834958,-0.203632244373123,-0.656231813203374,-0.656569411759938,-0.753998456266628,-0.756995114860855,-0.752940997133428,-0.7485109475823,-0.74721912545648,-0.75049079088082,-0.753059181020846,-0.627663174545694,-0.627967158388257,-0.519214544320477
301_chr4,0,0.0129098124670372,-1.76705097113341,-1.76640329553324,-0.215652893665301,-0.21566277959618,-0.880913784371723,-0.881102560470074,-0.687756938266273,-0.690593479770008,-0.686536836407349,-0.682714836522424,-0.681436095613845,-0.684520326573586,-0.686548524776241,-0.576336888581974,-0.57618281271186,-0.4176177854963
304_chr4,0,-0.0775442881826789,-2.44014547641271,-2.43903416192635,-0.489733553404713,-0.490477503152128,-1.5890029562112,-1.58894799681068,-0.987598426921655,-0.991102093951419,-0.98566746659879,-0.982431337195049,-0.980499828911639,-0.983660564736187,-0.984924660493776,-0.888810754578452,-0.887327613973836,-0.62164531585996
305_chr4,0,-0.139102974144147,-1.94940619216871,-1.94773433963823,-0.109562504224843,-0.110708772090904,-1.25873575951764,-1.25855523341477,-0.307606966361189,-0.309555080219393,-0.306218146966239,-0.304121657860321,-0.303231638452269,-0.305648112001114,-0.306272097049024,-0.239431885923559,-0.238447028821814,0.0302331036150667
306_chr4,0,-0.0236727400266044,-2.01611642253427,-2.01527525705997,-0.312669804387503,-0.312974196001871,-1.14746728091235,-1.14755846622908,-0.787447441320662,-0.79050474677846,-0.785964882708131,-0.782397909863818,-0.780891427784759,-0.783987165543479,-0.78570340509276,-0.681673618850345,-0.681016260987076,-0.480835479416681
307_chr4,0,-0.116783139349217,-1.61113424889842,-1.60953233855419,0.0609076696075852,0.0599601825383227,-0.936628144598449,-0.936515075770365,-0.0731895861680436,-0.0746084037456907,-0.0721623489748309,-0.0700557519830913,-0.0695964241807925,-0.0718495083629418,-0.0726402433430327,-0.00589265274715789,-0.00549031260163524,0.224073189979679
308_chr4,0,0.0165874410156724,-2.32422036509574,-2.32374248164868,-0.553634146076504,-0.553674099747076,-1.35247057213479,-1.35264442543292,-1.22020162672502,-1.22424907681869,-1.21837839070414,-1.21407610961503,-1.21190859546252,-1.21548030900712,-1.2176135632653,-1.09470483868881,-1.09374058907386,-0.896466814307613
309_chr4,0,-0.0228871339175151,-2.14881981559074,-2.14801845379723,-0.393040496017122,-0.393352713008628,-1.25991168680667,-1.25999910309819,-0.913935259313562,-0.917280214730112,-0.912309066590288,-0.908628812857835,-0.90691104847329,-0.910122404385019,-0.911862817628682,-0.804836925926759,-0.803986272159907,-0.594528626705938
310_chr4,0,-0.00336308700156407,-1.75404320661645,-1.75327749358728,-0.18486753817926,-0.184995739188684,-0.893515723156931,-0.893666347523462,-0.616753654603755,-0.619426195117711,-0.61555066375186,-0.611938780606252,-0.61075258838644,-0.613738035220702,-0.615611795598573,-0.510717733851936,-0.510522815629675,-0.342566475927768
311_chr4,0,-0.0305456650943767,-1.93631602527098,-1.93540581840005,-0.255286554153505,-0.255633300462507,-1.08918550398347,-1.08926373247736,-0.688224538467859,-0.691055198069292,-0.686829551520804,-0.683409347951758,-0.682058309318227,-0.68504996072309,-0.68669156722509,-0.586448878795853,-0.585884129887093,-0.387211192089888
312_chr4,0,-0.122419522867939,-1.94991148856195,-1.94835733825269,-0.133461211514378,-0.134484864214065,-1.23483321967283,-1.23469235291439,-0.368446776205504,-0.370535853675749,-0.367054287385515,-0.364752399859328,-0.363787588091128,-0.366294569417674,-0.36707526454574,-0.295049442587889,-0.294125427794187,-0.0360188008562745
313_chr4,0,0.0257346317444827,-1.93363101779457,-1.93311673651054,-0.333285183610178,-0.333217847484057,-1.00479482639311,-1.00500702901314,-0.889372848119465,-0.892669740229449,-0.887970228946931,-0.883860557939326,-0.882264086789094,-0.885557374867723,-0.887727074742469,-0.770082185139907,-0.769729172727756,-0.607048504398988
314_chr4,0,-0.0838085936556876,-2.04598168871279,-2.04472444536931,-0.245451821812527,-0.246201430159908,-1.26074733294438,-1.2606942191916,-0.597672757761106,-0.600289068370249,-0.596169164154087,-0.593317810332654,-0.592031301440091,-0.594827396156585,-0.59598278174537,-0.509987424393853,-0.509063911882895,-0.268436292144647
315_chr4,0,-0.0521763151211908,-1.88313698605594,-1.88206061134389,-0.192930217467957,-0.193430554905399,-1.07521697809864,-1.0752460182713,-0.560405057483385,-0.562941708727102,-0.559071620136707,-0.555958738136074,-0.554786916453124,-0.557617138889799,-0.559048917159284,-0.466618949274424,-0.466052970552898,-0.257540667140937
316_chr4,0,-0.0950089795800825,-2.01062686240838,-2.00928155811772,-0.208493786732709,-0.209322123434748,-1.24682188072732,-1.24674362933538,-0.524202685941773,-0.526650198870529,-0.522739416803901,-0.520053300127452,-0.518871833110413,-0.521577777567973,-0.522623524084462,-0.440835773223939,-0.439923183415962,-0.19477673768383
317_chr4,0,0.12271769321079,-1.96487869537606,-1.96505594277445,-0.489120323054131,-0.488343110806274,-0.890079098576206,-0.890520643408961,-1.26942040802212,-1.27359670042378,-1.26796584714775,-1.26264006113716,-1.26056448172973,-1.26440766371547,-1.26749192304567,-1.11911521934568,-1.11907403558553,-1.01577284758523
318_chr4,0,0.033522580032025,-1.75196964886591,-1.75146334133699,-0.235799793168583,-0.235656575617808,-0.837938107012878,-0.838176550307439,-0.748292282659451,-0.751269723645267,-0.747084629033225,-0.74302111937707,-0.74167456401469,-0.74485743778031,-0.747077266707127,-0.630784447283212,-0.630728763483375,-0.486384596186403
319_chr4,0,-0.0300940734735691,-1.6003344243511,-1.59934064104567,-0.0552541008287786,-0.0555630898178725,-0.800936132721021,-0.801029708594271,-0.376811008132469,-0.378933853626342,-0.375779220565986,-0.372615834402902,-0.371788899764762,-0.374501004650891,-0.37610432324656,-0.282690180342795,-0.2826238324473,-0.108990513720915
320_chr4,0,-0.155807164650415,-1.55952436074731,-1.55763411303359,0.146927821285393,0.14569869550141,-0.949373346094485,-0.949169652952206,0.116105715550047,0.115123429139657,0.117069843843081,0.118656617329266,0.118862035218586,0.116862980019886,0.1164451864696,0.170017256822308,0.170487356854035,0.421068073122137
321_chr4,0,0.0109478950575661,-1.66269251315899,-1.66200406354305,-0.150547971794498,-0.150561586566698,-0.794447642518442,-0.794636185680846,-0.583422761923673,-0.586021823786361,-0.582315866093187,-0.578599467009132,-0.577492841268791,-0.580478892014464,-0.582475459628376,-0.475036910223754,-0.475029881004871,-0.322905354270405
322_chr4,0,0.0338112523967536,-2.18043514587421,-2.18004151324019,-0.49211697363723,-0.492015549808501,-1.20427127990442,-1.20449220756925,-1.14855543268934,-1.15244277363415,-1.14688444184688,-1.14248279827568,-1.14046403666256,-1.14400807457811,-1.14628484845148,-1.02101563947538,-1.02032755411442,-0.844601113159994
323_chr4,0,0.034454902951461,-1.75271490247072,-1.75221535765798,-0.237563577954324,-0.237413581780007,-0.837216104373984,-0.83745673349499,-0.752360272438501,-0.755347109529901,-0.751151638471675,-0.747076090601175,-0.745724232848531,-0.748912766251172,-0.751141443381343,-0.634543964265841,-0.634490620446108,-0.490684509436616
324_chr4,0,0.035163903388351,-2.54721394980306,-2.54692456108731,-0.713095524966843,-0.713021749166516,-1.51625044754525,-1.51645901079989,-1.49519260460519,-1.49986811623963,-1.49312477681096,-1.48842009616624,-1.48582100291499,-1.48968017719422,-1.49201607783296,-1.3587198877147,-1.35749452966334,-1.15560708538767
325_chr4,0,-0.0851416097388459,-1.54660632559767,-1.54521073694277,0.0546946876642129,0.0539864623976909,-0.835240653751115,-0.835205584123373,-0.127561070830036,-0.129108539136992,-0.126597682032674,-0.12415266806164,-0.12365403409608,-0.126023811926295,-0.127103471236918,-0.0518792025474011,-0.0516890733446243,0.15299641382301
326_chr4,0,0.0634201419894201,-1.58969388503916,-1.58935636814851,-0.181164431885709,-0.180784756438562,-0.655425065178777,-0.655741512286463,-0.705277620326184,-0.708162061069152,-0.704239832519934,-0.699935666349278,-0.698710601816098,-0.701918714057655,-0.704398719886326,-0.582197590676969,-0.58249219555932,-0.469118144148063
327_chr4,0,-0.0650882641598104,-1.49622689116821,-1.49495961336204,0.0564214747218303,0.0558658576570177,-0.762866791773465,-0.762881558329778,-0.153183473682686,-0.154792390094651,-0.152270804323425,-0.149618718812286,-0.149110024394951,-0.151545799145402,-0.15280736861149,-0.0724075684290897,-0.072365952803167,0.115853989490492
328_chr4,0,-0.0212701915121388,-1.73972913805703,-1.73883353369648,-0.150990565046879,-0.15124896292016,-0.907383210957615,-0.907491852206737,-0.538619870050364,-0.541111939784083,-0.537435708577446,-0.534055043133245,-0.532970693799224,-0.535847436117592,-0.537551249260545,-0.438508779085539,-0.438268916920141,-0.25997814268744
329_chr4,0,-0.0375277631452344,-2.29607216270904,-2.2952056496224,-0.460282101736797,-0.460717058457934,-1.40731082274646,-1.40735716135778,-0.998159151062437,-1.00169321931496,-0.996376480729206,-0.992761140245768,-0.990877736249183,-0.994133625812543,-0.995755212606634,-0.890216601953671,-0.889094194127429,-0.659476697556373
330_chr4,0,-0.0810553439470644,-1.90808679238531,-1.90681334383525,-0.166985732469068,-0.167700963491741,-1.13869725086423,-1.13865654368742,-0.479153142995644,-0.481500482041573,-0.477798134413153,-0.475020630552549,-0.473937836288845,-0.476633064039786,-0.477796846221126,-0.39380753488452,-0.39309805788111,-0.164380494286376
331_chr4,0,-0.213934176689537,-1.99610609983069,-1.99391895538724,-0.0316143630995062,-0.0333156224012025,-1.4078609285969,-1.4075004360474,-0.0803427334701625,-0.0817622849862358,-0.0789174273373909,-0.077703985481997,-0.0770727609200224,-0.0791243717548582,-0.0790516545374125,-0.0344551335140157,-0.0331249824939075,0.286588520050947
332_chr4,0,-0.34568613773377,-2.8281090861651,-2.82520830241283,-0.342194742441767,-0.344950000301914,-2.31220971394979,-2.31150051006036,-0.378809514834767,-0.380886466972199,-0.376509259415725,-0.376265059270319,-0.374915416437597,-0.376953910681363,-0.375749446938526,-0.354765127656218,-0.351718515751921,0.113084927940881
333_chr4,0,-0.00560518486922368,-1.88527173738604,-1.88452411033332,-0.260074986439683,-0.260233123193038,-1.00911400276857,-1.00925371951284,-0.730911548608542,-0.733843227577179,-0.729567085130144,-0.72588027679824,-0.724498541416751,-0.727582020230968,-0.729451339561705,-0.622530942571196,-0.622133731757975,-0.443083554082254
334_chr4,0,0.0167877432536134,-1.69748833718395,-1.69685002734569,-0.179590240548541,-0.179564483628643,-0.815713670494452,-0.815914625254817,-0.636974903442387,-0.639696630066345,-0.635829291039033,-0.632013960844719,-0.630826945763998,-0.633873732934019,-0.635929537104163,-0.525957789863367,-0.5259208752035,-0.374947037033948
335_chr4,0,0.17843513297399,-1.77681011503445,-1.77733145075104,-0.455599110280474,-0.454392952898377,-0.647826374809719,-0.64840843057012,-1.29580266727739,-1.30004783468866,-1.29454102763254,-1.28867745567557,-1.28664922890347,-1.29063541838202,-1.29421902067349,-1.13245977027862,-1.13290232653855,-1.07889299034092
336_chr4,0,0.116815949210903,-2.28825881810242,-2.28847797956283,-0.673917670120019,-0.673216996444706,-1.17549174484263,-1.17590551470331,-1.54937127711727,-1.5541829936061,-1.54756816259773,-1.54206237030224,-1.53950659400894,-1.54358931770586,-1.54665909668815,-1.39340582834168,-1.39286475427146,-1.26198600671524
337_chr4,0,-0.099307458949595,-1.63541315190514,-1.63394066572784,0.0216892181662247,0.020867734505623,-0.931919560898219,-0.931847025735782,-0.159046902511398,-0.160663678583643,-0.157990142109614,-0.15564984719982,-0.155074986395692,-0.157442808937297,-0.158400701710558,-0.0857286637288528,-0.0853549422963078,0.134882641310332
338_chr4,0,-0.142202995424557,-1.67527195181328,-1.67350746443869,0.058553843857527,0.0574128805382564,-1.02860646969291,-1.02843021620225,-0.0409676193845088,-0.0423091294831162,-0.0398757910561582,-0.0380314647403726,-0.0375844572810715,-0.0397541147544183,-0.0403142932411869,0.0198784603922824,0.0204694663519156,0.270925230577593
339_chr4,0,-0.0909022830311309,-1.78276172601384,-1.78138652195978,-0.0782056214999594,-0.0789804078710961,-1.0457856558167,-1.04572685225863,-0.326751610848894,-0.328750946324765,-0.325533954718809,-0.322975314393918,-0.322132441310871,-0.324669316016562,-0.325724778763226,-0.247389322418419,-0.246828781572345,-0.0210814679305309
340_chr4,0,-0.249186606281859,-1.87434507194512,-1.87187805456175,0.0909703368709013,0.0890223601843975,-1.3550573760777,-1.35461820996411,0.160667710728272,0.159801643336653,0.161954762271289,0.162639944738975,0.162924140370382,0.161165070398992,0.161584195984089,0.192720116899194,0.194000389066829,0.527164189379385
341_chr4,0,-0.225696754775289,-1.65253797297426,-1.65017921727771,0.190224883890214,0.188472353440267,-1.13093371803555,-1.13055984432602,0.282336395657284,0.281743144090378,0.283388012954243,0.284188627169186,0.284229690963524,0.28252994534841,0.282756593406897,0.31657843634105,0.317444060374638,0.619327283412661
342_chr4,0,-0.13552719428238,-1.62728789626719,-1.62555806395846,0.0777710144497726,0.0766840539097021,-0.977795932761515,-0.97763759582815,-0.0204152998656659,-0.0217111585736802,-0.0193741051614174,-0.0174852180965521,-0.0170837367521157,-0.0192491683866853,-0.0198659543008564,0.0414023603932208,0.0418977793719564,0.284572634529369
343_chr4,0,-0.152196114759484,-1.76809407645267,-1.76628313449942,0.017248295524214,0.0160243427239143,-1.12263586950832,-1.12243190454698,-0.0912936736604664,-0.0927479848348156,-0.0901033510244322,-0.088309334340468,-0.0877613040016865,-0.0899549071769479,-0.090433006437225,-0.0314148400567427,-0.0306497096609162,0.233000095322763
344_chr4,0,-0.151867279425225,-1.8514831746055,-1.84969608318419,-0.0330224759175178,-0.0342525580104747,-1.19353490766163,-1.19332818225451,-0.170180550179651,-0.171814234751834,-0.168900000578982,-0.167036825047886,-0.166356758754706,-0.16862212487385,-0.169113866936888,-0.108264115911118,-0.107376912374668,0.162207186106585
345_chr4,0,-0.162318771832705,-1.57473527859697,-1.57280307007836,0.147052774601982,0.145774212425651,-0.971891513256866,-0.971671686365037,0.125495315451099,0.124535413557894,0.126474671777782,0.127993309712894,0.128193663194935,0.126217001640583,0.125858422223455,0.177726112883977,0.178242740120178,0.434085477987189
346_chr4,0,-0.107764436292532,-1.97445669539747,-1.97301216071186,-0.168849297585562,-0.169767712906073,-1.23446680017293,-1.2343597471161,-0.444345910575781,-0.446609859435351,-0.442924138605753,-0.440423004255081,-0.439354753512678,-0.441961466671953,-0.442882869867565,-0.365802012419214,-0.364895809991224,-0.114301575669647
347_chr4,0,-0.108598341069698,-1.91064401510479,-1.90917712568128,-0.129556535888944,-0.130474542011363,-1.18106132891083,-1.18095500336334,-0.381871580542807,-0.383993383288525,-0.380518962860324,-0.378077906441712,-0.377113277606811,-0.379661930886808,-0.38056742697858,-0.305068788017221,-0.304253851327491,-0.0578304525866278
348_chr4,0,-0.0960124115226626,-1.92070459515635,-1.91932899928309,-0.153366817269677,-0.154193315099686,-1.17131462617892,-1.17123780828062,-0.436787566935333,-0.439036212774194,-0.435421715106755,-0.432818148344931,-0.431781939686242,-0.434406995456528,-0.435431938213959,-0.355820533885364,-0.355037185848146,-0.115877298907095
349_chr4,0,-0.161448372514376,-3.53607873605689,-3.53465912960217,-1.02562670169075,-1.02709989501753,-2.64947595690191,-2.64917487772458,-1.70511705168555,-1.71023832926792,-1.70201680756618,-1.6989558701372,-1.69568042621452,-1.69930791725275,-1.69992293299592,-1.60710483231281,-1.60369165895621,-1.20390658515749
350_chr4,0,-0.0522142210165684,-1.9069417972631,-1.90587130242093,-0.207094464313298,-0.207597520368188,-1.09564850813925,-1.09567644687006,-0.582447798162142,-0.585034549564108,-0.581088628689181,-0.5779576234023,-0.576748694362379,-0.579598691187019,-0.581033126723094,-0.488121179160758,-0.487519866146421,-0.277229708618184
351_chr4,0,-0.0674769258845467,-1.70279372153991,-1.70156295108689,-0.0635758577755416,-0.0641702101243689,-0.943166289391117,-0.943166599181456,-0.337006760223618,-0.339033150796341,-0.335871185283063,-0.333087144206851,-0.332265585943751,-0.334861831731368,-0.336127120224145,-0.252183849210371,-0.251828015596832,-0.0468707040145828
352_chr4,0,-0.225075694612892,-2.67834033554173,-2.67625084453865,-0.423332833227184,-0.425185938424511,-2.00808537218878,-2.00766939714141,-0.675692355793443,-0.678463439248558,-0.673531461798202,-0.671922171703383,-0.670272069101154,-0.672836110573146,-0.672745138346918,-0.61745437843947,-0.615074443835752,-0.238013400882576
353_chr4,0,-0.0813003365748713,-1.7239545757244,-1.72263185309396,-0.056662870063084,-0.057361029512073,-0.981442681815958,-0.981409214305874,-0.306703222953471,-0.308658520186373,-0.305547355280092,-0.302916649860945,-0.302123271355118,-0.304662636507504,-0.305800811200446,-0.22570659974032,-0.225268449628183,-0.00996044143764463
354_chr4,0,-0.080828034326433,-1.81361631617168,-1.81232007486817,-0.110883010481983,-0.111586887290904,-1.05750165699744,-1.0574655037943,-0.391953707852462,-0.394102866778474,-0.39070080399246,-0.387994278547752,-0.387058405516633,-0.389675572820423,-0.390829531353204,-0.308729130979702,-0.308160163532275,-0.0865469897686659
355_chr4,0,-0.246293998240184,-2.22289179180345,-2.22053516275266,-0.121296867627055,-0.123259300909046,-1.64918416533213,-1.64873707206624,-0.174554221590083,-0.176182757351361,-0.17288975846989,-0.171896853510385,-0.171054044873437,-0.173121264387621,-0.17277341691479,-0.13351098064568,-0.131726076088968,0.225276117230595
356_chr4,0,-0.0235992269476807,-2.08085495698865,-2.08003102669308,-0.351440058926797,-0.351750545501814,-1.20277439055452,-1.20286300047326,-0.848032952570274,-0.851227989072311,-0.846480380921816,-0.84286195073338,-0.841253769763602,-0.844404238660278,-0.846129362952111,-0.740734025024969,-0.739981225493507,-0.535077787199251
357_chr4,0,-0.277964949911884,-2.8583630168501,-2.85594729067787,-0.45604864142134,-0.458309072531028,-2.23932574825861,-2.23877633079716,-0.652047182490174,-0.654756064698191,-0.649701537561485,-0.64860156409718,-0.64690416308026,-0.649333715260838,-0.648768936340498,-0.606150313994346,-0.60330897552627,-0.179347572416203
358_chr4,0,-0.210805350211104,-1.86653171383372,-1.86433315951599,0.0413509365798014,0.0396859632501078,-1.29238513668916,-1.2920375905326,0.0290653030169332,0.0278939511563618,0.0303510910776346,0.0315017954537706,0.0319440002212497,0.0299842450992596,0.0300439861193149,0.0729235398444472,0.0740505703667442,0.382228136531013
359_chr4,0,-0.123878679367305,-1.97451013524917,-1.97295205395033,-0.146089388270696,-0.147126290858585,-1.25801733552897,-1.25787195322642,-0.386086375539115,-0.388215317078071,-0.384667562300991,-0.382364395707943,-0.381367537631199,-0.383887285439975,-0.384657393752512,-0.31257399254774,-0.311608223059106,-0.0507613384223018
360_chr4,0,-0.140161158021356,-1.63410282095274,-1.63234209192539,0.0802549083841942,0.0791331775969998,-0.990388573654046,-0.990218925540039,-0.00999706003167233,-0.0112684960557861,-0.00894936407013702,-0.00711209673798274,-0.00672049844739053,-0.00886662828396201,-0.00944076709203978,0.0505314622211719,0.0510540637092629,0.297178204033683
361_chr4,0,-0.201416428926469,-2.48202172803649,-2.48004827438624,-0.339541373481107,-0.341200399286433,-1.80553202221616,-1.80518065970542,-0.578385351270225,-0.580939023464272,-0.576432300086989,-0.574685592661333,-0.573237958507879,-0.575764982544259,-0.575871304821678,-0.517313412100124,-0.515311067442996,-0.167760563984255
362_chr4,0,-0.158241320712106,-1.90854884293261,-1.90673156811041,-0.0580906126676318,-0.05937340965003,-1.25167888865215,-1.25145457860115,-0.200286491613378,-0.201987592513525,-0.198945432303691,-0.197116017750245,-0.196374866134615,-0.19865370954789,-0.199092827037552,-0.139036669925442,-0.13804156663635,0.13980058035329
363_chr4,0,-0.237591700002969,-2.10607141683943,-2.1037459487319,-0.0638321989658821,-0.0657186739376688,-1.53649578426582,-1.53607435181502,-0.0971971980488182,-0.0986512812885061,-0.095657419252595,-0.0946488062083788,-0.0939503244126809,-0.0959664869136658,-0.0956855610839071,-0.0561466944268927,-0.0545666294030274,0.288294492891886
364_chr4,0,0.0888500826698233,-1.72496373371015,-1.72484035696014,-0.297924691192973,-0.297371903925761,-0.734119204957717,-0.73449038941129,-0.923332139206837,-0.926716312284584,-0.922143328971213,-0.917421051759642,-0.915871373732923,-0.919330327263437,-0.922066224977921,-0.789171199113115,-0.789359691816168,-0.682193581290707
365_chr4,0,0.0718045068869783,-1.79301877606002,-1.79279284912504,-0.314462719700684,-0.314042237356586,-0.817235645923223,-0.817563397131441,-0.925062416918477,-0.928447799025188,-0.923803212252146,-0.919237244738849,-0.917656608006645,-0.921080640225795,-0.923665106023878,-0.794646003681353,-0.794670953821036,-0.671650054479194
366_chr4,0,0.00508627659540906,-1.73968746713776,-1.73897759151332,-0.188244006134079,-0.188308610831326,-0.868903085743278,-0.869074416392609,-0.633951822891028,-0.63666480756634,-0.632762772662122,-0.629058275289958,-0.627857084442136,-0.630876105738337,-0.632827382695087,-0.525610120723669,-0.525467618869838,-0.363942717803343
367_chr4,0,0.00247826733603806,-1.73760275135804,-1.73687395822549,-0.183310128657877,-0.18339369536131,-0.870922761038468,-0.871087977223069,-0.622572337532878,-0.625259038256722,-0.621386029634241,-0.617715207047738,-0.61652884870335,-0.619532038161197,-0.621458563826526,-0.515093533716034,-0.514944486179747,-0.351914467357851
369_chr4,0,-0.0532697195231378,-2.71444889752178,-2.71357948299284,-0.68790001978841,-0.688493603174846,-1.7883911326634,-1.78838225613669,-1.33101542535885,-1.33530360643455,-1.32878332726005,-1.32503471317764,-1.32256600619377,-1.32608803382275,-1.3276147719768,-1.21828165163386,-1.21648257865619,-0.946030532477851
371_chr4,0,-0.151352327965481,-3.29847163591729,-3.29706182225669,-0.897991244766928,-0.899365851888721,-2.43136461881051,-2.43109764671344,-1.52026142882087,-1.52496411735121,-1.51741621013888,-1.51441676027439,-1.51146859868235,-1.514951183652,-1.51563091835627,-1.4246093028001,-1.42158469200868,-1.04572570500792
373_chr4,0,-0.09413849981748,-3.10283801063632,-3.10178087716844,-0.86206814704681,-0.863002031279257,-2.1804537485624,-2.18033116786388,-1.54500970615411,-1.54977779457064,-1.54236530837505,-1.53881559266917,-1.53591999228847,-1.53954731538262,-1.5407394855329,-1.4360280577711,-1.43350389571675,-1.10844579989872
375_chr4,0,-0.0920165398436307,-2.80568591881181,-2.80456700709685,-0.687589883579105,-0.688477708809075,-1.9230048721348,-1.92289996213984,-1.27581941754967,-1.27997593811058,-1.2734959216186,-1.27015217628751,-1.26771246843981,-1.27110185340347,-1.27227633423645,-1.17306994472289,-1.17099294238019,-0.869176181591889
376_chr4,0,0.152119888571255,-1.92142559694473,-1.92179882702908,-0.504753338719417,-0.503755489722503,-0.809997426905861,-0.810510749478705,-1.33532513484548,-1.33965593676195,-1.33391205416693,-1.32825891055793,-1.32612095711986,-1.33008642910378,-1.33344125457706,-1.17684538904577,-1.17697699120904,-1.09557697189903
377_chr4,0,0.00735930316780242,-1.74150441404703,-1.7408110260936,-0.192544157511242,-0.192592235754924,-0.867142825269862,-0.867319485018679,-0.64386968361422,-0.646605576229717,-0.642678243290436,-0.638944396450914,-0.637730278243146,-0.640763097875813,-0.642735946973422,-0.534775917061756,-0.534639120137886,-0.374426013744017
378_chr4,0,-0.124268529364442,-1.84934508702532,-1.8477519376112,-0.0707808650638084,-0.0718078050871414,-1.15144827417127,-1.15130728193474,-0.268054379545986,-0.269914955633609,-0.266770975413984,-0.264570340056136,-0.263771204720801,-0.266183798128131,-0.266934402815929,-0.197567991785149,-0.196785834082316,0.0550878486798907
379_chr4,0,-0.218574858019983,-1.99239656484209,-1.99017575865974,-0.0228350410904892,-0.0245700413107706,-1.41145473080533,-1.41108335820155,-0.0600941223650071,-0.0614669043221023,-0.058673695923837,-0.057520174848464,-0.0569153431842604,-0.0589387829087336,-0.0588220233415164,-0.0157419603107467,-0.0144001619292402,0.307991541178941
380_chr4,0,0.0503007053551211,-2.05009092780224,-2.0497798416095,-0.437589016578154,-0.437352992358977,-1.06864826175521,-1.06891394614409,-1.08677548855584,-1.09052503034917,-1.0852423471255,-1.08073986874585,-1.07885206998966,-1.08237574790144,-1.08479084761155,-0.9571101677494,-0.956675663728258,-0.801039277948753
381_chr4,0,-0.0611736704673274,-1.86416074718169,-1.86301606609878,-0.168870539284419,-0.169435085793734,-1.07209771279715,-1.07210615933515,-0.510167234118128,-0.512588249890879,-0.508855999309698,-0.505868493968729,-0.504766295485035,-0.507532009442814,-0.508876906757012,-0.419631465453146,-0.419060327224488,-0.206223690974713
382_chr4,0,0.107742998237033,-1.7007889016246,-1.70079242461935,-0.310207783206493,-0.309513605810427,-0.685868378268741,-0.686285525644488,-0.969171415727107,-0.972662807222562,-0.968005208133419,-0.963069655523561,-0.961474030970312,-0.965014708759317,-0.967924937929203,-0.829670828448705,-0.829964808491368,-0.736595662385331
383_chr4,0,0.044257949467125,-1.65004204078766,-1.6495850673631,-0.190105658923027,-0.189873061133358,-0.73503200150122,-0.735300308496067,-0.692168111255393,-0.69501968986105,-0.691068658398184,-0.68695282887877,-0.685718262170885,-0.68887355596389,-0.691181280776319,-0.573672489227438,-0.573807132040556,-0.443799897414429
384_chr4,0,0.181438611576496,-1.77921094977619,-1.77975407158524,-0.461281143568473,-0.460053148848325,-0.645500443062614,-0.646089540463652,-1.30890769773613,-1.31318313470474,-1.3076428999237,-1.30174054685512,-1.29969523843098,-1.30369966043212,-1.30731176721371,-1.14457105551862,-1.14502115002526,-1.09274516234101
385_chr4,0,0.0110755712553237,-1.68281436631612,-1.68213201242908,-0.162746702009344,-0.162761440447624,-0.811485141782214,-0.811673133792785,-0.602633100169206,-0.605275850207813,-0.601504423456369,-0.597770742442381,-0.596632041961654,-0.599635670111533,-0.601635983510643,-0.493740480211555,-0.493704173060191,-0.340178433525852
386_chr4,0,0.0544271103591061,-1.66789654861245,-1.66751584985629,-0.21515275290431,-0.214847215236789,-0.735481860925889,-0.735773596294005,-0.745600946443266,-0.748575610497965,-0.744480284575464,-0.740225555373952,-0.738917924302345,-0.742143112382125,-0.744548578610086,-0.623515037682064,-0.623660824321087,-0.498805834903512
387_chr4,0,-0.0231684773052677,-1.64539902470491,-1.64446568432443,-0.0919652560650137,-0.0922279427913042,-0.829408230693865,-0.829516364324173,-0.443859757751077,-0.446136121192538,-0.442777947133685,-0.439494269505716,-0.438566049905067,-0.441353372250944,-0.44302742163485,-0.346530301137731,-0.346422894066043,-0.173874282965756
388_chr4,0,0.0157349369543421,-1.66651904166709,-1.66586531543398,-0.159604181279672,-0.15958299099214,-0.790740496839714,-0.790940263198022,-0.604309985762115,-0.606957292229933,-0.603198056341414,-0.599419846660159,-0.598285995627149,-0.601301105960409,-0.603343104957899,-0.49434027060706,-0.494345256090982,-0.344983396601195
389_chr4,0,0.0540241237071409,-1.73742765552308,-1.73706207151589,-0.256111502796506,-0.25581605482961,-0.795586314838526,-0.795874137876498,-0.808927678349935,-0.812046228473141,-0.807731910621506,-0.8034278367377,-0.802013115741562,-0.805294484402028,-0.807704968004694,-0.685354280220186,-0.685395780517696,-0.55516200097738
390_chr4,0,0.309895052607039,-0.93774928038378,-0.938980374818964,-0.140390240937073,-0.138131508859121,0.262137745621603,0.261207373294126,-0.989703053152276,-0.993273422778939,-0.989324048841086,-0.982500335178286,-0.981202873803845,-0.985194679412478,-0.98990639278985,-0.804771918087498,-0.806940291834388,-0.898355122600774
391_chr4,0,0.0413595980120024,-1.87720741810465,-1.87678867920658,-0.321684951639587,-0.321496947964347,-0.933706718654553,-0.93395848153539,-0.893339584696768,-0.896647990849607,-0.891995049257407,-0.887737441855334,-0.88616001721642,-0.889490318023023,-0.891799583559292,-0.770478188133688,-0.77026627732784,-0.62167997477881
392_chr4,0,0.00631267529075119,-1.81583695578413,-1.81515538655763,-0.235460292680728,-0.23552368520006,-0.932296007754135,-0.93246702032592,-0.709341092746587,-0.712225643716987,-0.708069475443079,-0.704290443473018,-0.702964571802403,-0.706054126402094,-0.708026557284796,-0.598849448058148,-0.598598889989892,-0.432243904608977
393_chr4,0,0.0563817651578398,-1.79120967625672,-1.79087459490734,-0.291568427095269,-0.291261156773086,-0.838183252693935,-0.838474398485205,-0.867569673521946,-0.870821901844174,-0.866315312033681,-0.861940269658188,-0.860430874882605,-0.863770112365586,-0.866209540244674,-0.742012024701635,-0.741982714239901,-0.609286178634437
394_chr4,0,0.0183972287901421,-1.71919086164069,-1.71856949831809,-0.194828912304812,-0.194793545893967,-0.831942760930892,-0.832146621803172,-0.663019938350975,-0.665801126182079,-0.66185055855841,-0.657998503836296,-0.656770366158263,-0.659844058522394,-0.661917721726136,-0.550996585240298,-0.550933526008401,-0.39938445973978
395_chr4,0,-0.0206214746595035,-1.59818058409621,-1.59725299998337,-0.0673656309813684,-0.0676047508580133,-0.785275446613193,-0.785391644121054,-0.409080750947392,-0.411278463916283,-0.40804951901691,-0.404771416853493,-0.403905838207167,-0.406667283492335,-0.408359270638917,-0.312051443833804,-0.312023249760204,-0.144573213555721
396_chr4,0,0.0105147149959332,-1.67232373068487,-1.67163471538165,-0.155687707672238,-0.15570549461589,-0.80332354134338,-0.803510645050411,-0.590829095467195,-0.593444923727877,-0.589711866862901,-0.585993269658998,-0.584873483995585,-0.587865279103137,-0.589858998559412,-0.482355057609609,-0.48233218991605,-0.329222609029686
397_chr4,0,0.0544204573066642,-1.72757009879506,-1.72720476236402,-0.250784466400125,-0.250485093980565,-0.786570421638718,-0.786859606109897,-0.801177126657428,-0.804278122038295,-0.799991943332128,-0.795690697079419,-0.794289653862712,-0.797564889242241,-0.799977846389965,-0.677708674278476,-0.677766211659108,-0.548510726636359
398_chr4,0,-0.0548523587779752,-1.60018156686661,-1.59901326731858,-0.0201449281516872,-0.0206359395589899,-0.836918582451547,-0.83695327839186,-0.287080823707008,-0.288995743271268,-0.286053836059872,-0.283194795491929,-0.282477918075261,-0.285056210240009,-0.286427046234905,-0.200695980849891,-0.200538460166744,-0.0111700492408651
399_chr4,0,-0.0902973783630905,-1.68455216154109,-1.68315586019761,-0.0204037271260629,-0.0211639997297679,-0.960838735886608,-0.960785543239679,-0.237434642558448,-0.239231044812193,-0.236323063398333,-0.233833681492957,-0.233141909747498,-0.235599624694594,-0.236648335862096,-0.160162215014916,-0.159749105747576,0.0583782005685154
400_chr4,0,0.0609413034108157,-1.64410889302937,-1.64376795857199,-0.210158749561142,-0.20980287740269,-0.705618479138063,-0.705926718766117,-0.747008610724713,-0.749987515659743,-0.745912450101446,-0.741596251109417,-0.740296974307992,-0.743537371651903,-0.746000990662121,-0.623440158871653,-0.62364516258766,-0.504685704015644
401_chr4,0,0.0125430513093223,-1.61502600246221,-1.61433648555202,-0.124334446426231,-0.12433144698115,-0.751319719303063,-0.751514081455848,-0.544782017595203,-0.547293498599669,-0.543726363113888,-0.54002758554111,-0.538988524389784,-0.541943182441299,-0.543948693919588,-0.437003990078916,-0.437073322431647,-0.289475003232981
402_chr4,0,0.0150123903797664,-1.75814100976829,-1.75750585069472,-0.213305121208347,-0.213298634457995,-0.870220218788486,-0.870414374286468,-0.687063337943814,-0.689898638820307,-0.685852476488471,-0.682011598178374,-0.680737483009736,-0.683825589001557,-0.68587240115376,-0.575193357267156,-0.575060216349387,-0.418488849669393
403_chr4,0,0.037260957942462,-1.9080109141622,-1.90757124553451,-0.334285828953327,-0.334131118242392,-0.96605205057352,-0.966292756425077,-0.907209531294843,-0.910548810743103,-0.905832456473131,-0.901601158258052,-0.899993678952136,-0.90332770177712,-0.905602382964895,-0.784913468660792,-0.784640885531128,-0.631178481686229
406_chr4,0,0.0502412723545398,-1.68418830510288,-1.68378231481926,-0.218962895409215,-0.218689804435991,-0.755532747751185,-0.755813835186678,-0.74563419440926,-0.74860826508291,-0.744496700465165,-0.740280684077447,-0.738966108765711,-0.742182368519751,-0.744550594796696,-0.624477572798654,-0.624583820173529,-0.495866378805633
407_chr4,0,-0.0568281600237188,-1.74351644362687,-1.74237123286564,-0.102959761167098,-0.103479991200595,-0.962491119346499,-0.96251502673255,-0.413482282017495,-0.41568421391954,-0.41230068177041,-0.409353990011469,-0.40842143115518,-0.411109353887229,-0.412479781579803,-0.324388678050296,-0.324011949152888,-0.12282716821244
408_chr4,0,0.119066722734676,-0.800849559110015,-0.800700495781281,0.211281348035448,0.212151025035228,0.1009711979598,0.10048888609064,-0.17163647578705,-0.173316769107639,-0.171441218063393,-0.167069279689063,-0.166832625186733,-0.169679139154003,-0.172581777345208,-0.0494808299747938,-0.0511471335890681,-0.0312801622796521
409_chr4,0,-0.139965868606712,-1.82483497139315,-1.82312487044613,-0.0339395859155837,-0.0350794301951217,-1.15336499653317,-1.15318771015494,-0.188416553765995,-0.190093593331326,-0.187162589946315,-0.185173981060436,-0.184482852767212,-0.186790116063044,-0.18739023109016,-0.123401429739472,-0.122597560164115,0.137453976684613
410_chr4,0,-0.0529995288814082,-1.72502939166517,-1.7239063882401,-0.0973332082542602,-0.0978233929870842,-0.941082156520019,-0.941115955500156,-0.410111037022223,-0.412305917486789,-0.408948709407086,-0.405969408436831,-0.405048815818262,-0.407741895625221,-0.409145931465157,-0.320250645781474,-0.319915383114573,-0.122527600951285
411_chr4,0,-0.0654445734431776,-2.08750377731572,-2.08638667107797,-0.296225541564486,-0.296844382250871,-1.26950266094873,-1.26949146120526,-0.702810700032445,-0.705668938650985,-0.70125877253362,-0.698149339878055,-0.696716356893021,-0.699646458612216,-0.700979525509612,-0.608426519221514,-0.607509411572817,-0.375502359579783
412_chr4,0,-0.0416456216854964,-1.74484170920831,-1.74380383516021,-0.125225333581291,-0.125634068124082,-0.94147973326174,-0.941539695306598,-0.469655042495185,-0.471987089288878,-0.468469167186277,-0.465334879697999,-0.464332901958021,-0.467103916352281,-0.468617065376395,-0.37578892029563,-0.375466280581623,-0.183840010722555
413_chr4,0,-0.0409320922984553,-1.69245420438529,-1.69140783095624,-0.0949451434048303,-0.0953432621058912,-0.895596745216343,-0.895660629902157,-0.423425394021607,-0.425652468425277,-0.422296029726921,-0.419193883656104,-0.41827077356296,-0.421001672577053,-0.42251489002004,-0.330551985732339,-0.330309432717692,-0.142996457355923
414_chr4,0,-0.0517745015646444,-1.76940489126804,-1.76830197973389,-0.125569956780581,-0.126055682695714,-0.977279450830746,-0.977314278305472,-0.455890237023148,-0.458189375755482,-0.45467969857614,-0.451650692022294,-0.450655178937284,-0.453392117153014,-0.454813272139329,-0.364617592004477,-0.364221244494273,-0.164343356181938
415_chr4,0,-0.0381411282036104,-1.79134261561129,-1.79034144615837,-0.157955574914939,-0.158343308454704,-0.976171406951871,-0.976237728802969,-0.525662809386264,-0.528122729695393,-0.524425998419388,-0.521212335876458,-0.520121998735267,-0.522950963532198,-0.524502903351277,-0.429623200550119,-0.429244748651184,-0.236421538090131
416_chr4,0,0.181274261791272,-0.850575240804852,-0.850877407325423,0.0935960389444472,0.0949180071836453,0.149145501542409,0.148517344407513,-0.443065642427277,-0.445372873682108,-0.442804973272784,-0.437629807096752,-0.437039360316519,-0.440263503197169,-0.443756521549917,-0.300327714305757,-0.302150148806314,-0.31818399771731
417_chr4,0,0.0959420395222594,-0.777132588793396,-0.776814436708568,0.25815406899484,0.258856150059401,0.0875417849987157,0.0871134665571068,-0.0658618396710033,-0.0672979968647423,-0.0656965550279249,-0.0616272898906169,-0.0615303451908189,-0.0642320901586526,-0.0669146014383419,0.0485212587606223,0.0469052587604319,0.0797323326633355
418_chr4,0,0.126066118865675,-0.801212312947375,-0.801112669486883,0.201164809455312,0.202085913123711,0.110870252342778,0.110371308147064,-0.197301756375447,-0.199041509055536,-0.197104796164385,-0.192646566949792,-0.192378297892653,-0.195262910138658,-0.198231313757103,-0.0729516617443942,-0.0746432683234271,-0.0592012119475704
419_chr4,0,0.0872384792051254,-0.764962374494329,-0.76457974395975,0.277733183230479,0.278372517790496,0.0852638270466713,0.0848556925979076,-0.0230285601861424,-0.024365960420035,-0.0228780639929309,-0.0189252506109368,-0.0188859685310514,-0.0215305035974382,-0.0241297539511285,0.0883538779638982,0.0867520152896386,0.124217980204298
420_chr4,0,0.0636351859544039,-0.73572613596529,-0.735169618596642,0.328579329809322,0.329048115105554,0.0758606330409145,0.0755073958998374,0.089620449398637,0.0885428881877566,0.0897349151462525,0.0933748642289376,0.0932636710682249,0.0907711215451674,0.0883971905423051,0.19295279695591,0.191394844760414,0.241718694863065
421_chr4,0,0.172295337232545,-0.822583776973302,-0.822815439050911,0.123014157436746,0.124272976147612,0.160008425967474,0.159400435642484,-0.384494661980289,-0.386667318284302,-0.384265939728113,-0.379222963684911,-0.378716175118312,-0.381868342679266,-0.385273511995647,-0.245210499847305,-0.247041171490956,-0.259426578422412
422_chr4,0,0.102681830462615,-0.76693812482568,-0.766664836978477,0.25471020562271,0.255462886657425,0.106098847491246,0.105654065686439,-0.0807511541029666,-0.0822222338972587,-0.0805956306809064,-0.0764515087775659,-0.0763406323705937,-0.0790702133236096,-0.081814716199947,0.0355003520110575,0.0338443990377484,0.0616338974209998
423_chr4,0,0.115248504305213,-0.776983312803481,-0.776801178832967,0.230936352520009,0.231780401845028,0.115830638362546,0.115356394053454,-0.13558312238631,-0.13718085121155,-0.135414385065591,-0.131108001449951,-0.130925654731954,-0.133731521284111,-0.136595288079995,-0.0151737467818776,-0.0168612400789874,0.0036758592344146
424_chr4,0,0.132531567957383,-0.795973535582945,-0.795918102699024,0.195149097686524,0.196118276255107,0.124785223989004,0.12427067946862,-0.215815779021982,-0.217598649924815,-0.21562327299516,-0.211089688214452,-0.210800944307424,-0.213716070449269,-0.216744517066579,-0.089567970251347,-0.0912911902681204,-0.080347132182145
425_chr4,0,0.216793447930119,-0.863328384948082,-0.863884155721769,0.0357410011830044,0.0373228210922756,0.190038687601426,0.189326591522784,-0.583474300921244,-0.586106377077438,-0.583193193251961,-0.577571613581177,-0.576803647976778,-0.580230283216331,-0.584058416544683,-0.429347205687754,-0.431281909428195,-0.468966532852719
427_chr4,0,0.177076105304605,-0.816111659110056,-0.816375340988205,0.12011787722559,0.121412510442497,0.172521767879583,0.171902131769934,-0.395763519680624,-0.397962555702771,-0.395540900540853,-0.390444233158245,-0.389926373577856,-0.393098923332316,-0.396548161538366,-0.255136415785389,-0.256994305063077,-0.272897109983405
428_chr4,0,0.152861679772364,-0.812224438355557,-0.812316472377252,0.156688237008143,0.15780522935637,0.140529119235402,0.139966910869043,-0.304521832843249,-0.306509593997288,-0.304307949637342,-0.299511861126875,-0.299107493990281,-0.302146033437813,-0.30536742282186,-0.171547506562026,-0.173321751879334,-0.174110478925181
429_chr4,0,0.145800088514155,-0.811773677243163,-0.811815830368962,0.166945307726684,0.168010425130041,0.130614676604835,0.130069244754485,-0.278549499495429,-0.280477093376634,-0.27833742557844,-0.273628460877445,-0.273256121977288,-0.276256153454955,-0.279411182302512,-0.147791088697015,-0.149539931562136,-0.145870671026165
430_chr4,0,0.197247926419107,-0.852898577059915,-0.853313913251576,0.0696153892356242,0.0710545675120564,0.170456531780091,0.169790480729808,-0.503031033080575,-0.505477126836659,-0.502764861593713,-0.497391599054073,-0.496726661410393,-0.500039005373306,-0.503682299523012,-0.355250345882551,-0.357128314520065,-0.383150303748438
431_chr4,0,0.0705865973391391,-0.746457738329554,-0.745952980168004,0.312337675219041,0.312856471599845,0.0768142567198429,0.076444941874798,0.0544677269235967,0.053309147746575,0.0545950976111547,0.058328844890962,0.0582652898227849,0.0557261986808557,0.0532856403213851,0.160220128027586,0.158652379892678,0.205345726367975
432_chr4,0,0.165309087987438,-0.827368222738856,-0.827551886733368,0.130037841720343,0.131244802856556,0.145722692087715,0.145131521485188,-0.363672806884268,-0.365797015709809,-0.363440219190507,-0.358479353015865,-0.357996060789664,-0.361114521036319,-0.364454699890375,-0.226459555710878,-0.228257363017036,-0.235847012468378
433_chr4,0,0.202585703603539,-0.851971405027329,-0.852424118222649,0.0626194600951679,0.0640979800123762,0.179036031029687,0.178357244936913,-0.52148187587301,-0.52397076401673,-0.521215707693368,-0.51577757934401,-0.515090417293415,-0.518430804866962,-0.522124099709209,-0.372055622517245,-0.373954667111747,-0.403439807281643
434_chr4,0,0.114379065907886,-0.781463308164096,-0.781276203928301,0.229490318169889,0.230327515667125,0.110727697236165,0.110255711166498,-0.136611255286565,-0.138211182251913,-0.136437836675036,-0.132138638184764,-0.13195313281035,-0.134758064758243,-0.137614235197216,-0.0163694697000705,-0.0180471298654785,0.00337298502185579
435_chr4,0,0.170075432359132,-0.820809292966987,-0.821024852698213,0.127213812255794,0.12845649074408,0.158289303608382,0.15768651783932,-0.374808586322115,-0.376958870055269,-0.374582198307176,-0.369567885820491,-0.369073722495362,-0.372212414193458,-0.375596515520047,-0.236258912476198,-0.238084012516783,-0.249188282033459
436_chr4,0,0.167737065594389,-0.813783954404034,-0.813981221060737,0.134717187705741,0.135943393161293,0.160891970319,0.16029444779328,-0.359801423723701,-0.361917220383157,-0.359583069667577,-0.354602976748352,-0.354130186325683,-0.357250355543078,-0.360611611959087,-0.222145072844652,-0.223971927118624,-0.234106557524211
437_chr4,0,0.121388626637401,-0.781891428014082,-0.781753832157705,0.219320361830156,0.220209054032581,0.120585626612379,0.120096986817037,-0.162374220587102,-0.164033830587346,-0.162199026907663,-0.157813361631988,-0.157596094261294,-0.160439234233353,-0.163361273812075,-0.0399332948977267,-0.0416361989112239,-0.0246426480378057
438_chr4,0,0.129212809726035,-0.788145699500912,-0.788064857295451,0.204518435582395,0.205464014932588,0.126644772772378,0.126137789218722,-0.196513354325477,-0.198251817745373,-0.196329933491923,-0.191843241853886,-0.191581476089595,-0.194472112519521,-0.197468407446484,-0.0714836821977789,-0.0732062236484521,-0.060728115673057
439_chr4,0,0.127906611022177,-0.787101587774853,-0.787011270900353,0.206989525108344,0.207925607503028,0.125633236006044,0.12512931482875,-0.190814038277431,-0.192539337609348,-0.190631990916087,-0.186162165000909,-0.18590782796667,-0.188790535158361,-0.191774433616769,-0.0662165412668085,-0.0679358043694811,-0.0547038712862213
440_chr4,0,0.18484881465958,-0.837793398514622,-0.838117455057601,0.0961744164451275,0.097523977081748,0.165300360312672,0.164663158267757,-0.44409079019658,-0.446400923020881,-0.443843272413691,-0.438634163931242,-0.438047876701248,-0.441280593047156,-0.444805556083985,-0.300533048295681,-0.302387576160656,-0.321636515527509
441_chr4,0,0.255479289591113,-0.89425196555752,-0.895088348725906,-0.0374455498743767,-0.0355824575094175,0.219997491771929,0.219194696930037,-0.752271619093019,-0.755293577601468,-0.751949833134666,-0.745828739353123,-0.74484075617125,-0.748502232598402,-0.752697513603637,-0.585344742249239,-0.58737654121056,-0.647387292104667
442_chr4,0,0.139179244180839,-0.801287364692905,-0.801280151526176,0.182572907678709,0.183590419387679,0.129933268379834,0.129403138415627,-0.244821479051123,-0.246671346341568,-0.244621982971004,-0.240002562961313,-0.239676011795719,-0.242631492447433,-0.245723028783805,-0.116374188500518,-0.118114093112057,-0.111006499747257
443_chr4,0,0.21349522583331,-0.860691946589773,-0.861223793313702,0.0419806353624017,0.0435384749473797,0.187484502771353,0.186780139358003,-0.569083220857512,-0.571682056982362,-0.568805581279554,-0.563226588467606,-0.562477380806799,-0.565883994292633,-0.569680825870042,-0.416047391077449,-0.417973816812572,-0.453754991228499
444_chr4,0,0.0578498303969879,-0.746683529165863,-0.74608907067117,0.330217575650972,0.330642700373284,0.0580426973581726,0.0577036859112881,0.10034529109093,0.0992930335219295,0.100470521651491,0.10404793770006,0.103928240982416,0.101457733574505,0.0991367361067743,0.202125019997094,0.200604625295898,0.255415233226092
445_chr4,0,0.0919958067221034,-0.758396237087271,-0.758045436884569,0.274926212009198,0.275601198362604,0.0978234558012134,0.0974037273258861,-0.0341249965250916,-0.0354883807932347,-0.0339807094919546,-0.0299745662241335,-0.0299244643267822,-0.0325891761080759,-0.0352322633599105,0.0785908809380294,0.0769617481601936,0.110918296759499
446_chr4,0,0.165504510140791,-0.822330502156767,-0.822514242465649,0.132770309659502,0.133979224007921,0.150319886681739,0.149728037262499,-0.359686093685553,-0.361801271388685,-0.359458916502152,-0.354499582941356,-0.354023312369534,-0.357138599722007,-0.360479975788511,-0.22252870040349,-0.22433467718519,-0.232419754271844
447_chr4,0,0.119513483185057,-0.790761443207617,-0.790612923287331,0.21667476688908,0.217548762742144,0.110257997583534,0.109774194548559,-0.163853572177256,-0.165516245274048,-0.163669138711769,-0.159299588373292,-0.159076749005165,-0.16191720847022,-0.16482276449606,-0.0417924726700578,-0.0434753403969617,-0.0246357209875061
448_chr4,0,0.0933798734547309,-0.769871506413862,-0.769533423219426,0.266114786305037,0.266798772990166,0.0900198002854102,0.0895972673683916,-0.0498252081239898,-0.0512245023514821,-0.049668254234633,-0.0456361427695233,-0.0455619328031789,-0.0482437490106027,-0.0509012842182539,0.0635892009436412,0.0619719243606856,0.0958936067944518
449_chr4,0,0.0876225559811988,-0.765269386792244,-0.764889542204649,0.277006580076065,0.277648707136215,0.0855612609508281,0.0851522260359743,-0.0247043962799092,-0.0260456673034883,-0.0245534962287115,-0.0205957236223338,-0.0205542571866686,-0.0232011237790695,-0.025804019210391,0.086805119339413,0.0852022926944134,0.122446601657113
450_chr4,0,0.170701613006972,-0.836891756429982,-0.837115881882398,0.116722601901192,0.117968236056947,0.145436542505233,0.144832950615639,-0.392059098669995,-0.394248695290468,-0.391815204090815,-0.386780638464579,-0.386258514434441,-0.389414085046688,-0.39280610147222,-0.252940692105017,-0.254744326572721,-0.265062023354083
451_chr4,0,0.0801499071112108,-0.7592961146654,-0.758862066322526,0.291143467748039,0.291731263553965,0.0797743473276815,0.079382832000915,0.00790089378839776,0.00663493336409537,0.00804393632486145,0.0119052216016367,0.0119041889205422,0.009302684808568,0.00677070849274175,0.116937973253315,0.11535390175132,0.156910778414337
452_chr4,0,0.118914119531084,-0.790282341048475,-0.790129473572003,0.217808653519952,0.218678291590438,0.109793842803249,0.109311444973379,-0.161238378270224,-0.162895010880336,-0.16105457503758,-0.156692763721696,-0.15647333310813,-0.159310154154935,-0.162210021924717,-0.0393755870729038,-0.0410569504937395,-0.0218714301353917
453_chr4,0,0.135094381782849,-1.09036549495178,-1.09040414215186,0.0156932759247335,0.0166511237226095,-0.123467684691195,-0.123975818280889,-0.499386176982775,-0.501814052425922,-0.498874876563756,-0.494079910960128,-0.493318816772568,-0.496494860329707,-0.499584633691338,-0.365507101356718,-0.366804536913366,-0.335802020059346
454_chr4,0,0.170367510774407,-0.831411679933873,-0.83163203580507,0.120468229126349,0.121711968446469,0.149639998553848,0.14903696850427,-0.385744142648438,-0.387919331100897,-0.385506236006568,-0.380480055146971,-0.379967994206439,-0.383117161449857,-0.386505347225701,-0.246857237647555,-0.248667740778767,-0.259176675092168
455_chr4,0,0.238472129735164,-0.891064211959123,-0.891779918986928,-0.0114868455286119,-0.00974847349137531,0.197918886226368,0.197156406697571,-0.687761117384724,-0.690633716554477,-0.687445961885487,-0.681536338927016,-0.680628784354991,-0.684195753761974,-0.688230945745012,-0.526219835253567,-0.528193562783961,-0.577622550161302
456_chr4,0,0.300917719962669,-0.946212403247298,-0.947382417948647,-0.132747545276221,-0.130555687489788,0.241798905985529,0.240890245358369,-0.965104042240395,-0.968617060183611,-0.964717567598211,-0.957997557286686,-0.956726663534194,-0.960677098272511,-0.96530559192671,-0.782780310374094,-0.784903030651027,-0.869984752978972
457_chr4,0,0.181063598306664,-0.850406846659397,-0.850707485107103,0.0939945758047087,0.0953150123766844,0.148982361080414,0.148354697845009,-0.442146457792493,-0.444451565945658,-0.441886010151344,-0.436713564075966,-0.436124315399936,-0.439347179454515,-0.442838198507115,-0.299478230793671,-0.301300136562869,-0.317212408700333
458_chr4,0,0.206405882537886,-0.865432013266467,-0.865915123922353,0.04917664108459,0.0506818696329781,0.173086379577436,0.172399079205612,-0.547846970546059,-0.55039640073852,-0.547565532810658,-0.542069951327475,-0.541344766783453,-0.544717079043265,-0.548447946558762,-0.396915279509841,-0.398808525933434,-0.429731644195371
459_chr4,0,0.315573537322841,-0.968450165821214,-0.969729205456092,-0.166758501510158,-0.164461164466386,0.244141497884906,0.243198923792347,-1.03885588203923,-1.04253889038926,-1.03844261906048,-1.03152515481738,-1.03015443203146,-1.03420266594091,-1.03897158245143,-0.851438897648908,-0.853582844443364,-0.946347417988356
460_chr4,0,0.146131518178659,-0.822483840481586,-0.822531094894317,0.160079695219507,0.161146151742502,0.121930517230306,0.121384752082919,-0.289727867667465,-0.291680924501989,-0.289504151222853,-0.284782750444486,-0.284392170617728,-0.287402980576278,-0.290562476996383,-0.158617434880534,-0.160351666764658,-0.15610415847005
462_chr4,0,0.167251416076631,-0.834133836779977,-0.834332935814943,0.123249744725514,0.124470293596277,0.142764666445471,0.142169163525409,-0.377004909230108,-0.379159734191567,-0.376764642544289,-0.371774626085851,-0.371272124324166,-0.374406750624237,-0.37776602298286,-0.239028051234963,-0.240823026265037,-0.249149567286186
463_chr4,0,0.272738617159931,-0.918455175696394,-0.919419438802633,-0.0763127850401844,-0.0743252722669068,0.224455286684334,0.2236124695463,-0.837275537444494,-0.840493479978825,-0.836924350621625,-0.830572276542539,-0.829469838539573,-0.83324482158297,-0.837605219396172,-0.664396682269631,-0.666456413154803,-0.735661058326651
464_chr4,0,0.137594474531098,-0.810427519865658,-0.810411498716361,0.179355264818576,0.180360187495916,0.119797956509456,0.119271984141257,-0.247603247455991,-0.24945918482359,-0.247394165141231,-0.242787081046364,-0.242453246894171,-0.245407841661411,-0.248485655048885,-0.119438826226172,-0.121159367117906,-0.112370482213835
465_chr4,0,0.109094143460548,-0.803400579043667,-0.803181895618125,0.223862822787833,0.2246589138029,0.0842412485851328,0.083782764403917,-0.137927623915517,-0.139529698561778,-0.137731474694933,-0.133480085852728,-0.13328367113625,-0.136078478365878,-0.138887803808299,-0.0188273940531802,-0.0204531108830448,0.00594439320254958
466_chr4,0,0.147122311574841,-0.83379844740121,-0.833855605856375,0.151920470035002,0.152993051770487,0.113690742058291,0.113143101026182,-0.30385532555191,-0.30584065440694,-0.303619189588142,-0.298876778558908,-0.298464086644752,-0.301489742675354,-0.304659974149021,-0.172172915077664,-0.173894076473917,-0.169443147473711
468_chr4,0,0.130726079973108,-0.815421050134805,-0.815357915439705,0.186087377030678,0.187041287242814,0.105505159183678,0.104995735108468,-0.227402661563371,-0.229211582518739,-0.227189465670168,-0.222662879989372,-0.222351692019888,-0.225273391320925,-0.228287347286038,-0.101267491804097,-0.102955294313747,-0.0894302042565465
469_chr4,0,0.170777046699284,-0.847435845338075,-0.847663225136145,0.11031825852761,0.111563366585782,0.136521133438637,0.135917810071256,-0.402156408239174,-0.404368969504454,-0.401901098623428,-0.396857372247992,-0.396318402839713,-0.39948323027721,-0.402877289627931,-0.262769785096298,-0.264558109070488,-0.274146978798483
470_chr4,0,0.172003611450184,-0.848416301554578,-0.848652578387253,0.107997821904993,0.109251847925518,0.137471000666464,0.136864801624128,-0.407508258725723,-0.409733181514748,-0.407251659373129,-0.402192095513629,-0.401646150276634,-0.404818423536955,-0.408224123590825,-0.267715808534286,-0.269507210988103,-0.279803947982326
471_chr4,0,0.216658385886342,-0.884111156767335,-0.88467134236485,0.0235191395522478,0.0250978362410224,0.172052221732663,0.171341329793891,-0.60234972642446,-0.605024687463891,-0.602046172430455,-0.596410023210887,-0.595610113348276,-0.599053462015264,-0.602882957855708,-0.44778258512902,-0.449686063861936,-0.485753680934811
472_chr4,0,0.0275421868868078,-0.722457072743327,-0.721642774119587,0.387554105087869,0.387758872569645,0.0345720756059674,0.0343041202784633,0.232586150407242,0.231839338314822,0.232679512381498,0.235865594160289,0.235573529102762,0.233287003293536,0.231253640278845,0.324338148200503,0.322893820794591,0.395195383639002
473_chr4,0,0.0700273576225587,-0.746010709294818,-0.745501894620876,0.313395654684228,0.313910385010847,0.0763811744232182,0.0760131707129058,0.0569078486922048,0.0557549056261428,0.0570346313373711,0.060761157677482,0.0606944220511889,0.0581587257564071,0.0557234748570807,0.162475217083121,0.160908872549672,0.207924963901709
474_chr4,0,0.0849286922923865,-0.747590967590388,-0.747187573774536,0.291375514898252,0.291999646998019,0.0967641206221455,0.096360741915527,0.0015150356164817,0.000233795528193692,0.00164631639716317,0.00555718219924772,0.00555901743763609,0.00294153385132523,0.000366169652699533,0.111773014164452,0.110153995546918,0.147809208104822
475_chr4,0,0.15539980627781,-0.819447224808538,-0.81955901063908,0.148784393963897,0.149919307863164,0.138048819232354,0.13748088089148,-0.32043579546672,-0.322460136901603,-0.320213627415097,-0.315380710532208,-0.314953775258905,-0.318012081521957,-0.321258216415663,-0.186501176380738,-0.188274112988598,-0.190144980656158
476_chr4,0,0.0698510737114162,-0.745869796508581,-0.745359703138136,0.313729151666832,0.314242600289177,0.0762446579369387,0.0758770675233786,0.0576770254804062,0.0565258590329463,0.0578036227624632,0.0615278729132158,0.0614601347093022,0.0589255085404701,0.0564919306622196,0.163186067737855,0.161620165648581,0.208737992852858
477_chr4,0,0.0953528518191491,-0.76625467782793,-0.765929564665143,0.265484442351965,0.26618330629539,0.0959935568499873,0.0955661776445661,-0.0535944776942881,-0.0550026553067746,-0.0534410652091193,-0.0493875344361205,-0.0493102366475458,-0.0519996705599755,-0.0546752728633551,0.0603522041862941,0.0587222967485022,0.0911226995853949
478_chr4,0,0.0946216934533305,-0.770864156933544,-0.770535081429483,0.263765489538328,0.264458505101867,0.0909814813696445,0.0905560370118192,-0.0552436215904089,-0.0566554310865719,-0.0550853619232612,-0.0510372159973334,-0.0509559434412656,-0.0536452980780147,-0.0563146187686234,0.0585816619496105,0.0569612685988172,0.0901662797546008
479_chr4,0,0.14973507924076,-0.814919117479357,-0.814989813532582,0.159501023529726,0.160594750999641,0.133661983100689,0.133107325684162,-0.295718982002808,-0.29768623337561,-0.295502770430196,-0.290742996872285,-0.290348278541052,-0.29337219725642,-0.296564571102608,-0.163658621452844,-0.165417340509805,-0.164019016853628
480_chr4,0,0.0668595928117037,-0.738303570010622,-0.737770441264034,0.322479340589507,0.322971569522892,0.0783576544176337,0.0779968576707262,0.0755514461964735,0.0744413888765214,0.0756693024184485,0.0793508852527824,0.0792580302270327,0.0767459070433501,0.074341374832497,0.179950636345872,0.1783845914094,0.226847592286106
481_chr4,0,0.0463333852821003,-0.727070899995884,-0.72639021825035,0.358220325467999,0.358562784454534,0.0580322631189357,0.0577198098088599,0.160291381689968,0.159377230421466,0.160393250045701,0.163813838269545,0.163612348165354,0.161220485385999,0.159010101945345,0.258019249674101,0.25651237318837,0.31720257951429
482_chr4,0,0.157516701839052,-0.815945436631345,-0.816071236414192,0.147881784943784,0.14903262247753,0.14413402709103,0.143560905048602,-0.324833016654965,-0.326867691896309,-0.324614238678126,-0.319758044219117,-0.319327202624834,-0.322394000237718,-0.32565956807218,-0.19031850762764,-0.19210443629928,-0.195579640143159
483_chr4,0,0.09320536589968,-0.769732013560305,-0.769392664554378,0.266444922746155,0.267127640642331,0.0898846594317135,0.0894625356467893,-0.0490637820820949,-0.0504613175933977,-0.0489070116880033,-0.0448771534758268,-0.0448039359844517,-0.0474846928492392,-0.0501405718943078,0.0642928885856953,0.0626760499885473,0.0966984431151969
484_chr4,0,0.174212765180583,-0.834485389319214,-0.834733637204667,0.11319370966798,0.114465406610401,0.152617812110288,0.152005766880892,-0.402522080094873,-0.404736021661353,-0.402280130155414,-0.397204299120124,-0.396670369104941,-0.399842878844543,-0.403267557977173,-0.262362915928315,-0.264183070027682,-0.276911153165026
485_chr4,0,0.130834545165771,-0.794617018086122,-0.794549275643743,0.198359555048993,0.199316395104376,0.123471028115167,0.122960462256273,-0.208411186442333,-0.21017695446697,-0.208220464840529,-0.203708792128792,-0.20342969968151,-0.206334524099762,-0.209346865135576,-0.0827248627056973,-0.0844438234690665,-0.0725203903575626
486_chr4,0,0.124311538003864,-0.784227861225155,-0.784111467057116,0.213790747046733,0.214700690808449,0.122849166074773,0.122353673528278,-0.175127713305088,-0.176816780892657,-0.174949446174784,-0.170526040076903,-0.170292149263358,-0.173153032677127,-0.176102812123249,-0.0517196992559761,-0.0534299393054121,-0.0381232404933187
488_chr4,0,0.0926070361407434,-0.769253737846579,-0.768910048783947,0.267576853436336,0.268255221067057,0.0894213053127972,0.0890005843090151,-0.0464530993528451,-0.0478446047972336,-0.0462969581044521,-0.0422748255651482,-0.042205010948273,-0.0448821356710383,-0.0475323362722224,0.0667056050844974,0.0650902681985084,0.099457965599107
489_chr4,0,0.226461213469507,-0.876250258144847,-0.876877496419654,0.0143491824666555,0.0160007612657234,0.193079670074173,0.192345128617783,-0.630496904246093,-0.633237414372179,-0.630200014892323,-0.624449548484891,-0.62361846642323,-0.627108148728286,-0.631028691349634,-0.473050569919578,-0.475001859194229,-0.517883235280674
490_chr4,0,0.180137287067446,-0.839221164018036,-0.839512386133925,0.101985595666919,0.103300367924451,0.15720583665342,0.156579901411944,-0.428372452298632,-0.430646102182938,-0.428124272705027,-0.422971943856714,-0.422404319370964,-0.425612793734731,-0.429093699495864,-0.286253072636138,-0.28808809632956,-0.304235301945912
491_chr4,0,-0.0287994609734473,-0.855166715340377,-0.853989634405339,0.387979908129237,0.387756815014252,-0.161205468484616,-0.161333780012696,0.312807260056523,0.312251805928364,0.31303356893205,0.315630965043841,0.31529679839643,0.313203112569949,0.311681960651038,0.390042090243266,0.389001961477117,0.506913976078131
492_chr4,0,-0.0807499130020177,-0.667579853806842,-0.665988227620125,0.573497814915521,0.572911977240365,-0.0764131936549841,-0.0764259125879812,0.675572019730452,0.67584948281324,0.675585773291793,0.677398324037928,0.676539987304988,0.674884251463068,0.673874622979513,0.73222920208362,0.731103517046924,0.868236313674044
493_chr4,0,0.0979692164920223,-0.794507853407761,-0.794208473989488,0.244909153968281,0.245624359176204,0.0756259646944052,0.0751935628491026,-0.0893864068573551,-0.0908763626376716,-0.0892019555338748,-0.0850942124742953,-0.084961068437118,-0.0876883421467527,-0.0903920865570282,0.0260329767440837,0.0244351816859809,0.0572530330336476
494_chr4,0,0.0475960422296509,-0.743719372589167,-0.743051888103077,0.34649082993644,0.346840866340275,0.0456234006972816,0.0453086514828843,0.140210408736699,0.139250408831896,0.140330514805983,0.143779619092053,0.143609799150246,0.141197145705783,0.13897279944739,0.238718925192959,0.237232001455459,0.298345678401422
495_chr4,0,0.176373138781641,-0.857180136261665,-0.857449469102006,0.0965832441423691,0.0978684993430323,0.136342951923412,0.135726732472487,-0.4314849950853,-0.433765118646278,-0.431218101781027,-0.426098002163053,-0.425518952329182,-0.428722174588269,-0.432170010808138,-0.290124516767829,-0.291919093020955,-0.304349215815681
496_chr4,0,0.280617287239384,-0.929985224497354,-0.931007987573941,-0.0943428320219755,-0.0922985722279461,0.226077994602423,0.225216928238756,-0.876527486728302,-0.879835913531139,-0.876162358057541,-0.869704468257408,-0.868549028940897,-0.872376230539523,-0.876812063096171,-0.70092045260712,-0.702992222073251,-0.776358287478452
498_chr4,0,0.0790721153197208,-0.768879814799496,-0.768440645786619,0.286943845009007,0.287522733933385,0.069998869066957,0.0696103243558441,0.00287135920169446,0.00159413819249776,0.00302456246480887,0.00688008785960204,0.00688928145484979,0.00428555349661064,0.00176248381341271,0.111794198940175,0.110228275337663,0.153176680704195
499_chr4,0,0.088422042065149,-0.781605259391119,-0.78123526728067,0.266118894954352,0.266765225956187,0.0727443781617176,0.0723341356928522,-0.0428181252031203,-0.0442006990221384,-0.0426494121441787,-0.0386690589600742,-0.0385984662972523,-0.0412633602639345,-0.0438758300890592,0.0693201293229175,0.0677385031229569,0.105677831109573
501_chr4,0,-0.050798807717345,3.01210989452964,3.01444063744869,2.72889753024952,2.72890906681231,3.11698395961249,3.11674368148535,3.99570945661853,4.00352926736937,3.99175011061971,3.99105724328857,3.98456980285442,3.98584065858079,3.98501557937991,3.9763400503252,3.96966353834896,3.81665756929771
503_chr4,0,-0.0251172162430809,-2.13333059361596,-2.13250951626338,-0.380635067242752,-0.380962093574924,-1.24990622995977,-1.24998900012313,-0.891433781891628,-0.894727231919716,-0.889824754526737,-0.886183999186136,-0.884500380828482,-0.887686695324696,-0.889404209028598,-0.783391342149475,-0.782555355839922,-0.572820490977614
504_chr4,0,-0.130346818788577,-1.52998483823823,-1.52826638701461,0.128559980177022,0.12752108215602,-0.886951016462987,-0.886809134474168,0.0515007160666259,0.0503675045678551,0.0524376704789855,0.0543142297349117,0.0545863241837199,0.052474585851833,0.0518214762518849,0.112678547551385,0.11301098417057,0.345222601082927
505_chr4,0,-0.00916540062730209,-2.39644934178576,-2.39580862406025,-0.560349662133322,-0.560586369695176,-1.45186050098667,-1.45197003389521,-1.19431371915716,-1.19829820675361,-1.19241720555302,-1.1883749683796,-1.18620858159233,-1.18970186134407,-1.19160245678487,-1.0751840378746,-1.07401793059182,-0.855044014660475
506_chr4,0,0.108484364245477,-0.787158313269213,-0.786931138441814,0.234426279981539,0.235219552301698,0.0972547196045718,0.0967969957450676,-0.120587565828679,-0.122150126658887,-0.120409092890121,-0.11617788043793,-0.116009603907596,-0.118787486664005,-0.121589030778115,-0.00205465417211848,-0.0037021333837477,0.021886593658583
508_chr4,0,-0.0610238492478892,3.02028329550603,3.02268820699081,2.74824144243829,2.74817863597486,3.10906555836551,3.10884925279735,4.04032421784502,4.04824707826656,4.03635412018158,4.03552922644727,4.02898363324275,4.0303165597628,4.02958852123838,4.01757170566778,4.01092085689605,3.86381589893286
509_chr4,0,0.0943558999688825,-0.895659869308077,-0.895361146091907,0.189604894654161,0.190283164816121,-0.0162277833010488,-0.0166472938656734,-0.170559049034384,-0.172232944062195,-0.170265902343225,-0.16612357004706,-0.165848061258046,-0.168640720115774,-0.171323341640287,-0.0539211087941238,-0.0553560160033264,-0.0127880211692628
510_chr4,0,-0.0470737335981379,-1.93525003924115,-1.93422308037947,-0.231272736552045,-0.231740898089328,-1.11238146281021,-1.11242042534976,-0.627424563437312,-0.630114374809224,-0.626033823080366,-0.622817546450531,-0.621541488934262,-0.62444300098427,-0.625929285372119,-0.530835638067026,-0.530211449422898,-0.321105137172265
511_chr4,0,0.101808682915868,-0.787054321302487,-0.786780074711003,0.243930409245431,0.244674608524377,0.0876063540505178,0.0871645035698266,-0.0963347448891092,-0.0978411088114748,-0.0961576340507828,-0.0920085326122257,-0.0918700295769401,-0.094611779155156,-0.0973506300548093,0.020110823767836,0.0184878350490432,0.0483146567927935
512_chr4,0,-0.229149004320364,3.15467436888418,3.1582987963559,3.06630354778336,3.06501835676787,2.97886731578649,2.97904517880771,4.77390203533533,4.78351928905732,4.76975515352129,4.76675941681896,4.75925764720096,4.76161117219805,4.7624787241393,4.69552283453692,4.68929395277861,4.63921631752135
513_chr4,0,0.20654773082607,-0.849963474787234,-0.850443590711979,0.0582148808813217,0.0597227378564627,0.186533911984599,0.18584561709329,-0.533947586650164,-0.536465444278777,-0.533682847894065,-0.528197602710717,-0.527496010868874,-0.530856106510083,-0.534586347899233,-0.383330514625527,-0.385247154250714,-0.417400085234217
515_chr4,0,0.0860642403002168,-0.764023745014611,-0.76363259699723,0.27995462890357,0.280585425945824,0.0843544816145667,0.0839491001630719,-0.0179050222319095,-0.0192305882906445,-0.0177557607547483,-0.0138181092220826,-0.0137855053786824,-0.0164229122646518,-0.0190110185132242,0.0930889016479015,0.0914899861238379,0.129633620344505
516_chr4,0,0.200225509494345,-0.839753636610237,-0.840186562093306,0.073254981995055,0.0747174005974554,0.186051431424496,0.185377739903735,-0.501557734726136,-0.504000955331537,-0.501305218964963,-0.495905633139087,-0.495248071533581,-0.498565460829979,-0.502235048568025,-0.353152102742603,-0.355060497768981,-0.383944652772096
519_chr4,0,0.13166290903529,-0.800473103430248,-0.800412710828269,0.193690270827243,0.19465260129311,0.119666666342011,0.119154379038593,-0.216864968925902,-0.218650085958916,-0.216667760299386,-0.212141335781901,-0.211849399112837,-0.21476361128619,-0.217784471342777,-0.090784052584004,-0.0924974134095673,-0.0806693935561338
520_chr4,0,-0.0544309680538536,3.01501326687802,3.01737035610793,2.73576891462435,2.73575404290407,3.1141711687938,3.11393940624849,4.01155760409701,4.01941402036437,4.00759443886972,4.0068546728474,4.00034657526625,4.00163947990794,4.00084887169625,3.99098644395563,3.98431904811582,3.83340924839115
521_chr4,0,0.121942380666934,-0.78233407205735,-0.782200492922275,0.218272760283556,0.21916547865548,0.1210144607237,0.120524522654791,-0.164790406744584,-0.166455597570121,-0.164614630790971,-0.160221815407149,-0.160001398677029,-0.162847900195544,-0.165775195172541,-0.0421662633626494,-0.0438705572094169,-0.0271965853478364
522_chr4,0,0.156899847402703,-0.810277371054908,-0.810397360099614,0.152139614040709,0.153286497039567,0.148085964283353,0.147514068607652,-0.317319765851861,-0.319337263846497,-0.317107232007609,-0.312263043533241,-0.311843813572864,-0.314902523296014,-0.318161581836906,-0.183129428724218,-0.184921460172351,-0.188421919700832
523_chr4,0,0.188196009464803,-0.861359717123846,-0.86171344745857,0.0773647604758769,0.0787365162744684,0.150010598109419,0.149366436070521,-0.478160291673306,-0.480548404145056,-0.477886665961225,-0.472618024802432,-0.471979988711738,-0.475250557415987,-0.478809931296223,-0.33301034764342,-0.334842390403723,-0.354483981395969
525_chr4,0,0.247512558070291,-0.882708765649437,-0.883486024864281,-0.0192830949140155,-0.0174773957035472,0.218257591361737,0.217473254636819,-0.712688766402407,-0.715619474379363,-0.712380952996441,-0.70636676729184,-0.705432196621957,-0.709040967961219,-0.713159985722056,-0.548517876755703,-0.550537331487885,-0.60633162364012
526_chr4,0,0.311144379380722,-0.943941863002919,-0.945183360783443,-0.145855910134722,-0.143588626958843,0.258659382835864,0.25772630211843,-0.999993616386161,-1.00358757755543,-0.999607682406388,-0.992763781437363,-0.991451081703276,-0.995454830509107,-1.00017905805239,-0.814528606927022,-0.816692437285075,-0.908445624749685
527_chr4,0,0.23091894296281,-0.864288474765239,-0.86494403875111,0.01518860837571,0.0168741891747823,0.20982081379079,0.209075161668011,-0.635481905236932,-0.638234459374335,-0.635197115230051,-0.629401213789291,-0.62856908974476,-0.632072802565676,-0.636033686093335,-0.476920897839597,-0.47890632843181,-0.525504083001948
528_chr4,0,0.0597033862616978,-0.737758228622825,-0.737174527783765,0.332926724054199,0.333366392067257,0.0683861606667059,0.0680423614558707,0.10195426887524,0.100905372511175,0.102070195830745,0.105663418379278,0.105537967340027,0.10306494238936,0.100727671059266,0.20410579898796,0.202565365956926,0.255539562152971
529_chr4,0,0.167926500325729,-0.839905689363984,-0.840111036295065,0.118847567257055,0.120072488166167,0.138808826555085,0.138211963180519,-0.384825566930824,-0.386998277223617,-0.384578932991181,-0.379576113981782,-0.379061579783937,-0.382204695497547,-0.385571037024788,-0.246503942666471,-0.248292876439316,-0.256623549947675
530_chr4,0,0.241889577194596,-0.883389010308016,-0.8841268188668,-0.0117362945639095,-0.00997200867733472,0.209473446929156,0.208702513100347,-0.692975842944231,-0.695860842068881,-0.692668346612922,-0.686722724084214,-0.685812029529695,-0.689391010034275,-0.693457317980591,-0.530545322993661,-0.532543013969472,-0.584710956274888
531_chr4,0,0.279636851642325,-0.918756277476293,-0.919769231623538,-0.086249418754103,-0.0842112167955154,0.234259555589426,0.233400344113974,-0.862517321283949,-0.865793744343639,-0.862164517572672,-0.855727443856842,-0.854593936551498,-0.858406419899097,-0.862831625497485,-0.687477042341615,-0.689561793888563,-0.763131556866686
532_chr4,0,0.138667980946902,-0.800878685725395,-0.800867764049448,0.18354012439593,0.184553918872467,0.129537339677046,0.129008408366947,-0.24259069230685,-0.244435407001315,-0.242391733821695,-0.237778915276227,-0.237455271812607,-0.240407648856906,-0.243494333053567,-0.114312560742035,-0.116051182165345,-0.108648531807048
533_chr4,0,0.160300510867008,-0.812995696060877,-0.813140352226092,0.145706179492734,0.1468777876345,0.150719481001683,0.150139612487413,-0.332157826706516,-0.334209597153651,-0.331941717053506,-0.327053618990683,-0.32661504847301,-0.329694401816985,-0.332985734327815,-0.196842329887258,-0.198642896452012,-0.204105925301088
534_chr4,0,0.289844417160779,-0.916546795293548,-0.917631113728028,-0.0993672454368053,-0.0972537647370635,0.251039917458675,0.250156333900789,-0.897394694486285,-0.9007520299861,-0.897042368991993,-0.890481591561777,-0.889306267358116,-0.893172012919347,-0.897692780856888,-0.719217684557541,-0.721343385426092,-0.801567971492073
535_chr4,0,0.217914606372002,-0.869418516035346,-0.869983760469999,0.0305178030744275,0.0321072422104323,0.186461069641484,0.185746565662901,-0.593205629309678,-0.595860005306689,-0.592917726741232,-0.587277614682084,-0.586495139648433,-0.589932940043349,-0.593772371157066,-0.438587066065815,-0.440516904735586,-0.478465917163939
536_chr4,0,0.0823703866693255,-0.750702144361821,-0.750281525019738,0.293135749811542,0.293740752795864,0.0903694089965202,0.0899722472706046,0.00787344583590066,0.00660706815338452,0.00800761170836228,0.0118894709246566,0.0118848302725052,0.00927854930153593,0.0067268120232229,0.117404611029802,0.115799636503305,0.155311146448152
537_chr4,0,0.0648778765350412,-0.736719482385918,-0.736171979022516,0.326228386060306,0.326706206564673,0.0768229883148694,0.0764668376919103,0.0841982373354466,0.0831081520820254,0.0843140097762736,0.0879700045607885,0.0878658789410514,0.0853657857038273,0.0829800609557561,0.187941747410024,0.18638067626167,0.235987352661556
538_chr4,0,0.140473009824556,-0.807515469583776,-0.807518982105064,0.177023168250426,0.178049554158219,0.126489319616067,0.125956377075194,-0.255305941700459,-0.257179848395837,-0.25509946922414,-0.250459288110636,-0.25011724584868,-0.253084939462359,-0.256189411711392,-0.126310073499547,-0.128045546256643,-0.121301955868766
540_chr4,0,-0.0360415898954807,3.00031369221654,3.00253739188529,2.70097956778022,2.70109839938217,3.12841213539579,3.12813725904491,3.93131952259988,3.93899060765289,3.92737569386388,3.92687337269177,3.92046986082622,3.92165113332497,3.92068600086409,3.9168327595989,3.91011920938691,3.74859664842395
541_chr4,0,-0.049319134671352,3.01092711585018,3.01324712578324,2.72609825893269,2.72612055372778,3.1181298370994,3.11788608988616,3.98925322273009,3.99705812108965,3.98529543261232,3.98462167091605,3.97814264581075,3.97940451922833,3.97856539720201,3.97037338809993,3.96369316238308,3.80983325381236
543_chr4,0,-0.0358399918321942,3.00015254452806,3.00237478188107,2.70059818104238,2.70071847839975,3.12856825548107,3.12829290648453,3.93043989297389,3.93810894628806,3.92649627621891,3.92599655809414,3.91959419277512,3.92077424147916,3.91980719575344,3.91601983166719,3.90930577547658,3.74766686951852
544_chr4,0,0.216399483114016,-0.857838486495397,-0.858390063287551,0.0395771638026896,0.0411566497366407,0.19416323332953,0.19345184105401,-0.576933580856269,-0.579550726084451,-0.576658482950408,-0.571046031298951,-0.570288409690682,-0.573708310084945,-0.57753204945192,-0.423056911202365,-0.424998277136283,-0.462836788888764
545_chr4,0,0.191986994410743,-0.843499312292434,-0.843875146478803,0.082670283294989,0.0840717433672051,0.170828256827705,0.170174319355888,-0.475236696473688,-0.477618769061806,-0.474981672871437,-0.469680395746463,-0.469053511622386,-0.472329560064432,-0.475922267940208,-0.329317182462192,-0.331189626006648,-0.354558106378238
546_chr4,0,-0.0815936089484317,3.03672576114477,3.03927987784986,2.78715567317298,2.78694331052633,3.09313607677111,3.0929679969022,4.13007592347717,4.1382060893612,4.12608419664411,4.12499370483091,4.11833112544994,4.11978892005064,4.11925609866934,4.10051760274986,4.09391838075619,3.95868451199192
547_chr4,0,-0.0873356947776224,3.04131570533059,3.04391147294427,2.79801865145317,2.79776453992597,3.0886893330142,3.08853471543694,4.15513027532954,4.16331831091043,4.15113251067444,4.1499678766745,4.14327264038962,4.14476529214212,4.14428696598135,4.12367210076822,4.11708729048354,3.98516725785827
548_chr4,0,-0.0360415898954807,3.00031369221654,3.00253739188529,2.70097956778022,2.70109839938217,3.12841213539579,3.12813725904491,3.93131952259988,3.93899060765289,3.92737569386388,3.92687337269177,3.92046986082622,3.92165113332497,3.92068600086409,3.9168327595989,3.91011920938691,3.74859664842395
550_chr4,0,-0.0598059287631734,3.01930974909557,3.02170582624796,2.74593735918945,2.74588340783866,3.11000873136448,3.1097895703878,4.03501008474775,4.04292067076389,4.03104126773168,4.03023209986611,4.02369343332786,4.02501896649983,4.0242793693106,4.01266053953604,4.00600663398039,3.85819879747502
551_chr4,0,0.0607925143929228,-0.749035767655433,-0.748462654272219,0.324650554661705,0.325097074703812,0.060321548994449,0.0599756384395805,0.0875055247729688,0.0864236103447915,0.0876338495753788,0.0912492617516363,0.0911463009295099,0.0886579300507613,0.0863090050636455,0.19025888410512,0.188731103741875,0.241843448556285
552_chr4,0,-0.0609610534425459,3.02023309959287,3.02263755558074,2.74812264423676,2.74806029434167,3.10911418822993,3.10889773543732,4.04005022190544,4.0479724494604,4.03608019027199,4.03525610736122,4.02871087129461,4.0300434166147,4.02931478212718,4.01731848664709,4.01066748026802,3.8635262819881
553_chr4,0,-0.00634182195808103,2.97657314196713,2.97858141080524,2.64479302797089,2.64512779714334,3.15141201063033,3.15106750332132,3.80173099711068,3.80910276295832,3.79781839777783,3.79769956194645,3.79146496125647,3.79246594224613,3.79121894437056,3.79707084061877,3.79028274878111,3.6116200461974
554_chr4,0,0.239177251461343,-0.886414840560271,-0.887134316142547,-0.00970724034281467,-0.00796320727419952,0.202927130428285,0.202162776284106,-0.685980590748291,-0.688849255222086,-0.685670330438972,-0.679755673719602,-0.678852271869773,-0.682419146484349,-0.686460370564531,-0.524326967598388,-0.526310172076756,-0.57653014732311
555_chr4,0,-0.0266486611256085,2.99280544171706,2.99496100864986,2.68320986104827,2.6833969856491,3.13568613801592,3.13538923999028,3.89033550575913,3.89791192731236,3.88640155371846,3.88602051465526,3.879670423094,3.88079467611347,3.87974040013577,3.87895653185549,3.87221940690776,3.70527605849325
556_chr4,0,0.200611677978789,-0.866032630965654,-0.866475063754984,0.0570131771955063,0.0584757416400392,0.164120640762643,0.163447147151731,-0.527440283191925,-0.529942400146175,-0.527159280681047,-0.521734428525945,-0.521034004263472,-0.524375534322159,-0.528052074271578,-0.378304285557623,-0.380175253852853,-0.407368989694013
557_chr4,0,-0.0347414796352925,2.99927444729628,3.00148871645925,2.69851999647837,2.69864828076868,3.12941895719448,3.12914103274156,3.92564677216135,3.93330475448673,3.92170431049554,3.92121877643191,3.91482265866966,3.91599603888989,3.91501856774278,3.91159016982601,3.90487335654703,3.74260048420019
558_chr4,0,-0.0358399918321942,3.00015254452806,3.00237478188107,2.70059818104238,2.70071847839975,3.12856825548107,3.12829290648453,3.93043989297389,3.93810894628806,3.92649627621891,3.92599655809414,3.91959419277512,3.92077424147916,3.91980719575344,3.91601983166719,3.90930577547658,3.74766686951852
559_chr4,0,-0.0386770418620294,3.00242034436189,3.00466316059773,2.70596536184926,2.70606503191782,3.12637120812171,3.12610251057485,3.94281874828617,3.95051639386283,3.93887214836381,3.93833579806401,3.93191729762041,3.9331145685476,3.93217444782295,3.92746000711003,3.92075307145726,3.76075146581074
561_chr4,0,0.210382951798038,-0.847873002051902,-0.848379605761588,0.0540389552045317,0.0555752253406612,0.193917482976797,0.193219977383104,-0.545877541320304,-0.548423130320141,-0.545614344975318,-0.540083605591911,-0.53936827567239,-0.542747325403488,-0.546513312268055,-0.39411116965465,-0.396045058222378,-0.430791211876689
563_chr4,0,-0.174753371313659,3.11119314500841,3.11442300722877,2.96339693902376,2.96250724136236,3.0209919807029,3.02104231343323,4.53655843422543,4.54562747970279,4.53246874959745,4.53017537285638,4.52298296694576,4.52500628495997,4.52535759557277,4.4761768313374,4.46981142531659,4.38834132749024
564_chr4,0,0.165912461399937,-0.827850530103977,-0.828038570739941,0.128896369358245,0.130107717430714,0.146189952075624,0.145597366867134,-0.366305496506961,-0.368435786230196,-0.366072274364083,-0.361103617392584,-0.360616893607167,-0.363739016613184,-0.36708492177788,-0.228892610335912,-0.230691932011986,-0.238629796498618
565_chr4,0,0.0400172859874721,2.93951592542525,2.94118792291091,2.55709005771206,2.55776188921987,3.18731308908251,3.18685989307563,3.59945303809356,3.60635758913397,3.59558918551438,3.59606894150851,3.59009799848206,3.59081755796197,3.58913058933603,3.61013147659852,3.60322703087963,3.39780985407668
566_chr4,0,0.143312095878041,-0.820230131397285,-0.820256934792034,0.165413527580316,0.166459484980116,0.119747121006996,0.119207965981161,-0.277425927145954,-0.279350569373186,-0.277205175333116,-0.272520179119387,-0.272145634163213,-0.275139328907178,-0.278272067622051,-0.147248341834112,-0.148975497423155,-0.143100862020241
567_chr4,0,0.184016359915817,-0.826796830655374,-0.827112181126915,0.10391973432541,0.105264301354448,0.173498861358969,0.172863172108728,-0.430832609945939,-0.433112472043566,-0.430597138158577,-0.425406845929279,-0.424841470448465,-0.428060462611091,-0.431576217542185,-0.287790014302983,-0.289657726979151,-0.309187360427971
568_chr4,0,0.285929881170674,-0.918592687715443,-0.919649947903849,-0.0950525109660878,-0.0929680220306259,0.243578814313705,0.242704628211396,-0.885136201448905,-0.888465046088373,-0.884782396593884,-0.878268122787766,-0.87710695827897,-0.880953284066576,-0.885437556172382,-0.708134297013945,-0.710242522047142,-0.787826725138231
569_chr4,0,0.106536925961768,-0.770019700702194,-0.769774376252797,0.247417068612734,0.248197778821209,0.109084282114326,0.108630462057307,-0.0975720310340042,-0.0990819631224906,-0.0974124539664141,-0.0932185548185456,-0.0930857533677782,-0.0958387365570252,-0.0986198261869626,0.0199549903165344,0.0182893616755146,0.043854031805687
570_chr4,0,0.0823226774378062,-0.761032921607047,-0.760614633714464,0.287032982888053,0.287636576216255,0.0814569680986698,0.0810603587226856,-0.00157952045065191,-0.00286737841600493,-0.00143419323908134,0.00245514698986682,0.00246647148243451,-0.000148222363612671,-0.00270081933918309,0.108176452140941,0.106586927335987,0.146889868574804
571_chr4,0,0.188906043615294,-0.841036550046968,-0.841390036187035,0.0884988798309614,0.0898779392894418,0.16844232963634,0.16779561543833,-0.46179363282657,-0.464144655079689,-0.46154184885416,-0.456280353166808,-0.455670991301553,-0.458928336928495,-0.462491805064909,-0.316893496852119,-0.318758207707167,-0.34034862930497
572_chr4,0,0.188480149090704,-0.845890042222895,-0.846241780289593,0.086202423549832,0.0875778541047671,0.163666654328438,0.163021159288468,-0.464774729590248,-0.467132460226853,-0.464517777449931,-0.459257725023022,-0.458642652266463,-0.461901771712292,-0.465461855340026,-0.319894990909634,-0.321750953840672,-0.342712939050671
573_chr4,0,0.194665528079285,-0.845640401855383,-0.846035665107135,0.0776029865095271,0.079023921348486,0.17290254711569,0.172242329835017,-0.486923899865685,-0.489332967162008,-0.486666059776519,-0.481330197250113,-0.480688079529877,-0.483980387926489,-0.487598516405039,-0.340118153462154,-0.341997319693955,-0.366911618420474
574_chr4,0,0.0514065081666615,-0.725951125597676,-0.725305906047282,0.351713756070991,0.352093630538778,0.066390590581517,0.0660660235146558,0.142977644866841,0.142023326306403,0.143079252119756,0.146561303717247,0.146380562526892,0.143962246808532,0.141704371976309,0.242263953916349,0.240736693729089,0.298117880763067
575_chr4,0,0.056007861248771,-0.739998137181905,-0.739388971612379,0.336815811848093,0.337228078513808,0.0610784422312861,0.0607435278108986,0.113239498864391,0.112216845997194,0.113357155960648,0.116906717566614,0.116768382083827,0.114313431503531,0.112010575084624,0.214288826185443,0.212765347323413,0.268254928308198
576_chr4,0,-0.113917038239472,-0.604168435635728,-0.602326699417179,0.658282705118655,0.657459501862831,-0.0705135451441226,-0.0704500714833091,0.854670112564704,0.855359991121786,0.854609093073225,0.855964573293875,0.854859825730266,0.853436398919005,0.852746213426025,0.89949727926535,0.898400284484843,1.05195584525302
577_chr4,0,0.127988405919764,-0.797535884323363,-0.797448838272104,0.200641760011103,0.201577374333018,0.116821084740695,0.116317412291545,-0.200832067872596,-0.20258015265152,-0.200638722998127,-0.196159743904534,-0.195888705198114,-0.198780611415634,-0.201766598629221,-0.075966915112041,-0.0776710535276397,-0.0637224277516699
578_chr4,0,0.199343061219118,-0.854573325936869,-0.855003859440214,0.0656517766210454,0.0671061879565218,0.172079030619185,0.17140806753579,-0.512172701460168,-0.514639910333541,-0.511904326932209,-0.506504011875379,-0.505827158593745,-0.509152221006703,-0.512815399016797,-0.363698807995126,-0.365582035082952,-0.392813155213037
579_chr4,0,0.176248983281223,-0.830919111503196,-0.831180788137313,0.112443727677192,0.113730761673924,0.158640542324963,0.158023502541917,-0.406567282601295,-0.408790744893358,-0.406328807569235,-0.401230740670457,-0.400693363170361,-0.403873874509803,-0.407317220914382,-0.265854921821812,-0.26768786549755,-0.281973724747066
580_chr4,0,0.262263709404055,-0.899675100843351,-0.900560695614964,-0.0502804337935561,-0.0483680140690441,0.225251432124772,0.224432731244392,-0.781873970253206,-0.784964303273925,-0.781545050455223,-0.775336355802551,-0.774309787661744,-0.778012448696432,-0.782272117184694,-0.612702367994914,-0.614751194755348,-0.678677326963328
581_chr4,0,0.121870670503673,-0.808342466425619,-0.808215097955304,0.202840195360136,0.203729720705338,0.0986474182957008,0.0981587556839217,-0.188763994144621,-0.190483668809203,-0.188560109743446,-0.184147865687301,-0.183887040994286,-0.186754983810077,-0.189684897581071,-0.0655587672898266,-0.0672243441504659,-0.0485886763697025
582_chr4,0,0.137237768834172,-0.815374609740674,-0.815357352275306,0.176905045594348,0.177906838493367,0.115043085459068,0.114518171662758,-0.250921912481149,-0.252785336629246,-0.25070754784307,-0.246100983736322,-0.245760985235998,-0.248717805968294,-0.251792896329996,-0.122754107912151,-0.124466017920364,-0.115085805436777
584_chr4,0,-0.0252243640204211,2.99166692787187,2.9938121634947,2.68051535090362,2.68071283111589,3.13678913167517,3.13648889439206,3.88412089283323,3.89168296008314,3.88018843844563,3.87982578999956,3.87348379882814,3.87459940569672,3.87353161243852,3.87321316864556,3.8664724689419,3.69870713921951
585_chr4,0,-0.049319134671352,3.01092711585018,3.01324712578324,2.72609825893269,2.72612055372778,3.1181298370994,3.11788608988616,3.98925322273009,3.99705812108965,3.98529543261232,3.98462167091605,3.97814264581075,3.97940451922833,3.97856539720201,3.97037338809993,3.96369316238308,3.80983325381236
586_chr4,0,0.210069201384617,-0.852778367109733,-0.853284026443743,0.0515529013620817,0.0530863618301056,0.189260983241835,0.188564432280326,-0.549312763179406,-0.551866110774523,-0.549044321585493,-0.543513606944611,-0.542791987480563,-0.546173460098272,-0.54993712197614,-0.397530560653242,-0.399456038601366,-0.433641258329145
587_chr4,0,0.100426288170319,-0.77031013613609,-0.770021823752676,0.255886426834945,0.256622178121128,0.0999224900097755,0.0994832161580773,-0.0757313219045579,-0.0771906304531616,-0.0755725746844678,-0.0714535353703947,-0.0713473834810032,-0.0740676155295663,-0.0767913672408476,0.0398939812627925,0.0382513403183227,0.06772379376025
588_chr4,0,0.243554226173877,-0.884719649753535,-0.885469533043444,-0.0148855065826732,-0.0131091175625964,0.210762572114022,0.209987735523966,-0.700239179382983,-0.703140955117158,-0.699929932667826,-0.693962816082923,-0.693042654187898,-0.69663173989186,-0.700713846176258,-0.537257885751972,-0.539259754728141,-0.592388388689931
589_chr4,0,0.140130904395643,-0.817687241621174,-0.81769096986177,0.171431761198962,0.172454589166861,0.117283566162172,0.116751869423936,-0.263545484902375,-0.265438066552278,-0.263328078122788,-0.258684157660969,-0.258327705061414,-0.261302088482331,-0.264404636124389,-0.134420443738131,-0.136139615049816,-0.128429070603911
590_chr4,0,-0.174388945806605,3.11090184097935,3.11412905979556,2.96270751248336,2.96182046444397,3.02127419641624,3.02132367475279,4.5349683422015,4.54403371493793,4.53087904076814,4.52859036951298,4.52140003619569,4.52342114197629,4.52376899401167,4.4747073148704,4.46834099420036,4.38666058143774
591_chr4,0,-0.0610238492478892,3.02028329550603,3.02268820699081,2.74824144243829,2.74817863597486,3.10906555836551,3.10884925279735,4.04032421784502,4.04824707826656,4.03635412018158,4.03552922644727,4.02898363324275,4.0303165597628,4.02958852123838,4.01757170566778,4.01092085689605,3.86381589893286
592_chr4,0,0.078861273227363,-0.76871127788369,-0.768270579502396,0.28734271976253,0.287920075721086,0.0698355902888656,0.069447539895989,0.00379132315283703,0.0025162270453456,0.00394430471480156,0.00779710770274633,0.00780510217799568,0.00520265413006005,0.00268158544208674,0.112644402673611,0.111079008250733,0.154149093467768
593_chr4,0,-0.123958196116404,3.07058995202252,3.07345136534428,2.86730173924449,2.86678135715311,3.06032840563779,3.06025964933267,4.31492465346146,4.32348177670736,4.31088838012639,4.30925087400051,4.30234735495171,4.30406232244915,4.30393156185012,4.2713493838847,4.26485649016959,4.15407180313948
594_chr4,0,0.00200380359885788,2.96990205472783,2.97184978756951,2.62900462775251,2.62940007531514,3.15787496842072,3.15751089483412,3.76531666173646,3.77260431898046,3.76141283785619,3.76140176128634,3.75521462458418,3.75616494371583,3.75483874174637,3.76341777861858,3.75660874060727,3.5731296635569
596_chr4,0,0.124585924102433,-0.794816105814409,-0.794704379452998,0.207078634551098,0.207989510509438,0.114186159866826,0.113690464519364,-0.185986073027076,-0.187699867027837,-0.18579630587337,-0.181361259846924,-0.181109572039301,-0.18398082359774,-0.186934519584324,-0.0622466815870699,-0.0639422803222738,-0.0480300358293491
597_chr4,0,0.23248590436161,-0.881066103075442,-0.881737042168584,0.00295156699162802,0.00464694940279853,0.197745266759544,0.19699660044534,-0.656784342278654,-0.659585570242475,-0.656481117942701,-0.650652860333517,-0.649787514111166,-0.65331376911319,-0.657291489016199,-0.497344650062599,-0.499311060339348,-0.545669367805511
598_chr4,0,-0.0609347386451869,3.0202120648235,3.02261632993383,2.74807286144342,2.74801070287486,3.10913456674122,3.1089180522537,4.03993540296829,4.04785736531833,4.03596539900493,4.03514165587254,4.0285965694658,4.02992895504274,4.02920007081484,4.01721237434897,4.01056130192401,3.86340491701521
599_chr4,0,-0.170059390940814,3.10744100535714,3.1106368192276,2.95451678495525,2.95366121573283,3.02462705836264,3.02466638607935,4.51607726425553,4.52509900301729,4.51199251536328,4.50975974760294,4.50259403771717,4.50458886107085,4.50489562349973,4.45724873404412,4.45087154688991,4.36669248889508
601_chr4,0,0.0819691883059269,-0.77119559406586,-0.77077743931953,0.281463111724723,0.282063064345745,0.0722423989614845,0.0718470620771732,-0.00976939332231108,-0.0110758115153358,-0.0096131437774738,-0.00572021118732469,-0.0056945410995719,-0.0083158556484455,-0.0108664199800979,0.100111985766495,0.0985387909782096,0.13981525596548
602_chr4,0,0.0016338716773816,-1.79024814887818,-1.7895269994792,-0.213559254012691,-0.213654425199977,-0.917217383945029,-0.917378355273462,-0.668568735932468,-0.671359857922115,-0.667325662667785,-0.663624105342413,-0.662359055992526,-0.665401870653112,-0.667327131799046,-0.560132106037972,-0.559902107407694,-0.392456563248686
603_chr4,0,0.063143719055801,-0.73533328122559,-0.734773198942818,0.329509095473536,0.329974307470196,0.0754800348701277,0.0751279499707485,0.0917648591075255,0.0906922509818635,0.0918788080760895,0.0955124113061241,0.0953984230309253,0.0929088569422505,0.0905395902021353,0.194934597588695,0.19337787889582,0.243985361256531
1_chr11,0,-0.0892731573086472,-1.91375725546061,-1.91242735853166,-0.15874932609297,-0.159525560718073,-1.1555377923033,-1.15547729854613,-0.454700415915847,-0.45699085718415,-0.453340814418811,-0.450659861821653,-0.449604639227543,-0.452260253353478,-0.453347593684127,-0.371789798912028,-0.371041601137282,-0.136679726518628
2_chr11,0,0.0734253886177071,-1.9484449347343,-1.94827056542984,-0.409586405947643,-0.409169936526628,-0.947911728941228,-0.948236732471735,-1.07574439404775,-1.07947255629214,-1.07431682966278,-1.06960957341135,-1.06777836828645,-1.07134159971654,-1.07396095808515,-0.941215356498094,-0.941016499673296,-0.807575945102727
4_chr11,0,-0.0547805664404515,-2.0427834996457,-2.04172999697707,-0.284598601460562,-0.285134450160108,-1.21566848972962,-1.21568455365208,-0.699730681733644,-0.702583623306806,-0.698225112287745,-0.695019563716992,-0.693609306072049,-0.696559455848954,-0.697986989804846,-0.603053604867695,-0.602241981886126,-0.380311902687388
5_chr11,0,0.195890473324465,-1.677237986836,-1.6778566219297,-0.420816490549699,-0.41947178501297,-0.537134510835912,-0.537762313367618,-1.26618938063587,-1.27037002254617,-1.26503213692216,-1.25903183168764,-1.2570820980628,-1.26107896953635,-1.26481386176652,-1.09970527970539,-1.10035948784747,-1.0647874759408
6_chr11,0,0.14379594448656,-1.63559615373472,-1.63583691491227,-0.322263150854632,-0.321297208075155,-0.577477171633777,-0.577982838801875,-1.03888615077939,-1.04254177535593,-1.03778368463318,-1.03245602735281,-1.03080257038998,-1.03448320366127,-1.03772369317408,-0.889638293487064,-0.890161752766852,-0.824525276927996
7_chr11,0,0.125139937393946,-1.86742541844317,-1.86759457101304,-0.434340562472979,-0.433535551780734,-0.803128704920123,-0.803580150992412,-1.18738413944899,-1.19137433910938,-1.18603449760226,-1.18075504822455,-1.17882132490649,-1.18259579475234,-1.18569046179987,-1.03858367694187,-1.03869551559377,-0.944114451874901
8_chr11,0,-0.175775130266343,-2.125949351951,-2.1240646510125,-0.163137410209026,-0.164571409297562,-1.46334294260333,-1.46306769351855,-0.339401293984755,-0.341415820024531,-0.337828450159916,-0.336044721457522,-0.335040919575406,-0.337407549098302,-0.337709554414939,-0.278583179808333,-0.277201930920832,0.027808088557062
9_chr11,0,0.0112857766182339,-1.8308520797953,-1.83020943432761,-0.251462256895689,-0.251490623124329,-0.937894587869381,-0.938076790852856,-0.741326437764061,-0.744284490648036,-0.74003765424506,-0.736185788283267,-0.734814346029869,-0.737943355301196,-0.739964380772847,-0.628933208062273,-0.628678809719756,-0.46438054084537
10_chr11,0,0.146901533016013,-1.63807861018666,-1.63834189812328,-0.328138357486189,-0.327149834959845,-0.575072164670161,-0.575585112875111,-1.05243671585977,-1.05612363907449,-1.05133098417706,-1.04596322733504,-1.04429210799147,-1.04799159364046,-1.05126155671684,-0.902161328772522,-0.902692582578454,-0.838848384286102
11_chr11,0,-0.243346436474095,-1.69523294173009,-1.69276082998046,0.189688066449227,0.187801388638313,-1.19322382936857,-1.1928061629316,0.306421076628508,0.305885393570106,0.307515554403053,0.30813263218788,0.308162264267542,0.306521986259381,0.306908948412474,0.336141481164599,0.337135384161464,0.6533892844451
12_chr11,0,-0.0656497422538251,-1.46817545667526,-1.46689697843105,0.0739698581283146,0.0734129879066161,-0.739674555586219,-0.739689178384083,-0.125015114077364,-0.126559910156709,-0.124132880755985,-0.121509599843616,-0.121047321116305,-0.123456520919958,-0.124709267785365,-0.0450654530860724,-0.0450632374847357,0.141447204108759
13_chr11,0,0.0838983695116852,-1.29063793372711,-1.29036750738917,-0.0315119780405384,-0.030951081924127,-0.369571452530675,-0.36994931074845,-0.500735513134028,-0.503158273932387,-0.500017249534104,-0.495694981292361,-0.494847369437686,-0.497915061864923,-0.500549490102174,-0.378198856874298,-0.379011201048986,-0.300693394102422
14_chr11,0,0.0426687363961958,-1.94716731758184,-1.94677586985795,-0.365321418612227,-0.365130959994885,-0.99168084196674,-0.991932746510844,-0.963261157850399,-0.966728714686067,-0.961840732411422,-0.95751240714005,-0.955819626835818,-0.959215712865236,-0.96154612572737,-0.838367596445956,-0.838057085904282,-0.685149320601652
15_chr11,0,-0.0464318610473782,-1.85263687776805,-1.85159310952056,-0.182838367244492,-0.183293341780693,-1.04073069621607,-1.04077469502121,-0.55277316120754,-0.555293382137275,-0.551471627112711,-0.548311975486484,-0.547162433227941,-0.549998074985816,-0.551479929066473,-0.457900663473323,-0.457400984289992,-0.25478917431219
16_chr11,0,0.0968292638766913,-1.30097426187921,-1.30079763133523,-0.0559748698900993,-0.0553199573517584,-0.359557604688733,-0.359965779323994,-0.55715667903505,-0.559709759539413,-0.556424818557396,-0.551935585764211,-0.551014432170993,-0.55416062118662,-0.55691776997543,-0.430341645550178,-0.431186444183412,-0.360331232943534
17_chr11,0,-0.00169586022483026,-2.04641211393092,-2.04573364719519,-0.361848345424726,-0.361994254753883,-1.1413432912498,-1.14148546051764,-0.895198415024765,-0.898504165663881,-0.893678984878548,-0.889818305546275,-0.888166903370367,-0.891406733901922,-0.893333156003506,-0.781857876072051,-0.781236858193668,-0.592801505423293
18_chr11,0,-0.143740495126949,-2.1960620093671,-2.19442116799626,-0.250322955712577,-0.251528602835276,-1.47663054993877,-1.47642851518851,-0.520645290687567,-0.523076929151144,-0.518990640016062,-0.516758523695598,-0.515502840915936,-0.518101288756282,-0.518712951993904,-0.448195366324047,-0.446828719457163,-0.157027503498795
19_chr11,0,0.100317822346518,-1.3112679817191,-1.31111859386732,-0.0670571659270001,-0.0663776584393416,-0.363280203110292,-0.363696237817676,-0.579371088631116,-0.581975223101782,-0.578627444909573,-0.574087306895569,-0.573134560714004,-0.576308225875835,-0.579099432790138,-0.451227670403722,-0.452070128745341,-0.382675294564025
20_chr11,0,0.0841197861949868,-1.29081492345669,-1.29054610319124,-0.0319308579899373,-0.0313683520232144,-0.369399984655859,-0.369778361983945,-0.501701617029798,-0.50412660930235,-0.500983120609507,-0.496657993421107,-0.495809122305675,-0.498878158835938,-0.501514688426486,-0.379091701792895,-0.379904601687734,-0.301714577332501
21_chr11,0,0.149236681080869,-1.34286620272536,-1.34306971567084,-0.15512013726233,-0.154084187054899,-0.318972639189977,-0.319503682754063,-0.785825129728058,-0.788906380907218,-0.785038162679759,-0.77987224189743,-0.778653032155506,-0.782117358752398,-0.785371879723169,-0.641670328871673,-0.642646661666521,-0.602036486507423
22_chr11,0,-0.118978711193981,-2.29283208934768,-2.29139073787033,-0.343143486932516,-0.344176988841072,-1.52334458274517,-1.52319733172199,-0.700410299148279,-0.703254525781341,-0.698646379434898,-0.696034426580638,-0.694517380025326,-0.697330749038466,-0.698187157387846,-0.617981461696587,-0.616563156254131,-0.335381282601619
23_chr11,0,0.156987992424551,-1.34906222408288,-1.34932196209533,-0.169784203469995,-0.168691895942086,-0.312969925829236,-0.313519142304191,-0.819646303339676,-0.822805673524911,-0.81885118576214,-0.813585179542173,-0.812321885849354,-0.815833266538472,-0.81916135126876,-0.672926866737171,-0.673922654072872,-0.637785866532738
24_chr11,0,0.15774088989958,-1.64674306498335,-1.64708497749582,-0.348644442191286,-0.347577110147097,-0.566678029858396,-0.567216390881617,-1.09973190950416,-1.10352807356197,-1.09861478020223,-1.09310706487714,-1.09137429897399,-1.09513958459873,-1.09851241850661,-0.945870161232849,-0.946428620075705,-0.888839962649996
25_chr11,0,0.133520744077254,-2.06746273454461,-2.06774260306019,-0.565670253101111,-0.56482412470913,-0.962130405469577,-0.962593286843279,-1.40409289446559,-1.40857704265064,-1.40252539115254,-1.39698675140726,-1.39470261962282,-1.39869023101513,-1.40188890848665,-1.24803344214966,-1.24788047345695,-1.14389250068498
26_chr11,0,-0.0355981987572259,-2.07126356240986,-2.07035259613243,-0.328740194447416,-0.329137921731738,-1.21206654580449,-1.21212702419353,-0.795678029546533,-0.798752138413216,-0.794138074856189,-0.790674576174375,-0.789134636829862,-0.792212266344771,-0.79382351448875,-0.692349138896279,-0.691566223881524,-0.479738015112545
27_chr11,0,-0.0951692127611677,-1.81367860880704,-1.81228131833053,-0.0906361938793649,-0.0914455222052661,-1.07847351666643,-1.07840325099304,-0.34011824894859,-0.342147286734493,-0.338867962338536,-0.336337610576467,-0.335465251742044,-0.338005034936024,-0.339024347562473,-0.261371223258307,-0.260749221185606,-0.0300104200354969
28_chr11,0,-0.0306545869914412,-2.37927193118201,-2.37847533906455,-0.519696043974967,-0.520088992579018,-1.46850199819663,-1.46856114981469,-1.10055029377414,-1.10431820977312,-1.09867637611976,-1.09491160872228,-1.09286743715698,-1.09623026747736,-1.0979269199635,-0.988530626921504,-0.987310585248087,-0.755934966435677
29_chr11,0,0.0936114519997893,-2.18780264563123,-2.18783233987889,-0.581098163535,-0.58055780713592,-1.12335100975482,-1.12371385641613,-1.3718068236293,-1.37621120299351,-1.37011667226383,-1.36497445924091,-1.36267891120212,-1.36655202873722,-1.36939121787785,-1.22541944992444,-1.2249412331026,-1.0867051443455
30_chr11,0,0.0949820956660401,-2.20226368394241,-2.2023067716038,-0.591673909133329,-0.591124957128037,-1.1337299776799,-1.13409547001426,-1.39024042533873,-1.39468692589307,-1.3885343812332,-1.38336403338031,-1.38103976145413,-1.3849324168529,-1.3877863058501,-1.24308943268066,-1.24259489578372,-1.10416516878133
31_chr11,0,0.0413659287399172,-1.26414470468153,-1.26356770219538,0.0444690562288179,0.0447199432400887,-0.408933293755627,-0.409211116041831,-0.322147228048153,-0.324157235521386,-0.321465572435604,-0.317686625116906,-0.317069155415365,-0.319884954957337,-0.322116679387707,-0.213508913788508,-0.214203412388648,-0.110786635431266
32_chr11,0,0.0746462744452411,-1.96103169008401,-1.96086917483177,-0.418830885616438,-0.418406729593151,-0.956904806092589,-0.957232178728071,-1.09188975253509,-1.09565481054092,-1.09044835003376,-1.08571626277404,-1.08385993293105,-1.0874403205339,-1.09007273539219,-0.956687357472951,-0.956474398764635,-0.822883041455044
33_chr11,0,-0.00464454873981768,-1.23490935102248,-1.23400055385666,0.127007175755146,0.126922762062242,-0.451021139203622,-0.4511907697021,-0.128418732266042,-0.129981014767644,-0.127777300667145,-0.124586553196183,-0.124218946669222,-0.126761771947111,-0.128557789106658,-0.0348286369209871,-0.0353965043821343,0.095129268189821
34_chr11,0,0.0446679968847713,-1.81383661863641,-1.81342483077804,-0.28851494500545,-0.288296120668499,-0.874637377377279,-0.874899701271325,-0.846265882813358,-0.849467812623549,-0.844989248452142,-0.840740473891194,-0.839247605622653,-0.842542584129381,-0.844874891873607,-0.723841626157929,-0.723735619700436,-0.581922117712562
35_chr11,0,0.0600003911838252,-1.27153505196224,-1.27109127877081,0.0136986348339798,0.014085776347631,-0.388078348647069,-0.388400178173585,-0.396461844053247,-0.398643757047745,-0.395768709255719,-0.391755013268859,-0.391043316133173,-0.393965936633039,-0.396373561294394,-0.2818321865918,-0.282584550696656,-0.190474894135221
36_chr11,0,0.127806654038073,-1.32573608120629,-1.32578414887906,-0.114578437741546,-0.113698298447694,-0.335568322674641,-0.336049123646974,-0.692319833271762,-0.695185109070949,-0.691555399967009,-0.686666185091601,-0.685568854115466,-0.688903090405803,-0.691954229872994,-0.555255473110816,-0.55617801999537,-0.503200283607367
37_chr11,0,0.0833924345024318,-1.84479105097676,-1.84466015547349,-0.361774512567886,-0.361274135156316,-0.84464868401068,-0.845001797156005,-1.01523160610954,-1.01882380724846,-1.01391425287548,-1.00916546585026,-1.00745236049787,-1.01098241448774,-1.01368223620347,-0.879994797801985,-0.879985983434996,-0.760520883170317
39_chr11,0,-0.164610620985192,-2.03553295175583,-2.03370358164239,-0.124925527414366,-0.126268170823514,-1.36966414437573,-1.36941929065711,-0.295555420285873,-0.29747206280718,-0.294078250272912,-0.292227939449201,-0.29131619755136,-0.293667225483016,-0.294062613084154,-0.233348394044756,-0.232142037191456,0.0591061678536509
40_chr11,0,-0.0907820115600675,-1.15100693145254,-1.14946944000927,0.298951418363234,0.298242268963377,-0.504846144879787,-0.504814465813454,0.261444617791371,0.26078231495233,0.261979204399116,0.264045988167168,0.263900142140986,0.261892841484479,0.260916216033829,0.326185692170946,0.325811767569293,0.504940007656197
41_chr11,0,0.0231894949120453,-1.97926929914779,-1.97874886670806,-0.356943668553365,-0.356899723597479,-1.04757231769661,-1.04777652800572,-0.922686308231052,-0.92605851972027,-0.92123481858745,-0.917120783127598,-0.915464137087787,-0.918781986094922,-0.920933565711535,-0.803131577887573,-0.802701695560637,-0.635040052345437
42_chr11,0,-0.110001009233954,-2.5008596114225,-2.49953524560768,-0.480089717606797,-0.48107853204399,-1.68831501953168,-1.68818028405471,-0.926723714720544,-0.93008381800052,-0.92473318230387,-0.921848465003828,-0.919965850684466,-0.92300229030445,-0.923969324901627,-0.836664067899055,-0.834971345471792,-0.544173536476853
43_chr11,0,-0.0062181171981619,-1.82797852305048,-1.8272117819885,-0.224988636751336,-0.225145407804256,-0.960966690294454,-0.961107383158462,-0.675311255999425,-0.678116449812233,-0.674028856197009,-0.670394319498471,-0.669105017173608,-0.672137100969517,-0.673993413199657,-0.568451469171497,-0.568136701106888,-0.392917596749219
44_chr11,0,-0.223427228106583,-1.66554970535411,-1.663210303439,0.179243391573609,0.177506214417348,-1.138760979594,-1.13839195107874,0.262000566041084,0.261360725600681,0.26306667726651,0.263905339899373,0.263976845227026,0.262253924537704,0.262457616298078,0.297253333656664,0.298129816674572,0.599528212185008
45_chr11,0,0.104936575551268,-1.30745485258967,-1.30733702940378,-0.0713124237427205,-0.0705985655186758,-0.353279200177432,-0.353706382364568,-0.592531183233339,-0.595165970574375,-0.591790797890936,-0.58719688296062,-0.586229620739597,-0.589425024936287,-0.59225911610296,-0.463033726039285,-0.463898872716765,-0.397722501747918
46_chr11,0,-0.193220904476551,-2.7038035057426,-2.70194507728227,-0.483596281678561,-0.485217780824102,-1.98341662055737,-1.98307532890695,-0.814683855398336,-0.817775976731281,-0.81248946598705,-0.810468864764305,-0.808637594751577,-0.811395009727287,-0.811606355137022,-0.745906250638559,-0.743606266418536,-0.384929057823496
47_chr11,0,-0.132763149389346,-1.83059247488182,-1.82893461972295,-0.0475658159553265,-0.0486532915533285,-1.14778711984073,-1.14762672020186,-0.219844064070408,-0.221593693839042,-0.218582526567906,-0.216500915701705,-0.215768823459775,-0.21811981063655,-0.21878828301391,-0.15244581409847,-0.15166002218624,0.104234727050531
48_chr11,0,0.152073063972791,-2.23453401537232,-2.23498776793768,-0.691696862331643,-0.690731450138062,-1.07807759939609,-1.07857750901573,-1.62689144615133,-1.63188501137305,-1.62513982220961,-1.61924274903981,-1.61661471289454,-1.62084271981023,-1.62423673842079,-1.46116118539241,-1.46082969778425,-1.35633260357778
49_chr11,0,0.212820856960536,-1.39369230095349,-1.39435702934866,-0.27540979194369,-0.273911541408162,-0.269732250672273,-0.270412367020275,-1.06326095394258,-1.06698301703105,-1.06240712792532,-1.05642020411684,-1.05483937276499,-1.05868968510589,-1.06254765119918,-0.898068390168639,-0.899204308986084,-0.895289429955678
50_chr11,0,-0.0655985811078739,-2.06053788722738,-2.05941273239506,-0.279901841661258,-0.280519050796743,-1.24664526933561,-1.24663484886662,-0.677128216139942,-0.679928050286946,-0.675605474645154,-0.67251899195398,-0.671128917449954,-0.674035555476076,-0.67536376304613,-0.583417831391484,-0.582540023073963,-0.352421650230947
51_chr11,0,0.0811821897906826,-1.28846675174047,-1.288176623267,-0.0263734617953921,-0.0258323141582022,-0.371674896396948,-0.372046386544884,-0.488884049319553,-0.491279436006524,-0.488168641791492,-0.483881445039465,-0.483049280884945,-0.486100484828436,-0.488709135183347,-0.367246081203867,-0.368051608205692,-0.288166256853275
52_chr11,0,0.0674160402098007,-1.28496789702623,-1.28457985214959,-0.00481299971940263,-0.00437271062950351,-0.388759758564511,-0.389098655207415,-0.435811265468483,-0.438083810301646,-0.435102218078498,-0.430986910021417,-0.430221285796865,-0.4331952217229,-0.435674174531872,-0.318553887400943,-0.31931376757787,-0.230930865658545
53_chr11,0,0.0819855774518008,-1.8436664778631,-1.8435253775534,-0.359112995823111,-0.358622847221888,-0.845738171871513,-0.846087986647484,-1.00909308909656,-1.01267111169592,-1.00777721517728,-1.00304659358207,-1.00134148943288,-1.00486300314118,-1.0075494730911,-0.874321760205549,-0.874309414854349,-0.754032398175414
54_chr11,0,0.14875861676822,-1.34248406136113,-1.34268410660975,-0.154215726844353,-0.153183252490553,-0.319342858229001,-0.319872780973684,-0.783739199309485,-0.78681563247692,-0.782952734947375,-0.777792986962632,-0.776576496110809,-0.780037920633295,-0.783287904538457,-0.639742573085856,-0.640717706016411,-0.599831633414616
55_chr11,0,0.157028955466735,-1.34909496794685,-1.34935500308964,-0.169861698068782,-0.168769092711616,-0.312938203532232,-0.313487516044836,-0.819825036730703,-0.822984819748297,-0.819029876080395,-0.813763340942955,-0.81249981428146,-0.816011443635441,-0.819339917125159,-0.673092046901191,-0.674087937047518,-0.63797478983837
56_chr11,0,0.103799600270621,-1.3140511456798,-1.31392701332199,-0.0736440542270087,-0.0729392318389932,-0.360583870330268,-0.361008068048668,-0.594563074919236,-0.597202299327429,-0.593815770096815,-0.58923067513916,-0.58825812707889,-0.59145292826433,-0.594277178964715,-0.465267659084175,-0.466118856126622,-0.39873340352825
57_chr11,0,-0.0552568172709588,-1.73396158134224,-1.73282497685366,-0.0994754359986869,-0.0999831332172985,-0.952020414957246,-0.952048465621791,-0.410265529089454,-0.412460399988194,-0.409093965997235,-0.406135427154128,-0.405210860222617,-0.407899248281281,-0.40928322036044,-0.320902871813205,-0.32054607019435,-0.121064593504901
58_chr11,0,-0.239566345929721,-1.96191038757259,-1.95953377772444,0.0250635425110838,0.0231773247347719,-1.4159783432956,-1.41555833854164,0.044268697909251,0.0431365019092882,0.0456522313126873,0.0465240055036176,0.0469879895976935,0.0451034818124843,0.0454211958920181,0.0813574784145308,0.0827316974397334,0.416228083301923
60_chr11,0,-0.0957197682073127,-1.98408461735691,-1.98272745011659,-0.191635611077533,-0.192466453445644,-1.22513925715019,-1.22506044275774,-0.496900219433023,-0.49928555646262,-0.495465782455098,-0.492809126564513,-0.4916723743089,-0.494352204247748,-0.495387917271361,-0.414371165094248,-0.413495192839829,-0.169852100937639
61_chr11,0,0.144452180561968,-1.63612071694196,-1.63636623820663,-0.323504629725878,-0.322533915662528,-0.576968974132349,-0.577476179842661,-1.04174949521912,-1.04541173345207,-1.04064633903853,-1.03531020839515,-1.03365301922785,-1.03733763615964,-1.04058435367577,-0.892284512537005,-0.892809618863463,-0.82755186582449
62_chr11,0,0.0659423063479707,-1.27628473000112,-1.27588405720435,0.00245761592711125,0.00288795921686313,-0.383476854530428,-0.383812614847475,-0.422388108067383,-0.424629904672049,-0.42168872532662,-0.417598306943606,-0.416852816416752,-0.419811507126127,-0.422275523486747,-0.305792480287533,-0.306559757640764,-0.217879261456158
63_chr11,0,-0.0310783569335433,-1.49581014096363,-1.49478243041133,0.00856710745174572,0.00826159478175281,-0.712902038348792,-0.712997713587492,-0.275859890279572,-0.277753102535241,-0.274941305033424,-0.271871636138928,-0.271212739938105,-0.273831804251278,-0.275412650577934,-0.184471776276387,-0.184556329274354,-0.0179975062141828
64_chr11,0,-0.0697503672213599,-2.11135962575205,-2.11021833587229,-0.30438381259891,-0.305036757260977,-1.29620316630063,-1.29618071197489,-0.709457658131548,-0.712330318081584,-0.707880742251411,-0.704805589643968,-0.703354350029764,-0.706281224154584,-0.707576882250109,-0.61586471705591,-0.61489644413452,-0.378393386833316
65_chr11,0,0.0267510878716849,-2.09491624635861,-2.09445077615165,-0.431053413285385,-0.430995134723996,-1.14136774215819,-1.14157551059531,-1.04332684531068,-1.04697385871907,-1.04174964437951,-1.03750153640725,-1.03564800325093,-1.03908214433402,-1.0412818032712,-0.919976380946715,-0.919388667870793,-0.745472278725373
66_chr11,0,0.0890850089178353,-2.0686624721427,-2.06862950261986,-0.503537350726542,-0.503018064058825,-1.02797284703305,-1.02832998911582,-1.24442020020365,-1.2485342886587,-1.24285971783192,-1.23786616110463,-1.23577724984743,-1.23952593369899,-1.24230754207345,-1.10221095407149,-1.10189217069541,-0.969554532556878
67_chr11,0,0.134302120380235,-1.88548577823226,-1.88572416224454,-0.458086345653008,-0.457215820100663,-0.805223580559132,-0.80569605120964,-1.23736502950628,-1.24147030693436,-1.23599414457096,-1.23058800836117,-1.22858536489158,-1.23242446453171,-1.235607444222,-1.08528400033894,-1.08540296106958,-0.995318535686029
68_chr11,0,-0.034208818755421,-1.7400497715856,-1.73906306883126,-0.132881801925588,-0.133235365379042,-0.926530393375707,-0.92660824708222,-0.492100243916175,-0.494484500285462,-0.490918157807864,-0.487696229962864,-0.486668769137648,-0.489475917360657,-0.491058286287674,-0.396022668930981,-0.395734567914746,-0.209191161148357
69_chr11,0,0.165607387619726,-1.65303116072894,-1.65343013382658,-0.363526419998136,-0.362401893149946,-0.560586114713555,-0.561142918701532,-1.1340556740018,-1.13793111793316,-1.13293027305178,-1.12732098499505,-1.12554348004274,-1.129356518995,-1.13280400983779,-0.977591178871884,-0.978169381354813,-0.925120587178771
70_chr11,0,0.0943574367310959,-1.29899840345898,-1.29880384322019,-0.0512986241157039,-0.0506616834466938,-0.361471818835789,-0.361874198284608,-0.546371394929898,-0.548899563948806,-0.545642133586575,-0.541184817186716,-0.540277721589838,-0.54340890545636,-0.546142595389029,-0.420374201933525,-0.421212796679436,-0.348931060241555
72_chr11,0,0.0423891956163602,-2.05629537499325,-2.05593013689489,-0.430104774857427,-0.429927556840249,-1.0854990933018,-1.08574569695429,-1.06392865451133,-1.06762499789713,-1.06239028545139,-1.05798017753481,-1.05611775565231,-1.05960392201691,-1.06194552344734,-0.936590270747421,-0.936117387247105,-0.774992160959489
73_chr11,0,-0.0844446967352479,-2.00603174337029,-2.00475970119645,-0.220691285486411,-0.221441476123461,-1.22747916154559,-1.22742623201908,-0.558148045321395,-0.560674409101855,-0.556687767121523,-0.5538754263727,-0.552654295824263,-0.555413426386922,-0.55655778260236,-0.471588347238949,-0.470721550684325,-0.232632555887212
74_chr11,0,0.21982502880278,-1.69637010659626,-1.69716235386021,-0.466096300716415,-0.464577574636093,-0.518599288912439,-0.51928320589035,-1.370622646216,-1.37504450456076,-1.36944023523889,-1.36313088546293,-1.36104502909427,-1.36518719453563,-1.36914923747686,-1.19621944439722,-1.19693372441189,-1.17517467129306
75_chr11,0,-0.068016204877406,-1.21481367631032,-1.21345309673326,0.22864193491536,0.228093633708571,-0.526255904798092,-0.526275662480176,0.119615314650976,0.11862697576472,0.120223154682614,0.12261950778673,0.122674555530897,0.120490776839846,0.119292319578429,0.192947066953157,0.192583434535742,0.361933308863252
76_chr11,0,-0.0381982449744914,-2.31078582532713,-2.30991838665351,-0.468121783973166,-0.468563178586657,-1.42088328612407,-1.42092740495459,-1.00944232821069,-1.01300193754176,-1.00764387407409,-1.00402528254243,-1.00212181269639,-1.00538643092003,-1.00700358478445,-0.901367777021579,-0.900221140517276,-0.669093231642213
77_chr11,0,0.108814220542594,-2.28186262531288,-2.28202374527421,-0.658779860043083,-0.658137364393002,-1.18168838454095,-1.18208339438859,-1.51445746157243,-1.51918853530771,-1.51266276089676,-1.50726028744374,-1.50475001929713,-1.50878416875132,-1.51177800739043,-1.36113950281028,-1.36057834569213,-1.22508169125951
78_chr11,0,-0.107415419361623,-2.01385636858512,-2.01242446748013,-0.192875121932721,-0.193795009395879,-1.26768270809485,-1.26757481136759,-0.48231909211398,-0.484669415076067,-0.480854653466058,-0.47831846342087,-0.47718696939433,-0.479828634725636,-0.480758302100707,-0.40275198872558,-0.401788824074314,-0.148513916645508
79_chr11,0,0.11941713467579,-2.56414848939256,-2.56445722359403,-0.842376933077951,-0.841685411621577,-1.40785125263731,-1.40825948885323,-1.8158411944236,-1.82125904981355,-1.8137392841377,-1.80798608786644,-1.80498676346555,-1.80931508304233,-1.81244420706069,-1.65266180825077,-1.6517224461873,-1.50217274320316
80_chr11,0,0.16583472859825,-1.35613387478122,-1.35645778365609,-0.186520613507065,-0.185363984172997,-0.306118901650973,-0.306688859254861,-0.858247126704963,-0.861495655770065,-0.857442706755398,-0.852062470900939,-0.850748863259195,-0.85431394778259,-0.857725992393152,-0.708600616885868,-0.709618608102006,-0.678587392808033
81_chr11,0,-0.197415396536348,-1.81507422469982,-1.81295674454538,0.0531462477135342,0.0515849997417504,-1.22880794457331,-1.22849443183228,0.0285588254168654,0.0273841823512795,0.0297914810233766,0.0310665362955196,0.0314875572647506,0.0294986895609446,0.0294392215461299,0.0754049929740981,0.0764065149356279,0.37227705375166
82_chr11,0,0.0400508378343027,-1.88743928284784,-1.88701396297004,-0.325945023173745,-0.325767691035774,-0.944373905804828,-0.944622121186918,-0.8981372821757,-0.901456385003296,-0.896781928410601,-0.892532412847854,-0.890944771467714,-0.894276592983489,-0.896574865296703,-0.77544722119857,-0.775215351557501,-0.625042872104427
83_chr11,0,0.0240352936014289,-2.09274537248256,-2.09226020293597,-0.425915626242694,-0.425877093358037,-1.14347088752654,-1.1436722887975,-1.03147706332733,-1.03509670650896,-1.02990271806271,-1.0256896766032,-1.02385158895487,-1.02726924389408,-1.02944312860704,-0.909025159575334,-0.908430630293969,-0.732946919191584
84_chr11,0,-0.0560935011466606,-2.37492882011392,-2.37395183319241,-0.481121490641779,-0.481701036578073,-1.50189049920253,-1.50188933005552,-1.00445302812675,-1.00799843616023,-1.00258856856161,-0.999139782378057,-0.997215248468809,-1.00043707413091,-1.00189432298407,-0.900479145882111,-0.899171613885587,-0.651936724586445
85_chr11,0,0.0681955578656045,-1.28559100553391,-1.28520861498212,-0.00628770483804897,-0.00584174812309923,-0.38815609025086,-0.388496814469029,-0.439212522468919,-0.441492923410783,-0.438502655413568,-0.434377282173673,-0.433607224606615,-0.436585892570113,-0.439072243385284,-0.321697229481416,-0.32245906612189,-0.234526034485879
86_chr11,0,-0.0921401451779903,-2.03932185157239,-2.03800417432017,-0.22969004709873,-0.230500231508457,-1.26719939162467,-1.26712674459081,-0.561319831398574,-0.56385217524453,-0.559824998445239,-0.557081222160476,-0.555842097212628,-0.558587615507103,-0.559663930571507,-0.476391114803289,-0.475446691442247,-0.230010819554896
87_chr11,0,-0.0278809429385632,-1.91443021050867,-1.91353313101991,-0.245983806306574,-0.246308716725694,-1.06656501508303,-1.06665051125522,-0.677474928818556,-0.680281578923442,-0.67610310733284,-0.672667250576145,-0.6713386628725,-0.674326334191672,-0.675990190326797,-0.575374853069128,-0.574852298573081,-0.379486502823506
88_chr11,0,-0.0805841064459605,-1.81381130025761,-1.81251682831425,-0.111344477507438,-0.11204658079429,-1.05731275616734,-1.0572771748519,-0.393018034497127,-0.395169651768924,-0.39176487414616,-0.38905519908875,-0.388117938769181,-0.390736586829513,-0.39189286035793,-0.309712750485408,-0.309144395257604,-0.0876719956045995
89_chr11,0,-0.180709628322509,-2.5170481849498,-2.51522970112918,-0.389749063532505,-0.391259430340149,-1.80531001430898,-1.80500641395117,-0.685948393337973,-0.6887498805413,-0.683953593180337,-0.681925091583032,-0.680330763082758,-0.682998992462319,-0.68330417093597,-0.617596636025556,-0.615618948445766,-0.278657574588304
91_chr11,0,-0.192191197498587,-2.25014741994176,-2.24817910263598,-0.214098262333895,-0.215665692277115,-1.59359798868738,-1.59327841852601,-0.395720168088711,-0.397860091236153,-0.394016106708758,-0.392337110562161,-0.391211644450613,-0.393593871846949,-0.393757462397949,-0.337147272658985,-0.335521800155995,-0.0109211976715002
92_chr11,0,0.0224305552895447,-1.60378062756025,-1.60315788610264,-0.131602728376729,-0.131525877331585,-0.727271743910934,-0.727490100760721,-0.570082143538941,-0.572652715417592,-0.569036797350182,-0.565225305020295,-0.564159995765036,-0.567158604125608,-0.569255529035999,-0.459477008013037,-0.459599467300727,-0.319118102413424
93_chr11,0,-0.0205667913110957,-1.50421257536601,-1.50326111171631,-0.0113188560193798,-0.0115479424375757,-0.704761749227829,-0.704882068779819,-0.321724837523173,-0.323723987087035,-0.320795199331383,-0.317589804415967,-0.31687112589933,-0.319554000341695,-0.321234606599452,-0.226858816911968,-0.22696975224368,-0.066477297237439
94_chr11,0,-0.0321523837055201,-1.49495161618987,-1.49391611505549,0.0105989700611491,0.0102856484839524,-0.713733778240029,-0.713826935428307,-0.271173606332513,-0.273055994367582,-0.27025615042903,-0.267200349438265,-0.266547561538525,-0.269160106005888,-0.270730759289889,-0.180140849936522,-0.180222707300577,-0.013044048724689
95_chr11,0,-0.211670836577055,-1.85321213968416,-1.85100404665569,0.0505304322217299,0.0488604605157667,-1.28224638960551,-1.28189735077688,0.044607446749797,0.0434715626615787,0.0458786708547034,0.047008339064883,0.0474258480175815,0.0454819451044115,0.0455514984169991,0.0878863196343589,0.0889968528246756,0.396743592827369
96_chr11,0,0.139766697836444,-1.33529635862593,-1.33543117991157,-0.137204657529354,-0.13623756055939,-0.326306313767975,-0.326815155003472,-0.744504902322943,-0.747490713434506,-0.743727892993007,-0.738684249251997,-0.737518898045462,-0.740925737406295,-0.744090383575356,-0.603483385173913,-0.604435949838733,-0.55836051803865
97_chr11,0,0.214421025900169,-1.40247653403151,-1.40315480745882,-0.282919599679086,-0.281410484074156,-0.27491724178593,-0.275600790886199,-1.0772357835095,-1.08098986906024,-1.07637215989613,-1.07035871387561,-1.06875702975318,-1.07262335483091,-1.07649745730367,-0.91133963653655,-0.912468475509336,-0.908924158154056
98_chr11,0,-0.0603830375789396,-2.03830515665445,-2.03721101578914,-0.273999748691181,-0.274576331177233,-1.22000711410749,-1.22001004306425,-0.675285508442634,-0.678081987379025,-0.673785830013466,-0.670652620915467,-0.669274226145283,-0.672190366296982,-0.673564730044473,-0.580462091829938,-0.579636407549731,-0.354473065756407
99_chr11,0,0.0822000648740975,-1.28928039158494,-1.28899764639053,-0.02829909565946,-0.0277505473761421,-0.370886641082219,-0.371260517633222,-0.493325327496203,-0.495730972497709,-0.492608849669161,-0.488308510047668,-0.487470556942968,-0.490527939865206,-0.493146250355613,-0.371350580388129,-0.372158662092186,-0.292860740349278
100_chr11,0,-0.0199959291358102,-1.82816279329808,-1.82729900472132,-0.205611493561422,-0.205869586417883,-0.981221213458801,-0.981329128611582,-0.625627988079014,-0.62831804301546,-0.624347968177178,-0.62088258734347,-0.619654109344156,-0.622611953348931,-0.624338924735994,-0.52306697311182,-0.522701069832116,-0.338705654769275
101_chr11,0,-0.109279030265883,-1.73447843599524,-1.73296125923332,-0.0233756490852544,-0.0242806036947045,-1.03126149638717,-1.03116103578091,-0.215267931753674,-0.21701091244356,-0.214105922523549,-0.211810797211922,-0.211125041907556,-0.213522166302773,-0.214398972420241,-0.142765347614846,-0.142208351059336,0.091669514154932
102_chr11,0,0.112286805333097,-1.88958496720654,-1.88966926324175,-0.429396416005189,-0.428688180692738,-0.840844669437036,-0.841264603544462,-1.16152207573061,-1.16545143320323,-1.1601508796694,-1.15501206342923,-1.1531006522635,-1.15682431876584,-1.15980110867504,-1.01622169334712,-1.01625332089826,-0.911865085339142
103_chr11,0,0.0681636838045486,-2.10225443629945,-2.10208270414932,-0.494009851196141,-0.493647833990454,-1.08724317841377,-1.08754913303492,-1.20001545336652,-1.20402526011982,-1.1984225656812,-1.19365985535993,-1.19161114173929,-1.19527505244025,-1.19786447599656,-1.06356085333672,-1.06311517164251,-0.914996715648854
104_chr11,0,-0.132379741077794,-1.87929994858167,-1.87765737287467,-0.077199537889425,-0.0782891867806399,-1.18892007497188,-1.18875851804359,-0.266614143952547,-0.268470149893711,-0.26529986916937,-0.263175511593409,-0.262365448616535,-0.264759385578654,-0.265437623214113,-0.19796597632351,-0.197109587978448,0.0621296847447073
105_chr11,0,0.132272812637609,-1.6263851224813,-1.62654229923924,-0.300463488725152,-0.299581326973907,-0.586400830411032,-0.586879481653857,-0.988607452694243,-0.992146945229765,-0.987517103158874,-0.982338233308514,-0.98075031173139,-0.98436099419246,-0.987492123512822,-0.843172193623916,-0.843666731701941,-0.771380099127115
106_chr11,0,-0.10577212954757,-1.43610357134331,-1.43453406054828,0.149874091308754,0.149025503964779,-0.770745838830349,-0.770666394890877,0.050050260825981,0.0489098248449182,0.0508903053258578,0.0529955233565609,0.0532296144556379,0.0510639763447593,0.0501920106812972,0.11672483788492,0.116827754204898,0.326493373368365
107_chr11,0,-0.13381308418108,-2.36172856651256,-2.36020046493453,-0.363311581364883,-0.364461216322696,-1.60395593101725,-1.60377047024528,-0.710925804507459,-0.713791563596769,-0.709090166625142,-0.706606695456369,-0.705047564596681,-0.707838658077844,-0.708564502690145,-0.631531373225809,-0.629956444169927,-0.334264124078156
108_chr11,0,-0.159019267807241,-2.02629580498194,-2.02450345303042,-0.127316826958233,-0.128617412537098,-1.35360166913342,-1.35337050660327,-0.307181088107833,-0.309125050969709,-0.305712859188234,-0.30380105587101,-0.302878977232775,-0.305252443527654,-0.305699160861338,-0.243442118152125,-0.242270059297304,0.0447415079270068
109_chr11,0,0.0724759850528179,-1.28150743503818,-1.28115415506391,-0.00990291158357648,-0.00942506399315324,-0.378417091257167,-0.378768169751422,-0.450896404535087,-0.453204048641396,-0.45019015160979,-0.446015369941189,-0.445232720492649,-0.448231073693534,-0.45075709788066,-0.332139012736589,-0.332922688569206,-0.248012867581175
110_chr11,0,0.0619900424993259,-2.11015017092618,-2.10993697072261,-0.489993786005625,-0.489677970479298,-1.10300678873627,-1.10329772421017,-1.18503293035967,-1.18900769311538,-1.18343266099983,-1.17873964574699,-1.17670595215559,-1.18034315455041,-1.18287561129566,-1.05032325778504,-1.04984311171012,-0.897216505061
111_chr11,0,0.0566891162995374,-1.27639331568102,-1.27592746177458,0.0154803823227074,0.0158426793591659,-0.397066823862343,-0.397380571285523,-0.389006648829863,-0.391171085938158,-0.388308880835464,-0.384332079519562,-0.383627462415733,-0.386536280886848,-0.388913429908579,-0.275298431837963,-0.27603138916659,-0.181457832984764
112_chr11,0,-0.119705385124747,-1.424966004381,-1.42329542704468,0.176233267609753,0.175283375994146,-0.781535927849276,-0.781423817461443,0.110845013475783,0.109844999163883,0.111670407111837,0.113595718037749,0.113750566679979,0.111669509959769,0.110929777749088,0.172909567310436,0.17304745385388,0.390754145066608
113_chr11,0,-0.117477361405828,-2.70289638894109,-2.70157150669623,-0.590185413427742,-0.591249906652273,-1.8721580024373,-1.87199690180728,-1.08791637977406,-1.09164170157622,-1.08570879234005,-1.082758173777,-1.08059235609656,-1.08375799333045,-1.08468040363682,-0.995503812424153,-0.993484787548533,-0.683047558501809
114_chr11,0,-0.00652026711303688,-1.51544068375583,-1.51459110825495,-0.0378923158760516,-0.0380192744824839,-0.693883943558936,-0.694037195117004,-0.38301381334654,-0.385154526119582,-0.382069405188603,-0.378682640636575,-0.377884075471663,-0.380652218898304,-0.382466133583802,-0.283500292916298,-0.283646482757438,-0.131260468668228
115_chr11,0,-0.197410936763934,-2.41329306233961,-2.41133008875431,-0.304157244773806,-0.305779775297783,-1.74085969593265,-1.74052078005377,-0.528841938666429,-0.531283631927505,-0.526962451322212,-0.525220194889428,-0.523862414857797,-0.526353383821318,-0.526488615342151,-0.468113745200584,-0.46622779967984,-0.126288174703683
116_chr11,0,-0.108859890970779,-2.34889793567126,-2.34754237122922,-0.390941803079717,-0.391906651774713,-1.55657568631322,-1.55645012062271,-0.78926402254966,-0.792311843193276,-0.787437586806111,-0.784657513788803,-0.78300779176669,-0.785922853520279,-0.78688136735416,-0.702373992627241,-0.700910151401386,-0.422033403943791
117_chr11,0,0.132988460201614,-1.36012845481219,-1.36022192072293,-0.142449010132837,-0.141534296122902,-0.357448851474658,-0.357940516062194,-0.743114941172974,-0.746096509447692,-0.742312350713224,-0.737332605705483,-0.736158435955782,-0.739549516906919,-0.742653663300593,-0.603634198341477,-0.604525027011539,-0.552309185183648
118_chr11,0,-0.0241965872181867,-1.99054141477204,-1.98968995352812,-0.296653737094488,-0.296959359005381,-1.12633990561278,-1.12643093146996,-0.761722635689737,-0.764721381367021,-0.760267828406263,-0.756727263927304,-0.755263152834006,-0.758334597269414,-0.760042681008611,-0.656705843506564,-0.656084363300679,-0.45745457273227
119_chr11,0,-0.0155068378871293,-1.50825725607781,-1.50734249540746,-0.020891364299185,-0.0210836614046992,-0.700843257417082,-0.700975440004692,-0.343802851891432,-0.345852996508227,-0.342867893142064,-0.339597163778008,-0.338849707841864,-0.341563298572676,-0.34329192627872,-0.247262671018896,-0.247386306017314,-0.0898140192246428
120_chr11,0,0.154340717557747,-1.6440251325568,-1.64434238151117,-0.342211936757384,-0.341169326285308,-0.569311166245283,-0.56984155558137,-1.08489599155638,-1.08865788811131,-1.08378243754679,-1.07831862546875,-1.07660519732975,-1.080349842315,-1.08369040691394,-0.932159240481572,-0.932709165440444,-0.873158222127626
121_chr11,0,-0.16618563438278,-2.00697627203496,-2.005128428423,-0.105641842632975,-0.106993139545786,-1.34751781034281,-1.34727042368332,-0.263248829687255,-0.265091783123376,-0.261802831743591,-0.259994174237579,-0.259134134821263,-0.26145269109191,-0.261829675740538,-0.202196315549509,-0.201026364091717,0.0891197297675417
122_chr11,0,-0.0439806888471381,-1.93772246880658,-1.93671794571616,-0.237124212644397,-0.237569885636638,-1.10998616990699,-1.11003238407456,-0.640920396448501,-0.643641380040309,-0.63952640374488,-0.636270189519481,-0.634976540962564,-0.637896829243654,-0.639412468148454,-0.543308091577503,-0.542691665976659,-0.335370392086703
123_chr11,0,-0.258220815630568,-2.22950607561838,-2.22706710378637,-0.108378196621776,-0.110429001115047,-1.6722426719722,-1.67176693033714,-0.137559873441036,-0.139102409821959,-0.135890491198414,-0.135038976182179,-0.134238712964683,-0.136247083913007,-0.135788089062793,-0.100088109599252,-0.0982493965508386,0.266825580019905
124_chr11,0,0.0113171709080045,-1.23262005304044,-1.23182315026887,0.105798401399135,0.105831582695562,-0.425779249028495,-0.425986940987351,-0.184043122637398,-0.185734398033706,-0.183401178405262,-0.1800160833339,-0.179581261761181,-0.182208352300348,-0.184153949241481,-0.0855210270348015,-0.0861512041114612,0.0340542036302747
125_chr11,0,0.0698840563512385,-1.57651458454521,-1.57621921697292,-0.18243534971318,-0.182006796774218,-0.634715470904148,-0.635047852018344,-0.716387583795023,-0.719298312058893,-0.715362836240999,-0.710989534081032,-0.709756435416642,-0.712988388890826,-0.715527418208947,-0.591594565428698,-0.591932517794432,-0.483640482061408
126_chr11,0,0.0695444876097242,-1.27916413853497,-1.27878959459223,-0.00435705351039184,-0.00390051990589368,-0.380687279885699,-0.381031485498788,-0.438105448325374,-0.440383548312448,-0.437402277879229,-0.433265347896817,-0.43249937072263,-0.435479928360296,-0.43797813119393,-0.320317985716773,-0.321094303963785,-0.234492675772363
127_chr11,0,0.00227477195287928,-1.85724293275603,-1.85654359965132,-0.254479601829032,-0.254576927456292,-0.973628168126195,-0.973787817709822,-0.733309574205891,-0.736247963552987,-0.731993942097653,-0.72823219356146,-0.726859395600641,-0.729961898694132,-0.731901657550364,-0.623118282096588,-0.62279160062506,-0.450818037727589
128_chr11,0,-0.123363396062412,-2.08232793462358,-2.08080132589886,-0.211214360230185,-0.212258525087618,-1.34955468546457,-1.34940594838526,-0.488409119843018,-0.490770737564819,-0.486873630927778,-0.484479938180626,-0.483311964711094,-0.485924984891824,-0.486713578773086,-0.412234079536733,-0.411110808455593,-0.142648502858212
129_chr11,0,0.00306663714204614,-1.2335301133954,-1.23267530240182,0.116924325124139,0.116896750162338,-0.438592748677258,-0.438780778464911,-0.155036537624225,-0.156660558461088,-0.154395153842091,-0.151110729474525,-0.150711078928378,-0.153294383822777,-0.155162629126607,-0.0590701091820689,-0.0596684827396214,0.0658513383676573
130_chr11,0,0.0954214191287086,-2.14980796986594,-2.14984060814703,-0.560965145559696,-0.560407586851455,-1.08818857070624,-1.08855733639325,-1.34295501046032,-1.3472940948986,-1.34130560245117,-1.33617081868279,-1.33392673747894,-1.33777773965263,-1.34062911383004,-1.19688395361452,-1.19646859199058,-1.0621827886925
131_chr11,0,-0.0590722683301836,-2.3886957401386,-2.38770131619179,-0.485130897331362,-0.485733756050652,-1.51801952279801,-1.51801068394102,-1.00650156525393,-1.01005115384662,-1.00462277766229,-1.00119984361412,-0.999266964973167,-1.00248426092735,-1.00391528380343,-0.903138565652331,-0.90179968332642,-0.651656052734219
132_chr11,0,-0.202559315140352,-1.67103291709146,-1.66884199158974,0.14645307140082,0.144868765918589,-1.11301579268435,-1.1126961645869,0.181381172969791,0.180554738434576,0.182457119360222,0.18355648570484,0.183729138814516,0.181888938098296,0.181896000467387,0.223278577001825,0.224086129794993,0.512616420482826
133_chr11,0,-0.122988607148188,-1.70151724343721,-1.69989494103549,0.0157017193539664,0.0146993419411827,-1.02304491908982,-1.02291325116355,-0.13494860715744,-0.136506819856994,-0.133824803962173,-0.13172387919349,-0.131150547388861,-0.133445981884144,-0.134189892336388,-0.0674925670121578,-0.0669336912380039,0.173235197500293
135_chr11,0,-0.123518955975122,-1.98783737366076,-1.9862852688352,-0.154558115347689,-0.155593739024186,-1.26890036637097,-1.26875527348125,-0.399805558982648,-0.401965743623266,-0.398372268178229,-0.396054274176517,-0.39503495164622,-0.397567827186896,-0.398342999996002,-0.325871592684046,-0.324887447435203,-0.063287505027767
136_chr11,0,-0.0924229489790238,-1.99965431649292,-1.99832440310905,-0.205597888519518,-0.20640608649218,-1.23365762080437,-1.23358598630518,-0.523336664086664,-0.525782621712879,-0.521884775045127,-0.519175450009648,-0.517999694090682,-0.520710392923502,-0.521779031598591,-0.439416688496157,-0.438529867815636,-0.195836514707286
137_chr11,0,0.0266343253470832,-1.88807432344596,-1.88755461860578,-0.307348129248857,-0.307269508621848,-0.964487271651409,-0.964703549506377,-0.850181375860677,-0.853389324086104,-0.848827846961959,-0.844742695664138,-0.843213570176938,-0.846473481093757,-0.848645861974796,-0.731666787368511,-0.731384449857399,-0.572632238264793
138_chr11,0,-0.0042213164798931,-1.22019934182782,-1.2192897287734,0.135194383281454,0.135114589176091,-0.437812449826843,-0.437983711879347,-0.116244287536244,-0.11777896346998,-0.115618682074431,-0.112434220965699,-0.112087771267701,-0.114620535906874,-0.116418664955316,-0.0228633297913223,-0.0234545077716644,0.105718373216401
139_chr11,0,0.0750281112669361,-1.58062649189981,-1.58036843734713,-0.192166962664211,-0.191701008937358,-0.630731849836468,-0.631076291161814,-0.738832556865716,-0.741795127771352,-0.737802400321119,-0.733362677788565,-0.732100323395146,-0.735363503693243,-0.737951352624199,-0.612337552018413,-0.612688415132028,-0.50736508373184
140_chr11,0,0.107899113187306,-1.3098229611137,-1.30972662705005,-0.076917004195159,-0.0761816063018146,-0.350984973631618,-0.351419101473498,-0.605457576623674,-0.608122220912177,-0.604714076163255,-0.600081908753755,-0.599097797723817,-0.602311185912243,-0.605173393019117,-0.47497992013382,-0.475852502302781,-0.41138585225652
141_chr11,0,0.0293089921706057,-1.26963175610511,-1.26897120278117,0.0582450267664367,0.0584067013878717,-0.431216717966518,-0.431465630288651,-0.283631756248796,-0.285552285821044,-0.282946424704353,-0.279311346465208,-0.278738764451174,-0.281494066766633,-0.283613279406757,-0.178631713025548,-0.179273589343373,-0.0677843182552294
142_chr11,0,-0.221107035517663,-1.67868237847029,-1.67636271861981,0.16811800380137,0.166396540069687,-1.1466178599082,-1.1462537919559,0.241368716622397,0.240681606317147,0.242449462029267,0.243326890097621,0.243429251071128,0.241682780228764,0.241863024664421,0.277650841228237,0.278538174995428,0.579428429215705
143_chr11,0,-0.0473256811366428,-1.91084945832329,-1.90981442309175,-0.216342689456063,-0.216810202491653,-1.09186276114102,-1.09190216102925,-0.603777886537581,-0.606413905458247,-0.602413576748942,-0.599219450316283,-0.597982718735287,-0.600862391287836,-0.602343221473302,-0.507833821975503,-0.507244778407534,-0.299775863995985
144_chr11,0,-0.146372948410719,-1.79605658746258,-1.79429390319339,-0.0076890569246052,-0.00887306029723467,-1.1380771092322,-1.13788580648706,-0.138418578549476,-0.13998094181607,-0.13719693106054,-0.135309524353385,-0.134691878820611,-0.136940393235722,-0.137476707470789,-0.0760722482993588,-0.0752872736293702,0.186719029299742
145_chr11,0,-0.0382850230628975,-2.22128303213014,-2.22039187004246,-0.414541859306034,-0.414974718241256,-1.34439802637796,-1.34444574110031,-0.925734958580171,-0.929104275546231,-0.92403329659827,-0.920485663705866,-0.918722729461508,-0.921911760605988,-0.923516770556293,-0.819764267131729,-0.818749636184291,-0.594160377609794
146_chr11,0,0.0215457369673396,-2.10379503499588,-2.103295174328,-0.428994035591902,-0.428974940005079,-1.15656043679153,-1.15675544735249,-1.03276402850947,-1.03638619927434,-1.03117820170583,-1.02698712292719,-1.02514277550541,-1.02855626171156,-1.03070816985134,-0.910833267794486,-0.910213211519757,-0.73233208423726
147_chr11,0,-0.0526890019173198,-1.47853564224563,-1.47735117628671,0.0494505031484922,0.0489878663492933,-0.729637594647158,-0.729682603836241,-0.181566506431552,-0.183241923009571,-0.180670644849306,-0.177880014012366,-0.177344023803834,-0.17983190137491,-0.181207652044834,-0.0973285932350039,-0.0973589070007872,0.081671714368329
148_chr11,0,0.199509282276811,-1.68013068673713,-1.68077557129581,-0.427662616542734,-0.426291599796606,-0.534332059497672,-0.534968346308957,-1.281979272232,-1.28619638510134,-1.28081822332883,-1.27477119179708,-1.27280087695843,-1.27681971629814,-1.2805889528063,-1.11429783495595,-1.11496112572464,-1.08147757787843
149_chr11,0,0.0358151016706191,-1.81757096197058,-1.81709775022503,-0.278223902025932,-0.278070552356857,-0.89074700791837,-0.890988116970415,-0.81771115359605,-0.820846759711687,-0.816432138656202,-0.812289231059732,-0.810829783162592,-0.81408009390703,-0.816329751748143,-0.697965159337234,-0.697820950079338,-0.550101860486928
150_chr11,0,-0.0118736909406482,-1.21408240580341,-1.21311728533257,0.149671278965668,0.149535846878449,-0.44373854521642,-0.443891866315084,-0.0828548036537198,-0.0843123576837561,-0.0822372446886877,-0.0791515915381091,-0.0788486631083183,-0.0813349742485068,-0.0830604784971443,0.00799425307283608,0.00742228131773359,0.141011452098663
151_chr11,0,-0.008754728760905,-2.20194808316448,-2.20126003441498,-0.444761064456762,-0.44497481680716,-1.28477395295981,-1.2848927255038,-1.01457506384867,-1.01815104610762,-1.01288878006039,-1.00899338175548,-1.00712973914206,-1.01046199401034,-1.01234182570331,-0.899830187847919,-0.89895315810517,-0.694569709517453
152_chr11,0,-0.128801847135466,-2.01001626981212,-2.00843266250543,-0.160332798892169,-0.161409538881315,-1.29559067645508,-1.29543207624342,-0.40135440983003,-0.40351727094062,-0.399898126776245,-0.397627728778367,-0.396597109539699,-0.399120074123116,-0.399848451592618,-0.328555758353384,-0.327519320035538,-0.060925479340705
153_chr11,0,-0.0860014459200804,-2.04422882924662,-2.04295567978609,-0.241303345591804,-0.242068897470846,-1.26244550542152,-1.26238725053752,-0.588104720321982,-0.590698931000963,-0.586603432506294,-0.583780392936324,-0.582506355429215,-0.585289138504864,-0.586423712846431,-0.50114492448688,-0.500215908270539,-0.258322763547574
154_chr11,0,-0.00167739711318915,-2.3553716379009,-2.35477308239338,-0.546406207941012,-0.546583648791047,-1.40577689754891,-1.40590598540213,-1.1831352773056,-1.18709555144134,-1.18128177771384,-1.17717960642757,-1.17504432862766,-1.17854356450504,-1.18050926758979,-1.06262010083657,-1.06154236816222,-0.850357120667407
155_chr11,0,-0.0724053447023764,-1.46277535658919,-1.46144787577197,0.0867502248541281,0.086144236794772,-0.744906179408274,-0.744904963729818,-0.0955385012652954,-0.0970152132585653,-0.0946633714819916,-0.0921273193490637,-0.0917034616879957,-0.0940716518190179,-0.0952602846923685,-0.0178240310382409,-0.0178048599647269,0.172604332048156
156_chr11,0,-0.112515576599204,-2.02303472251036,-2.02156924962132,-0.191143449997591,-0.192101777691411,-1.28297838294627,-1.28285796581484,-0.472416035259598,-0.474743032115812,-0.470942627139062,-0.46846193975377,-0.467338695781204,-0.469960525658745,-0.470843467851044,-0.394228830835416,-0.39323326842894,-0.13603845684618
157_chr11,0,-0.0290245965477199,-1.87816223711735,-1.8772477327621,-0.22270452084512,-0.22303412276571,-1.03718883737929,-1.03727315417366,-0.639544288541002,-0.642264534250981,-0.638211896299696,-0.63481841408803,-0.633551690491441,-0.636502747325771,-0.638151274595956,-0.538642931044155,-0.538169775176214,-0.344748542612666
158_chr11,0,-0.105969779942676,-1.84013710614521,-1.83867053408099,-0.0911628010004328,-0.0920542536185378,-1.11687531637035,-1.11677823803245,-0.325688887247136,-0.327683398997435,-0.324412013904707,-0.321993716630456,-0.321127833950143,-0.323631504846996,-0.324552756660478,-0.24970114071813,-0.2490001490791,-0.00944290258022162
159_chr11,0,0.0354173010623787,-1.8837354588719,-1.88327652907912,-0.317179217365348,-0.317035574200148,-0.94796217517695,-0.948199527255137,-0.877919844809211,-0.881192250081878,-0.876569363223186,-0.872379676189454,-0.870818387073913,-0.874122080850143,-0.876376378618962,-0.756762857851345,-0.756519358780567,-0.603672801986447
160_chr11,0,0.144505948356424,-1.63616369630223,-1.63640960757805,-0.323606348578701,-0.322635243586811,-0.576927335673532,-0.57743466744217,-1.04198409938226,-1.04564687949599,-1.04088088666466,-1.03554406176801,-1.0338865668077,-1.0375715101352,-1.04081873793416,-0.892501326831884,-0.893026568106832,-0.827799845196227
162_chr11,0,-0.0924781627703706,-2.16352379134596,-2.16223580407635,-0.303393847325362,-0.304219247312949,-1.37400575247274,-1.37392702508886,-0.675820674295157,-0.678613240466287,-0.674191609861198,-0.671354998359908,-0.669922887313413,-0.67277082150325,-0.673859684108079,-0.588115635296012,-0.586986337034131,-0.332185291050529
163_chr11,0,0.186381318617146,-1.66963683097396,-1.67018649027291,-0.402826905558935,-0.401551338062925,-0.544498520289293,-0.545104028655111,-1.22469823700918,-1.22878304407535,-1.22355099220275,-1.21767346979403,-1.21577781748403,-1.21971696393238,-1.22336160960439,-1.06136038024261,-1.06199072194062,-1.02093084700684
164_chr11,0,0.0973461926174854,-1.31643579005971,-1.31626679497497,-0.0659406904212425,-0.0652835618587033,-0.372038221517522,-0.372446968801544,-0.573433313319405,-0.576023475490708,-0.5726846381223,-0.568176979546723,-0.567229322156841,-0.570391279029032,-0.57315523851955,-0.446098076093119,-0.446921923859582,-0.37525640078703
165_chr11,0,-0.0552914519071279,-2.04237512264697,-2.0413179142093,-0.283632099410044,-0.284171662595397,-1.21606412588467,-1.2160789920387,-0.697501543295255,-0.700349336079639,-0.695996511047097,-0.692797559062811,-0.691390206971371,-0.694337255434085,-0.695759940835463,-0.600993500425223,-0.600180595203561,-0.37795567702597
166_chr11,0,-0.033361431967864,-2.03393083898676,-2.0330259954212,-0.309606200913331,-0.30998365564365,-1.17684817432545,-1.17691555874198,-0.768987357024909,-0.77200115174786,-0.767487350052417,-0.76402551925707,-0.762534117096333,-0.765592491358127,-0.767220015682764,-0.665826126903572,-0.665106664012033,-0.457451419443584
167_chr11,0,0.116474927921626,-1.61375706165858,-1.61379964656401,-0.270576774446149,-0.269809474092199,-0.598634911775003,-0.599076524955731,-0.919676793353478,-0.923057072176973,-0.918603055345572,-0.91362816881306,-0.912130094378333,-0.915644876276071,-0.918626075895434,-0.779468497574815,-0.77992338551108,-0.69851957794987
168_chr11,0,-0.154511588600807,-2.31240618853568,-2.31071948402679,-0.304577124013553,-0.305873891688398,-1.59192893728637,-1.59169634141797,-0.590072695720981,-0.592660430956286,-0.588294262886843,-0.586103647566904,-0.584713559961128,-0.58735149451709,-0.587876751272645,-0.518287203653105,-0.51670878403178,-0.211485818507575
169_chr11,0,-0.0560667682093449,-1.73331414594838,-1.73217166638346,-0.097943156664412,-0.0984567427787966,-0.952647651189133,-0.952673802927734,-0.406731483030734,-0.408918191109085,-0.405560771604576,-0.402612690900814,-0.401692730394696,-0.404376201671608,-0.405752486917739,-0.317636809975101,-0.31727797551007,-0.11732906507437
170_chr11,0,0.0146154582661603,-2.60047195569492,-2.60005151038079,-0.71584132774905,-0.715924095469202,-1.5918104538828,-1.59196788109372,-1.47046076711273,-1.47507677589695,-1.46833920007278,-1.46384542681644,-1.46125408258154,-1.46504700255624,-1.4671967087609,-1.33916992302209,-1.33778996782226,-1.11891002383327
171_chr11,0,0.0342883940364391,-2.01252635105714,-2.01209272266797,-0.392505227424807,-0.392383085292852,-1.05985016704263,-1.06007936272767,-0.993834569412221,-0.997370284564153,-0.992345042539703,-0.988068655132441,-0.98631070223627,-0.989716392881509,-0.991976393146145,-0.870041789716814,-0.869603711500154,-0.706550895369722
172_chr11,0,0.183031086216682,-1.66695881810807,-1.66748417609428,-0.396488877378514,-0.39523766835718,-0.54709298255512,-0.547690636317747,-1.21008022121399,-1.21413126408032,-1.20893649918789,-1.20310223519844,-1.20122563662968,-1.2051444455974,-1.20875729591508,-1.04785083827734,-1.04847277143256,-1.00547943163376
173_chr11,0,-0.000279968701349942,-2.25166242447771,-2.25104693661236,-0.486440485057647,-0.486597021325199,-1.31496643248673,-1.31510324986989,-1.0915618083465,-1.09531414657708,-1.0898201839256,-1.08578182729245,-1.08380274730502,-1.08722248693916,-1.08918818355983,-0.973016583812344,-0.972097339419504,-0.769441316668073
175_chr11,0,-0.0898214361456441,-2.44730674716426,-2.44611076229025,-0.476646076267066,-0.477481029135068,-1.61304067235398,-1.61295620810209,-0.94984605872923,-0.953261947305661,-0.947909653428425,-0.944818791639765,-0.942930526186063,-0.946030980884473,-0.947180709138591,-0.854726585863837,-0.853187534775757,-0.579169344406515
176_chr11,0,0.0761953822952791,-1.58155955159784,-1.58130996398563,-0.194375226386693,-0.193900785803292,-0.629827900415941,-0.630175078402404,-0.743925691994855,-0.746900026852229,-0.742894308060953,-0.738439513648748,-0.737170520647174,-0.740440786827412,-0.743039713734907,-0.617044478302111,-0.617398271077676,-0.512748587726785
177_chr11,0,0.0556161360290589,-1.82258802868245,-1.82225565446512,-0.309226825891697,-0.308928401115668,-0.866159000209493,-0.866446991961279,-0.894035724367316,-0.897347991346329,-0.892747578001971,-0.888357440354315,-0.886802306849994,-0.890163745691776,-0.892599956664688,-0.767989114311541,-0.767910585916895,-0.632415404523723
178_chr11,0,-0.00721863272668943,-1.77236097006702,-1.7715728163145,-0.190354912698761,-0.190513339549883,-0.914819038389568,-0.91495971433871,-0.619869776347937,-0.622548784067385,-0.618647700947508,-0.61506888993234,-0.613871115942746,-0.616851118292945,-0.618690996385773,-0.514612976803577,-0.514376743277303,-0.34261875883965
180_chr11,0,-0.192871577498288,-2.6833520475092,-2.68149079974797,-0.471875357390556,-0.473492191866987,-1.96540121541978,-1.9650616234534,-0.796892444978222,-0.799944179787705,-0.79472010354565,-0.792711180293892,-0.790910385348185,-0.793652521905,-0.793864558540019,-0.728480280099272,-0.726211822044234,-0.369263484522856
181_chr11,0,0.117082995769702,-1.3171641102564,-1.31713439258711,-0.0942912336978139,-0.0934890627139591,-0.343872859018165,-0.344328518427055,-0.645529465556516,-0.648286666542516,-0.644776308213515,-0.640025557913105,-0.638989215485042,-0.642258354144436,-0.645207720816933,-0.512013185985397,-0.512908818217885,-0.453742312213909
182_chr11,0,-0.155406697395907,-1.92354314534397,-1.92174971860589,-0.0710554984892939,-0.0723189904476688,-1.26037890407286,-1.26016069904791,-0.224514361779081,-0.226270989013089,-0.223156559081027,-0.22128060410389,-0.220503399943945,-0.222810133662863,-0.22327776426978,-0.162031321654121,-0.161024514374604,0.116119461416323
183_chr11,0,0.243021490941904,-2.06104370115156,-2.06209358658296,-0.716713149189345,-0.71506124627525,-0.796914318841604,-0.797637915329435,-1.79434005694285,-1.7997287910449,-1.79275899623158,-1.78587983973803,-1.78312005781616,-1.78769354023014,-1.7919195418092,-1.6042305814335,-1.60449134079548,-1.57061911718884
184_chr11,0,0.00190035427055901,-1.81230996092285,-1.81159638639636,-0.227112986695876,-0.227208459798578,-0.935712964855384,-0.935873632762496,-0.690088882554341,-0.692928965418985,-0.688821904820821,-0.685099845027561,-0.683799067503544,-0.686861837246968,-0.688792393031632,-0.581057119389171,-0.580795487107051,-0.411894091016068
185_chr11,0,-0.104429658363329,-2.43562964469179,-2.43432769732497,-0.449009986284561,-0.449951150892052,-1.62435346406041,-1.62423475090423,-0.886106234862639,-0.889374899343742,-0.884185190155288,-0.881282950684705,-0.879477766418474,-0.882489542362409,-0.883500631398137,-0.795820107895196,-0.794244392526285,-0.511795597643018
186_chr11,0,0.156361209192533,-1.34856120404641,-1.34881639561147,-0.168598444002383,-0.167510693616087,-0.313455314676917,-0.314003061661704,-0.816911470023475,-0.820064523382957,-0.816117011510558,-0.810859098356563,-0.809599369361381,-0.813106945182561,-0.816429081431501,-0.670399413902882,-0.671393628113797,-0.634895115411872
187_chr11,0,0.0795433247258061,-1.84171425979576,-1.84155544431284,-0.354492699452352,-0.354020307694257,-0.847629483214668,-0.847973572141277,-0.998436846586488,-1.00199025575632,-0.997123540703948,-0.992424453635221,-0.990733239284088,-0.994239927373869,-0.996903219143455,-0.864473573050818,-0.864455098039316,-0.742768623963763
188_chr11,0,-0.109332951085365,-1.43325722376156,-1.43166188412021,0.156610515697959,0.155736038752642,-0.773503383982701,-0.773415591714854,0.0655871368576624,0.0644825874288237,0.0664234371420425,0.0684826776127996,0.0686965172892653,0.066552495033771,0.0657143233191868,0.131083563562878,0.131195416970402,0.342916034865599
189_chr11,0,-0.0777864500556845,-1.16139495137123,-1.15995172479277,0.27436618808973,0.273751525286014,-0.494782217988722,-0.494781006951663,0.204741290788717,0.203948016517477,0.2052895422719,0.207524125577714,0.207452189070813,0.205365999266077,0.204266039540888,0.273782138470805,0.27337559710652,0.445003921197588
190_chr11,0,-0.136350187516742,-1.92604755028739,-1.9243890654267,-0.0995046408629092,-0.100628274375488,-1.23472611874171,-1.23455313234355,-0.295803725217845,-0.29772544860253,-0.294439647309984,-0.2923275730169,-0.291461920191343,-0.293873653041599,-0.294520528159167,-0.227310899059233,-0.22637073898248,0.038837736121299
191_chr11,0,-0.102226912315675,-2.37050736824039,-2.36920412787314,-0.413230053359382,-0.414148347222006,-1.56539765191611,-1.56528694443634,-0.833399810679509,-0.836549018157013,-0.831548767827926,-0.828670315020873,-0.826957333963191,-0.829926347550916,-0.830949875776545,-0.74393677799798,-0.74246547478162,-0.466215316158784
192_chr11,0,-0.120992486301516,-2.33919972894748,-2.33775615926933,-0.367989147288675,-0.369042208227117,-1.56597132130492,-1.56581731080504,-0.736326062139281,-0.739251608467452,-0.734512383859415,-0.73188896770435,-0.730308247263139,-0.73314965847757,-0.733993028010616,-0.653450280425814,-0.651955988343189,-0.36607735445219
193_chr11,0,0.058805383480665,-2.05688915393048,-2.05663975744106,-0.453678315224313,-0.453380456194297,-1.06206213164774,-1.06234775521216,-1.12388381547518,-1.12771906883043,-1.12234173134797,-1.11772944000965,-1.11579327268765,-1.11936857798107,-1.12186439127222,-0.991404596405218,-0.990991437754001,-0.840263217850336
194_chr11,0,0.110098223984563,-1.86613836044016,-1.86620117858553,-0.412296991633718,-0.411602444917147,-0.823967383489293,-0.824383108225154,-1.13175655298148,-1.13561789951249,-1.13041111852241,-1.12531750460155,-1.12345251569554,-1.12714468634226,-1.13009795914363,-0.987683740119675,-0.987741952975494,-0.883689128482887
195_chr11,0,0.133434168638377,-1.62731345399392,-1.62747905478696,-0.302660562295139,-0.301769956693632,-0.585501461662533,-0.585982835698722,-0.993674778877562,-0.997225975752189,-0.992583208172559,-0.987389342817769,-0.985794816272964,-0.989412548709186,-0.992554699869565,-0.847855268035957,-0.848352720930166,-0.776736322761455
196_chr11,0,-0.19221622712252,-1.98616868201397,-1.98413202237396,-0.0563967125594135,-0.0579372696363713,-1.36767622998289,-1.36736781472827,-0.149669958031995,-0.151250570821197,-0.148251331341758,-0.146778782547013,-0.146066786645039,-0.148227325019463,-0.148357266531844,-0.0972300496422327,-0.0959947655965185,0.209173938775109
197_chr11,0,-0.0229646501135147,-2.71913093781831,-2.7184762984187,-0.733559647058013,-0.73393088889583,-1.74819480302407,-1.74825780678719,-1.44503664927001,-1.44958885964491,-1.44279381568837,-1.43866916111169,-1.43605870142794,-1.4397482933859,-1.44156016792146,-1.32272944272699,-1.32103532309447,-1.06951246910146
198_chr11,0,0.169238275471916,-1.65593351591523,-1.65635882609361,-0.370395397064903,-0.369244471185475,-0.557774309322785,-0.558339625909263,-1.14989826926967,-1.15381030589324,-1.1487690504292,-1.1431128801117,-1.14131472524938,-1.14514980539237,-1.14863175514786,-0.992232441311931,-0.99281975673755,-0.941866397520016
199_chr11,0,0.131287000292467,-1.32851810075984,-1.3285914135418,-0.12116261758379,-0.120257173798797,-0.332873098597714,-0.333362059224519,-0.707505572778192,-0.710405924086301,-0.706737479877966,-0.701803326544721,-0.700686201832201,-0.70404156545524,-0.707125735121263,-0.569289688698629,-0.570220970690753,-0.519251789649556
200_chr11,0,0.0244078886029586,-1.92087356743295,-1.92034664202051,-0.323789029665457,-0.323730140973808,-0.995810046321823,-0.996019635311715,-0.872685401915864,-0.875944149106047,-0.871296825241613,-0.86721341929662,-0.865642809693251,-0.868918226751641,-0.871073854603095,-0.754105118190216,-0.753766069239048,-0.591181453465292
201_chr11,0,-0.198529645632426,-2.55947308246115,-2.5575399724579,-0.389883654947415,-0.391529393846463,-1.867617409777,-1.86726962302971,-0.660995717333023,-0.663737635732251,-0.658958380601463,-0.657115719391034,-0.655534001045498,-0.658141616409509,-0.658284847269238,-0.597225061443929,-0.59511886537075,-0.243698376904374
202_chr11,0,-0.0943343823513354,-1.92204593007674,-1.92068250598943,-0.156541342169492,-0.157355639582877,-1.17001513920441,-1.16994225543715,-0.444109284953417,-0.446374842249606,-0.442741668671676,-0.440116435087745,-0.439070682991525,-0.441705925185229,-0.44274679326535,-0.362587051189014,-0.361807914734277,-0.123616441341134
203_chr11,0,-0.138124355691493,-3.33799349175333,-3.33668710389314,-0.940305912977588,-0.941587310793351,-2.44589942182508,-2.4456622328615,-1.60495090364764,-1.60984821716029,-1.60206047529344,-1.59886761958179,-1.59579889748025,-1.59938607816366,-1.60019501703627,-1.50425041819251,-1.50121620905715,-1.13085860683952
204_chr11,0,-0.153052300323029,-1.97737646517394,-1.97561353147658,-0.10653847329909,-0.107790172014811,-1.30302448485277,-1.30280959268522,-0.283192414620056,-0.285082801498685,-0.281775963301769,-0.279829039640159,-0.278957095763273,-0.281321723841074,-0.281818274755296,-0.218724946772732,-0.217647240913443,0.0619653336801926
205_chr11,0,-0.0814708050645096,-1.83623928838224,-1.83494435916009,-0.123485867390045,-0.124196789019026,-1.07780384336025,-1.07776520027976,-0.410706580330097,-0.412898264419973,-0.409429335448628,-0.406713042102065,-0.405744595271603,-0.408377279043223,-0.409528065982798,-0.327157824882994,-0.326553037493504,-0.10286438185298
206_chr11,0,0.0291564811191596,-1.86745283987345,-1.86694558420265,-0.298598881925412,-0.298499603233477,-0.943156966434248,-0.943380119168259,-0.840093918675097,-0.843279339784448,-0.838762214853071,-0.834662174892251,-0.833154152910772,-0.836410375079288,-0.83860382703039,-0.721270103420495,-0.721027564760134,-0.565398676821252
207_chr11,0,0.0570044148757454,-2.03068443348186,-2.03041557847572,-0.435479792474859,-0.435192489377275,-1.04225859372696,-1.04254104700981,-1.0929510221654,-1.09671567315687,-1.09143760932266,-1.0868679111727,-1.08498076569184,-1.08852435322861,-1.09099993971087,-0.961642311749248,-0.961261247079824,-0.811318156758238
208_chr11,0,-0.217399320781364,-1.88681990006014,-1.88458011558396,0.0385598921026169,0.0368443563921845,-1.31936943880334,-1.31900534730543,0.0340222387320939,0.0328632084892182,0.0353287292624023,0.0364142508337655,0.0368589762589924,0.0349177982249771,0.0350368840407758,0.0762918174458098,0.0774731857450473,0.391339208946397
209_chr11,0,-0.202494742154315,-1.83558779807012,-1.83343981983399,0.0480783159595162,0.0464776189564182,-1.25377588730301,-1.25344942211046,0.0278250942240073,0.0266495950392653,0.0290789795335602,0.0303076394971007,0.0307382523247708,0.0287595942005003,0.0287452211668229,0.0735608767978078,0.0746114783047345,0.375223772247121
210_chr11,0,0.0169217576067848,-2.01097867819784,-2.01042226387219,-0.367017651276189,-0.367023040666566,-1.0838569798711,-1.08404493557029,-0.929551432487449,-0.93293824768284,-0.928066830010557,-0.924005049890954,-0.922326551928503,-0.925637171027907,-0.927733914631755,-0.811218462982904,-0.810718561489063,-0.636734525644923
211_chr11,0,-0.00706897621228775,-2.38228728954762,-2.38165768876186,-0.554856278522462,-0.555076120326385,-1.43668027117431,-1.43679539196786,-1.18870426746254,-1.19267633903426,-1.1868226742967,-1.1827657356452,-1.1806122260396,-1.18410493958652,-1.18602342639807,-1.06924844271189,-1.06811101264839,-0.851513775157684
212_chr11,0,-0.0848513454328743,-1.75400473938176,-1.75266475176304,-0.0695883699796573,-0.0703157186587524,-1.01234438886593,-1.01230119884519,-0.321852860810926,-0.323842027775013,-0.320665165790283,-0.318054628618829,-0.317229946001278,-0.319775357890579,-0.320883994759376,-0.241268016659574,-0.240772329651759,-0.0209920149095146
213_chr11,0,0.0216934957832486,-2.62401410007589,-2.62364961433341,-0.739913412530945,-0.739946551169452,-1.60163758740073,-1.60181084926797,-1.51800778460824,-1.52273300555221,-1.51585943738067,-1.51126030626981,-1.50860070250004,-1.51245159954091,-1.51467074357332,-1.38396009299108,-1.38257146137101,-1.16645877859895
214_chr11,0,0.0314942031401835,-1.79256957228367,-1.79205945428286,-0.257179926514028,-0.257055784183628,-0.875649143753955,-0.875881037868324,-0.77878119528195,-0.781827617643421,-0.777530022231163,-0.773459732682055,-0.772058599756413,-0.775264596111667,-0.777470519052697,-0.660964805906482,-0.660841608874484,-0.512216313204981
215_chr11,0,-0.03701487025126,-1.8371962516165,-1.83621485969829,-0.186935469127875,-0.187319621566666,-1.0137780122601,-1.01384506489274,-0.57246185214087,-0.575028333177436,-0.571175250579557,-0.567911941846736,-0.566744807755417,-0.569618338228067,-0.57118665691746,-0.475006539299694,-0.474564452576981,-0.279079421088205
216_chr11,0,-0.17937110889778,-1.67845023677314,-1.67642463870799,0.109225769709354,0.107811197879892,-1.08554168695502,-1.08527689581923,0.0905637211240991,0.0895271400708264,0.0916520283042295,0.0930421201248994,0.0933292414929574,0.0913576088611467,0.0911460110662254,0.13987530668103,0.140608223045041,0.414937183930355
217_chr11,0,0.153188625671322,-2.37433775595138,-2.37483547095119,-0.776775052835316,-0.775815767744023,-1.19611841554494,-1.19661503928386,-1.76118888743933,-1.76648790771177,-1.75928589028936,-1.75326593715589,-1.75041403685739,-1.75476540277687,-1.75818759188882,-1.59186631368211,-1.59133225070006,-1.47724504934245
218_chr11,0,-0.18367780009098,-2.06212308609895,-2.0601662118612,-0.113838542382739,-0.115324104773117,-1.4202365877088,-1.41994525398259,-0.251336006375671,-0.253149084802472,-0.24983365476917,-0.2481968745704,-0.247328070087563,-0.249598459941516,-0.249818185597901,-0.194467009908481,-0.193150951479305,0.112182990110715
219_chr11,0,0.106084889880817,-1.89559001240611,-1.89563215291057,-0.424211111163405,-0.423549091630102,-0.855031145204306,-0.855436073236671,-1.14467561121055,-1.14856568316858,-1.14329908309699,-1.13823178578463,-1.13633848065488,-1.14003369935176,-1.14295301765455,-1.00117285696118,-1.001172711054,-0.892397633081601
220_chr11,0,-0.0325614779147677,-1.91068881845365,-1.90975778814279,-0.237129088474308,-0.237488029575201,-1.07018968045787,-1.07026420313911,-0.657052424934167,-0.659811903828399,-0.655685525046291,-0.652310103662491,-0.651008135515834,-0.653967393794338,-0.655586829348978,-0.556500973253455,-0.555966671369788,-0.357899674973727
221_chr11,0,0.0614420906040223,-1.95047690761414,-1.95021861422993,-0.393850979961683,-0.393522827361223,-0.967130292755045,-0.967426708247224,-1.03427614700528,-1.03790813104828,-1.03284862874647,-1.02828703476973,-1.02650580094163,-1.0300060329609,-1.032513133616,-0.903442551024499,-0.903196451945144,-0.761984779840434
222_chr11,0,0.00288677175943297,-2.12864716042109,-2.12802222359931,-0.417446366553252,-0.417567010369077,-1.20504975916779,-1.20519933447357,-0.988402362002225,-0.991920710551219,-0.986793156431082,-0.982811949407274,-0.981011450241164,-0.984345043866694,-0.986324902914629,-0.871722466332653,-0.870996785031636,-0.679417589060483
223_chr11,0,0.00394963914132018,-1.80298550477046,-1.80228396417049,-0.224442272461224,-0.224521722241529,-0.9247423386352,-0.92490827679564,-0.688816240046539,-0.691653757523489,-0.68755896087001,-0.683819001185859,-0.682523734837782,-0.685589743973047,-0.687538360856166,-0.579360807856566,-0.579120526600002,-0.412209433110411
224_chr11,0,-0.0734474251783968,-2.20774514340864,-2.20660268875808,-0.356722750257465,-0.357412757134399,-1.38409907595023,-1.38406373366079,-0.78588614352942,-0.788931945215469,-0.784205701787907,-0.78110071108323,-0.779514941927939,-0.782502748572886,-0.783775894172137,-0.691211398048825,-0.690086975191237,-0.444131671582868
225_chr11,0,0.142928110393221,-1.96967437181742,-1.96999528458116,-0.520570044564167,-0.519644724484231,-0.864704447164211,-0.865193857799835,-1.34702005073341,-1.35137596783974,-1.34555652117965,-1.33997864756359,-1.33780591336101,-1.34176224813092,-1.34503687639252,-1.19029152594423,-1.19031786165876,-1.09951726096694
226_chr11,0,0.106353944207881,-2.14561251662504,-2.14572111530608,-0.573922190251035,-0.573283818899587,-1.06865082318244,-1.06904576960311,-1.37860523770825,-1.38302710725059,-1.37695831956062,-1.37169247471534,-1.36940647077571,-1.37331298284343,-1.37626647484992,-1.22921711356403,-1.22884831372459,-1.10182472053121
227_chr11,0,0.125924985793365,-2.38181449565087,-2.3821220088086,-0.742679248243415,-0.741921188479536,-1.24228597962141,-1.24271744043515,-1.66950189056104,-1.67458813640452,-1.66759591273312,-1.66190513271186,-1.65916245534874,-1.66337288409576,-1.66654003279532,-1.50852073543979,-1.50787497077128,-1.37589717622591
228_chr11,0,0.0083604381678497,-2.11965713075863,-2.11906844654754,-0.419818806317457,-0.419898282936889,-1.1893704711151,-1.18953344719874,-0.999832429680272,-1.00337763513542,-0.998231920034752,-0.994190473662811,-0.992379772811917,-0.995735376743255,-0.997765491805709,-0.881651611972487,-0.880959428860578,-0.693523815936421
229_chr11,0,-0.0999192309303787,2.63138958804509,2.6339681812206,2.57098078131351,2.57059213192082,2.7194494915816,2.71934221798506,3.81871905078916,3.82614438788853,3.81516216781575,3.8141630185771,3.80805386211196,3.80927041413676,3.80885835089109,3.79284244782135,3.78691014906109,3.69319332694903
230_chr11,0,-0.043762236358058,-1.82044318699902,-1.8194099189302,-0.16738598528573,-0.167818031364303,-1.00927980855499,-1.00933152460174,-0.532437027406084,-0.534911448119685,-0.531169803362699,-0.528002487680519,-0.52689151550939,-0.529714552388859,-0.531217397378769,-0.43747775887623,-0.437035531941591,-0.23849338292222
231_chr11,0,-0.0102318929302434,-1.79164947765172,-1.79084506960712,-0.197613402351003,-0.197795961542399,-0.935724696105738,-0.935857385734812,-0.626938186514086,-0.629632780150033,-0.625695819264927,-0.622138972447856,-0.620924360576903,-0.623904281166833,-0.625718308331048,-0.522174923490447,-0.521899048876474,-0.346803599582548
232_chr11,0,-0.126745615686527,-2.43494128824914,-2.43348189795222,-0.41703538174821,-0.418140556395145,-1.65631507788406,-1.65614331650737,-0.804714658937325,-0.807794742625841,-0.80279853597075,-0.800171049290961,-0.798465927582205,-0.801356628921546,-0.802158099351995,-0.721414161212751,-0.719757080973608,-0.423165974007455
233_chr11,0,0.0937920593518046,-2.34142825482367,-2.34149889184249,-0.673109328598881,-0.672583390352686,-1.25458670782027,-1.25494345767002,-1.51559952881661,-1.52033079786795,-1.51374323420998,-1.50847883637307,-1.505941927869,-1.50994495655577,-1.51280528717135,-1.36559113188382,-1.36488645314949,-1.21544733968345
234_chr11,0,-0.0705679290795537,-1.79901601974416,-1.79778831336656,-0.116674507526458,-0.117301449274725,-1.03003847540617,-1.03002734563974,-0.41547617431736,-0.417680442797395,-0.414237136547569,-0.411415937718175,-0.410457417279304,-0.413117731042438,-0.414366176815803,-0.329385964802801,-0.328876459904341,-0.114864379589304
235_chr11,0,-0.226147066908779,-1.9322032348268,-1.92991352228729,0.023826588398993,0.0220420822649325,-1.37097604357929,-1.37058921798433,0.0233904407168017,0.0222086409360538,0.0247443649535222,0.0257578351244752,0.0262348239259176,0.0243027904438313,0.0244982670191412,0.0639809896834169,0.0652617487969256,0.388034845051421
236_chr11,0,0.0962232535318634,-2.15044891729623,-2.15048737177938,-0.562482069890832,-0.561918681299566,-1.08756762002171,-1.08793826560548,-1.34645364176984,-1.35080080722872,-1.3448033906292,-1.3396582535227,-1.33740961205455,-1.34126548173881,-1.34412446571934,-1.20011728617889,-1.19970393702992,-1.06588088331479
237_chr11,0,-0.0845269279233691,-2.14137947180304,-2.14014180031443,-0.301413894416381,-0.302178562337341,-1.34345290057504,-1.34339402557519,-0.683959431321344,-0.686771768743401,-0.682352822248378,-0.679435799521197,-0.678003095333399,-0.68087537744487,-0.682036093675953,-0.594284905603,-0.593217699865666,-0.345105080487862
238_chr11,0,0.0581243179016964,-1.90188634393688,-1.90159212221552,-0.360136748490931,-0.359828009825323,-0.930377574672541,-0.930668163238704,-0.976997010552325,-0.980498260920714,-0.975622652463806,-0.97113977094761,-0.969449340455737,-0.972890876465001,-0.975360674999051,-0.84832707197998,-0.848140563857851,-0.708398536541235
239_chr11,0,-0.161514646078935,-1.93149139145839,-1.92965697317619,-0.0671637117490301,-0.0684729277565946,-1.2760916411994,-1.27585857104322,-0.209818474346752,-0.211540719644348,-0.208453220898163,-0.206646112762039,-0.205883555018371,-0.208163979216156,-0.208575266467335,-0.149058626303458,-0.148017519521123,0.133596694815986
240_chr11,0,0.0480896519284863,-1.97515740974877,-1.97481139208617,-0.389706304806665,-0.389478857183129,-1.00773242732952,-1.00799603618331,-1.00895621817104,-1.01252851257775,-1.00750451335628,-1.00308771932358,-1.00132706486052,-1.00477591329139,-1.00716076776129,-0.881720149992567,-0.881388269432313,-0.729866141342993
241_chr11,0,0.130523242482827,-2.00569702114914,-2.00593981618966,-0.524539909864906,-0.523709490171461,-0.913632976627203,-0.914091352536172,-1.33569683924568,-1.34002503463719,-1.33419668192966,-1.32874310761414,-1.32656898928275,-1.3304885762663,-1.33365129105152,-1.18200672471776,-1.18193400818387,-1.080590012117
242_chr11,0,0.0427164398529547,-1.9009295837412,-1.9005265324484,-0.337772554409583,-0.337577005840839,-0.952033079149898,-0.95228706144229,-0.920352210527036,-0.923722236979627,-0.918981771232301,-0.914688966623046,-0.913068377496376,-0.916425914384545,-0.918750922447176,-0.79651661712277,-0.796274643124332,-0.646803639410952
243_chr11,0,0.0257584679307102,-2.0057079429213,-2.00521244168955,-0.376368164208678,-0.376308040457598,-1.0664558495047,-1.06666504682043,-0.956616078382151,-0.96006582751882,-0.955135520754839,-0.950969272309806,-0.949259831572019,-0.952613741568555,-0.954792788636382,-0.8356455506171,-0.835186063662159,-0.667210510701765
244_chr11,0,0.0996499123664306,-1.89044620430107,-1.89044166792395,-0.412037308289043,-0.411422075431435,-0.860014473029624,-0.860404314289231,-1.11659797607875,-1.12042319526216,-1.11522821436509,-1.11024400590212,-1.10838729835182,-1.11204345371967,-1.11490170091882,-0.975224329102605,-0.975208032440101,-0.862719241075885
245_chr11,0,-0.378459868867751,-2.97881810742336,-2.97572527724851,-0.385853628895121,-0.388865306459212,-2.48901723402206,-2.48822367686775,-0.400639569256904,-0.402760906422168,-0.398182493095498,-0.398223323831974,-0.396783059845698,-0.398771077683297,-0.397277967689649,-0.383334039679263,-0.379943622215436,0.116807046740123
246_chr11,0,-0.0378843149821644,-1.7478483148822,-1.74683772392362,-0.132341039308936,-0.132722426586483,-0.938566929866178,-0.938635710275883,-0.48606669226379,-0.48843664613258,-0.484876861928578,-0.481694008202821,-0.480670638823072,-0.483464486111621,-0.485013331787505,-0.390956086234883,-0.390642886793841,-0.201187318393117
247_chr11,0,-0.133047656579451,-1.7718744894774,-1.77019946687764,-0.0120930168789472,-0.0131765659595718,-1.0979411917152,-1.09778260986757,-0.164104659885641,-0.165727540765636,-0.162906665129279,-0.160874402853058,-0.160235517926409,-0.162535687652291,-0.163194056269621,-0.0981577156534672,-0.0974576853794544,0.15429214543432
248_chr11,0,-0.00209723929037153,-1.22189722584354,-1.22100302003789,0.131176016948805,0.131111666333398,-0.43616753763593,-0.436343779576834,-0.125512239784071,-0.127068322521315,-0.124884400848144,-0.121672513516201,-0.121313983576503,-0.123859642359588,-0.125677929945939,-0.0314284997554513,-0.0320250088268339,0.0959220382113322
249_chr11,0,0.0712498098433371,-1.88990261681859,-1.88969779866138,-0.371543814415951,-0.371137340800008,-0.900974549602034,-0.901296865635463,-1.01332583103493,-1.01691175951248,-1.01196197345379,-1.00732716582855,-1.00559728098285,-1.00909963139844,-1.01169115238261,-0.880834637331531,-0.880714301264889,-0.750202995411105
251_chr11,0,0.118309512167341,-1.98432312047558,-1.98447432354728,-0.494498974959764,-0.49375616734601,-0.913152897026142,-0.91358313116094,-1.27158657708879,-1.27576708900212,-1.27011181690106,-1.26482501391885,-1.26273853979355,-1.26657423888691,-1.26961956967805,-1.12220696489637,-1.12212075997994,-1.01458344599313
252_chr11,0,-0.131145422969046,-2.07610736073868,-2.07452430414796,-0.196492185783958,-0.197592931284962,-1.35558118534503,-1.35541420334237,-0.454453925503666,-0.456737114662836,-0.452926619415178,-0.450633408707017,-0.449509693876675,-0.452075473507317,-0.452790212123253,-0.38085368364078,-0.37971088092768,-0.106757461340542
253_chr11,0,0.00925678575439848,-1.89715167399495,-1.89651185002954,-0.288191122089272,-0.288241202179151,-0.997604705093145,-0.997779265653581,-0.795758548862502,-0.798840009245142,-0.794398457973371,-0.790519750907422,-0.789053491197841,-0.792227189138267,-0.794237555884649,-0.682460640522471,-0.682100730857641,-0.511627599365892
254_chr11,0,-0.076375355277476,-2.06528887042497,-2.06408899625345,-0.267496889994433,-0.268193823536876,-1.26643135098747,-1.26639509663087,-0.642559182637957,-0.645278714275981,-0.641033321452706,-0.638075552182965,-0.636725839672318,-0.639578275043412,-0.64080589749633,-0.552104331389803,-0.551179714938312,-0.3138572631465
255_chr11,0,-0.0471960382507033,-2.21415999991368,-2.21320420070804,-0.397683845107186,-0.398181493200842,-1.35129882903624,-1.35132565192782,-0.886853667614071,-0.89013317788566,-0.885161375593793,-0.881728802310703,-0.880016547588627,-0.883151484695093,-0.884671924725645,-0.78383131704262,-0.78279432088479,-0.553062393767374
256_chr11,0,-0.00130978881941901,-1.94763232498176,-1.94693107154694,-0.303396358393582,-0.303529304505537,-1.05622747320433,-1.05637475712309,-0.804558298257567,-0.807658073001228,-0.803145602607612,-0.799357315972028,-0.79785887869411,-0.801017889276702,-0.802935432927317,-0.693389196654174,-0.692915645551579,-0.512003130933623
257_chr11,0,0.0237302129539884,-1.80791088959424,-1.80735001865822,-0.255361498440844,-0.255296014155592,-0.900105698305838,-0.900318474396429,-0.764981350696908,-0.767995163292298,-0.763715043057083,-0.759728176331942,-0.758337458694383,-0.761514408501167,-0.763649374800692,-0.649233820209749,-0.649059279830986,-0.494365835943597
258_chr11,0,-0.0348687649880268,-2.40804284374283,-2.40722398281187,-0.530919507765145,-0.531346390506428,-1.49927602425346,-1.4993239303896,-1.11210832677457,-1.11590184230307,-1.11020408911998,-1.10646863785801,-1.10439810688889,-1.10776232945045,-1.10942305548519,-1.00073724091499,-0.999459105477406,-0.763283647157707
259_chr11,0,0.0751595735812965,-1.97313891286381,-1.97298314132627,-0.426788151981557,-0.426361462816551,-0.966519527471014,-0.966847606621205,-1.10502791143587,-1.10882291633741,-1.1035733217753,-1.09882547269502,-1.09694790759665,-1.10054122823343,-1.10317999513106,-0.969384277073237,-0.969155313290729,-0.834998453783162
260_chr11,0,0.0460002306597275,-1.90355448642802,-1.90317525450588,-0.34398488722239,-0.343765463254674,-0.949490070093016,-0.949751751216613,-0.934680322772278,-0.938083443815269,-0.933306430560766,-0.928971225430433,-0.927331960435094,-0.930709431472289,-0.933065604325818,-0.809758238719859,-0.809524506506529,-0.661948623307211
261_chr11,0,0.0310191932095126,-1.86894180133855,-1.86844805707342,-0.302122793197667,-0.302009971318317,-0.941714458675727,-0.941941978528964,-0.848221460739013,-0.851425654570895,-0.846887798269131,-0.842763706848307,-0.841245091084089,-0.844512620787885,-0.846723750793472,-0.728781339700805,-0.728543476147255,-0.573989584790657
262_chr11,0,-0.000463721788248273,-2.0731620509177,-2.07249917482316,-0.379567960955111,-0.379707552622609,-1.16244323433137,-1.16258719778268,-0.924580898785657,-0.927953636811866,-0.923032314315877,-0.919135605740992,-0.917436851083361,-0.920705785518585,-0.922647162518123,-0.810234855813507,-0.809578837956257,-0.619956410543593
263_chr11,0,0.0637093742311864,-2.3469168439194,-2.34677689930925,-0.633838834631651,-0.633534645282522,-1.30316442861266,-1.30344939503095,-1.41185938734998,-1.41635003297311,-1.41000278948847,-1.40510375732178,-1.40269168911832,-1.40653689033372,-1.40911545998598,-1.27111897694152,-1.27029512900117,-1.10131897084953
264_chr11,0,0.164783122852084,-2.20525234290282,-2.2057881046251,-0.692184828343439,-0.691122962738945,-1.03447399168815,-1.03500537554435,-1.64559983010595,-1.65063795334093,-1.64387748803841,-1.63784710142753,-1.63520854014086,-1.63948060035999,-1.64299025124261,-1.47657942999507,-1.47633815505644,-1.38208193809659
265_chr11,0,-0.049821945320271,-2.30149440450779,-2.3005426519289,-0.446131864604556,-0.446657771447846,-1.42988482641489,-1.42990169353779,-0.958724821201447,-0.962167284945448,-0.956938589423785,-0.953470083869131,-0.951632721370939,-0.954826778286451,-0.956333617513904,-0.854496142805623,-0.853320332688855,-0.615484227625061
266_chr11,0,-0.105250133076303,-2.19702434720567,-2.19565500389821,-0.30533811996676,-0.306260860996833,-1.42131091013732,-1.42120038203533,-0.660819167946629,-0.663575592458644,-0.659156271512511,-0.656450439704187,-0.655022522145746,-0.657829609589387,-0.658802792636342,-0.576325712413112,-0.575099735494724,-0.309707623202089
267_chr11,0,-0.0960059197257824,-2.1607038739835,-2.15939029770549,-0.296719975090714,-0.297571024277577,-1.37673769199507,-1.37665069380257,-0.660428068430367,-0.663185081279638,-0.658802713444387,-0.656011652570999,-0.654599604899267,-0.657426123951229,-0.65848150640634,-0.573890239879921,-0.572752087517261,-0.315915124823913
268_chr11,0,0.0488319502569077,-2.15200808947472,-2.15171297023305,-0.496383519884533,-0.496168741006296,-1.15802882122196,-1.15828668256428,-1.17642113525515,-1.18037421934639,-1.17477806968226,-1.17021405250653,-1.16817317845365,-1.17177446342887,-1.1741886730594,-1.04484972052436,-1.044259114378,-0.880180163710414
269_chr11,0,-0.0937197602252051,-1.78050957175312,-1.77911393079015,-0.0728754689256901,-0.0736707402777708,-1.04796754572495,-1.04790213660561,-0.314458157379859,-0.316429097851546,-0.313243463836261,-0.310721202960667,-0.30989435368582,-0.312414124984635,-0.313442848486084,-0.236028072857267,-0.235460460598017,-0.0080871423954445
270_chr11,0,-0.437912652120478,-2.66077242642729,-2.65717849277049,-0.111805573190949,-0.115221785478123,-2.30349909184766,-2.30257764035135,0.1108260928439,0.10987688971073,0.112928149210079,0.111908410850199,0.112586944469856,0.111186878447276,0.113278466880144,0.102183796392226,0.105323475943845,0.616455285033882
271_chr11,0,-0.044857209636944,-2.35208121331343,-2.35117751104203,-0.483367838406907,-0.483862426442399,-1.46594395619476,-1.46597048266311,-1.0238234690447,-1.02741470450939,-1.02198161032993,-1.01841259581309,-1.01647399882715,-1.0197373200891,-1.0212971779677,-0.916870438973111,-0.91563816654058,-0.677232823550134
272_chr11,0,-0.0639231051748951,-2.45103358773851,-2.4500210761376,-0.515502345367335,-0.516147259823557,-1.57845454012976,-1.57843151552502,-1.04703151828849,-1.05067246186811,-1.04508623524713,-1.04167422823997,-1.03966525234673,-1.04290867513521,-1.04430204262331,-0.943737076535922,-0.942288122902973,-0.684466795497276
273_chr11,0,0.0699759849569763,-1.98077959471874,-1.98058926637329,-0.424020072634821,-0.423632279533137,-0.980620694810115,-0.980936120442404,-1.09339024732089,-1.09715796977937,-1.09192836643105,-1.08723824596459,-1.08537170879938,-1.08894345293977,-1.09153451665515,-0.95918824799868,-0.958928851841933,-0.820912308769025
274_chr11,0,-0.0699570049991085,-1.84544286026167,-1.84423144776993,-0.145267875488387,-0.145895083937568,-1.06888741123399,-1.06887576220045,-0.460944561192364,-0.463252283275991,-0.459655209512458,-0.456790249228479,-0.455756320084872,-0.458458898018414,-0.45971895658721,-0.373586295081563,-0.373010405472567,-0.155966521068302
275_chr11,0,0.0344678447392367,-1.97623122545447,-1.97578948937791,-0.371081110559461,-0.370953928872261,-1.02852082210286,-1.02875198650545,-0.960666278230063,-0.964126625920597,-0.959215962281372,-0.95496571250773,-0.953263797473471,-0.956639995057655,-0.958897086058966,-0.837659618584202,-0.837275863569368,-0.677011109814167
276_chr11,0,-0.237306349631018,-2.27900108278039,-2.27672228038247,-0.167521213862448,-0.169423315450699,-1.68410242232926,-1.68367432211149,-0.259355283956958,-0.261178020688639,-0.25762846958185,-0.256481310206776,-0.255510775499362,-0.257673616360881,-0.257417258949092,-0.214203126825717,-0.212368446371468,0.143051250390216
277_chr11,0,-0.134548931839285,-1.82916500723033,-1.82749419868417,-0.0441874415206919,-0.0452879009751502,-1.14917005231452,-1.14900546591758,-0.21205218788404,-0.213783820239866,-0.210792528137627,-0.208733975410894,-0.208012039430575,-0.210352186071036,-0.211003710494061,-0.145244790388907,-0.144454516450852,0.112470832222263
278_chr11,0,0.150111302663397,-2.20656409632947,-2.20699680141993,-0.672216618688051,-0.671262763746704,-1.05699763964444,-1.05749407153435,-1.59373211830581,-1.59864999424396,-1.59201110438923,-1.58615997864081,-1.58358444163916,-1.58777838107667,-1.59115043970939,-1.42926354290572,-1.42896616545774,-1.32528198167417
279_chr11,0,0.184572985046795,-1.66819133705343,-1.66872787938783,-0.399405868520758,-0.398143448843232,-0.545898916635426,-0.546500185372187,-1.21680796387747,-1.22087454625689,-1.21566262053971,-1.20980844745199,-1.20792307965835,-1.21185124867452,-1.21547873237096,-1.05406842095869,-1.0546942240312,-1.01259073510155
281_chr11,0,-0.046069931148832,-2.13028861481665,-2.12931909382153,-0.349182875234545,-0.349663646974429,-1.27786473765312,-1.2778978019919,-0.812782128546552,-0.815893443873387,-0.811180312610412,-0.807799396667876,-0.806213479560447,-0.809284105029205,-0.810804502117558,-0.711354165738133,-0.710445326890613,-0.487608572598234
282_chr11,0,0.208878928340372,-1.98879843672602,-1.98958905689506,-0.625272433079136,-0.623864162320553,-0.784875956667038,-0.785521415811382,-1.60348149676682,-1.60843092632699,-1.60198494340234,-1.59558174177776,-1.59308653008571,-1.59741502238285,-1.60131130411126,-1.42571165688564,-1.42595318547368,-1.37568862255103
283_chr11,0,-0.14528673516325,-2.02368183579979,-2.02198558486113,-0.145178745259431,-0.146378092920209,-1.33133343894969,-1.33113504965542,-0.354436664552324,-0.3564902405738,-0.352968691347758,-0.350890185891921,-0.349911288387458,-0.352356710769879,-0.352932036257647,-0.286469441197454,-0.285351942604813,-0.00726688885521432
284_chr11,0,-0.0793169070529202,-2.27791756637914,-2.27675186855599,-0.390332780751133,-0.391073136084123,-1.4527260971389,-1.45267381347081,-0.8300299233709,-0.833175131980561,-0.828274705641995,-0.825187040957003,-0.823517424842228,-0.82653243351828,-0.827759351042727,-0.735560088328934,-0.734310250617022,-0.479452200389823
285_chr11,0,-0.127728515854352,-2.28583792098751,-2.2843331017521,-0.326590453625655,-0.327687572582152,-1.5301205419358,-1.52995277703914,-0.662232415514775,-0.664988460159897,-0.66047769624962,-0.657978721443829,-0.656511437559874,-0.659271691158447,-0.660045059555319,-0.582698580058047,-0.581258314017613,-0.29502680861886
286_chr11,0,-0.0558950923996944,-2.28139021286916,-2.28039047015573,-0.425534467394266,-0.426102967127058,-1.4215347143989,-1.42153799089819,-0.918017275197375,-0.921366234448074,-0.916253918170945,-0.912875737840825,-0.91109679416134,-0.914241185428944,-0.915688457228794,-0.81615182802377,-0.814983321164539,-0.57476578807872
287_chr11,0,0.187618174207947,-1.67062551318746,-1.67118414416685,-0.405166810572247,-0.403882250292458,-0.543540683705132,-0.544149091872726,-1.23009498935394,-1.23419226165665,-1.22894644398981,-1.22305295122103,-1.22115026455532,-1.22509691929672,-1.22875330333701,-1.06634790066256,-1.06698134666854,-1.02663527798522
288_chr11,0,0.0545102199661324,-2.14329185054687,-2.14303449649744,-0.499208875092569,-0.498951452711683,-1.14228544877414,-1.14255718590244,-1.18884666107041,-1.19282889758125,-1.18721195708298,-1.18258497262141,-1.18053256062162,-1.18415719046422,-1.1866236118494,-1.0557040703328,-1.05514731291068,-0.895321902998443
289_chr11,0,0.126403953451942,-1.93399015718468,-1.9341854062265,-0.47588538678265,-0.475077904923172,-0.858262484499726,-0.858714109148365,-1.25397902940079,-1.25812081051908,-1.2525571770572,-1.24721021553233,-1.24516665310995,-1.24900381502323,-1.25211877597476,-1.10323927336084,-1.10325736529592,-1.00457626883688
290_chr11,0,-0.0141978886962902,-2.88913462463172,-2.88858566564289,-0.84749709173638,-0.847821299756553,-1.88092560690189,-1.88100223984107,-1.6351584358924,-1.64014422059522,-1.63273014279772,-1.62836500842153,-1.62544945740822,-1.62932906807861,-1.63124477527619,-1.50616857764314,-1.50425547886262,-1.24578381908219
291_chr11,0,-0.0498629985214769,-2.53123570921235,-2.53034299230249,-0.583291011856371,-0.583840768229928,-1.62659670984324,-1.62660371937128,-1.17263551295005,-1.1765642188949,-1.17060087846605,-1.16695347343107,-1.16475654557327,-1.16814319966491,-1.16967873373646,-1.06308890671444,-1.06157328271286,-0.806785587632463
294_chr11,0,-0.0254239568269962,-2.04027567063098,-2.03942840249383,-0.324622455044608,-0.324942198916665,-1.17070129336995,-1.17078728715744,-0.803620816174501,-0.806714606093266,-0.802112462920931,-0.798548142928853,-0.79701159804983,-0.800118156505339,-0.80182101137555,-0.69783335526748,-0.697133814157889,-0.494059394877786
295_chr11,0,0.113272570733136,-2.17711700541756,-2.1772824963454,-0.602524462086438,-0.601838449853162,-1.08552601872068,-1.08593608238691,-1.43299426467016,-1.4375408737354,-1.43131198680072,-1.42593652516174,-1.42357050068996,-1.42754081176152,-1.43056325269777,-1.28071432736768,-1.28032449064622,-1.15538017164057
296_chr11,0,0.0194902891220552,-2.07617793475357,-2.07565645748902,-0.409592010138153,-0.409585196807083,-1.13591913428847,-1.13611042930208,-0.999594431802246,-1.00314087496852,-0.998038851072119,-0.993894595406875,-0.992102610212649,-0.995481819188501,-0.997610932357643,-0.878946429812093,-0.878359616213235,-0.701205821564904
297_chr11,0,-0.184646928212966,-1.92593495215918,-1.92393608107528,-0.0311269535437076,-0.0326056827494705,-1.30507703460195,-1.3047891814424,-0.120937241004835,-0.122453750015892,-0.119582325779182,-0.118063802778756,-0.117412551319946,-0.119563407381393,-0.119756795104846,-0.0675309299164668,-0.0664126419277602,0.22950442889552
298_chr11,0,-0.117818868450982,-2.00554035728181,-2.00403299351046,-0.173193695207581,-0.174189222841596,-1.27573927040767,-1.2756069828458,-0.43692588802115,-0.439171363291462,-0.435472388633981,-0.433070528601985,-0.431998202001247,-0.434576713521381,-0.43540764704446,-0.360800919290294,-0.359811643660337,-0.100532763705155
299_chr11,0,0.226833803093686,-1.97026202303447,-1.97117438836148,-0.639596418284501,-0.638054232366173,-0.742819714026574,-0.743508665473481,-1.65118001808192,-1.6562407424692,-1.64970014635259,-1.64309079282441,-1.64054496629015,-1.64495485006622,-1.64901736939509,-1.46823266754599,-1.46856788440914,-1.43108829572814
300_chr11,0,0.0914664287828225,-1.85124500938247,-1.85117267956557,-0.377049035992165,-0.376489955135073,-0.838396080910051,-0.838768123494785,-1.05046073705122,-1.05413430924857,-1.04913489398575,-1.04428185501977,-1.04252283052524,-1.04610189744398,-1.04887834533911,-0.912552528586021,-0.912563978641993,-0.797758490725219
301_chr11,0,0.0934690286468585,-1.96446684589186,-1.96443786553554,-0.447505314297214,-0.446943113941835,-0.932389681062331,-0.932761676807137,-1.16320049007817,-1.16713065546341,-1.16175184974013,-1.15678578870132,-1.15484058959481,-1.1585254953126,-1.16133507768971,-1.0220397184358,-1.02189116791357,-0.90001807169551
302_chr11,0,-0.0011897498272686,-2.08562139243309,-2.08495661718353,-0.385982644507558,-0.386128851417138,-1.17416708478874,-1.17430879211405,-0.933562640262843,-0.936955679007046,-0.932000719897949,-0.928103203207697,-0.926388159079125,-0.929663630226264,-0.931599767406929,-0.819154250867187,-0.818477132188815,-0.627475045028864
304_chr11,0,-0.0836951259466849,-2.07291517313193,-2.07166568432157,-0.261698827519381,-0.262450362170791,-1.28363611921099,-1.28358213113801,-0.623178354309142,-0.625852660821399,-0.621645617325983,-0.618771836994712,-0.6174426501836,-0.620261962496639,-0.621421822668633,-0.534832638122016,-0.533869724531134,-0.291330029480873
305_chr11,0,-0.154286613723513,-1.97638981506376,-1.97461792812604,-0.104203377645829,-0.105464050661871,-1.30398035273266,-1.30376256672348,-0.277806754573909,-0.279684701836613,-0.276391601140201,-0.274460615013724,-0.273595691034366,-0.27595282625141,-0.276437662923986,-0.21374767753021,-0.212666873743435,0.0676580399679101
306_chr11,0,-0.161667978589691,-1.85588835574251,-1.85403333429019,-0.0217915385280864,-0.023094132882914,-1.21160125584956,-1.21137103279417,-0.138821242629399,-0.140382076837334,-0.137537764523786,-0.135791578580864,-0.135148086286937,-0.137364229922489,-0.137764507769539,-0.0798635205951022,-0.0789336234993376,0.197208291016652
307_chr11,0,-0.115487799173584,-1.83252886441408,-1.83099325225522,-0.0731564459490883,-0.074117101059046,-1.12424619062271,-1.12412679733608,-0.284159065185529,-0.286057652753563,-0.282892200071461,-0.280596800082319,-0.279785049131952,-0.282230941191799,-0.283061862318416,-0.211320495778886,-0.210595615447252,0.0344546099163323
308_chr11,0,-0.103644955678278,-2.05696824936443,-2.05557405207018,-0.223957391129503,-0.224853974650428,-1.29908551921116,-1.29898475886165,-0.536131579259349,-0.538604828066542,-0.53461981958742,-0.532003632758844,-0.530787906403033,-0.533486113900838,-0.534456640370224,-0.454386558643603,-0.453373574198861,-0.199320559999772
309_chr11,0,-0.0438920229173936,-2.07788905429876,-2.07692135059101,-0.320966687637955,-0.321426075289801,-1.22983543663912,-1.22987590708778,-0.771840096558638,-0.774858693012555,-0.770294530546897,-0.766927771360586,-0.765414245378104,-0.768452652384434,-0.769986865874758,-0.67094777670369,-0.670124448345026,-0.452533226632218
310_chr11,0,-0.0514865552694277,-1.88368834653981,-1.88261697508361,-0.194235117204939,-0.194730439617789,-1.07468281936158,-1.07471347667278,-0.563414675683771,-0.565958278442098,-0.562080513052352,-0.558958724827524,-0.557782980280676,-0.560617389882883,-0.562055714312831,-0.469400350248893,-0.468836102713307,-0.260721869130324
311_chr11,0,0.000407594700585157,-2.07385853894851,-2.07320198305268,-0.381216332709717,-0.381349589312034,-1.16176847584251,-1.16191448209099,-0.928382700175498,-0.931764219474328,-0.926833199513579,-0.92292524044336,-0.921221530356691,-0.924495754091314,-0.926445400313155,-0.81374836928478,-0.813094538291336,-0.62397495952202
312_chr11,0,-0.213968528652213,-1.96878094994163,-1.96658650737225,-0.0152453285345038,-0.0169440396803775,-1.38452148689875,-1.38416207348144,-0.0547584864282098,-0.0561198759015105,-0.0533627323541956,-0.0521710506955664,-0.0515827664276578,-0.0536112581383694,-0.0535347596036788,-0.0095156480037617,-0.00822576919078943,0.309496485416722
313_chr11,0,-0.0931773615720083,-1.91063642442605,-1.90927820788298,-0.151363284264984,-0.152167905118059,-1.15856125737336,-1.15849161022872,-0.437665263494319,-0.439916357542125,-0.436309767280838,-0.433679226023775,-0.432646207769215,-0.435278121545707,-0.436328409056413,-0.356046410086362,-0.355288413388831,-0.118673369178704
314_chr11,0,-0.190436009619166,-1.89554241655742,-1.89349490049969,-0.0047864336981448,-0.00630461264915239,-1.28750604568504,-1.28720571461191,-0.0716715203979192,-0.0730751163920447,-0.0703505511362699,-0.0689268969232995,-0.0683489145996914,-0.0704430039781978,-0.0705781891721826,-0.0207784451584454,-0.0196837199569817,0.277676150235872
315_chr11,0,-0.154273227298691,-1.91172074384693,-1.90993225206646,-0.0655975211057684,-0.0668514673424966,-1.24860594701772,-1.24839094014199,-0.217600410548088,-0.21934150255422,-0.216255178775195,-0.214374527940782,-0.213610808629515,-0.215913740229313,-0.216390516878395,-0.155037686596166,-0.154052542581317,0.121499563515961
316_chr11,0,-0.206779834148882,-1.88247795799555,-1.88031189004537,0.0261330990575039,0.0244960893543805,-1.30016290973297,-1.29982426064456,-0.000358770543292586,-0.00159765075306684,0.000945013133393235,0.00215763481803188,0.00264266508152455,0.000647790376854029,0.000667716121389272,0.045126709160572,0.0462624547246437,0.353054569225081
317_chr11,0,0.159977112464663,-1.99466206327728,-1.99510957634427,-0.559608343283541,-0.558560229643829,-0.861224933925604,-0.861753833281375,-1.43199383997185,-1.43654563900329,-1.43050010069623,-1.42469321863404,-1.42240573412619,-1.42647509824707,-1.42991296780349,-1.26936082258859,-1.26941315395922,-1.18761488557986
318_chr11,0,0.0379646026248677,-1.94340706179757,-1.94298149207488,-0.356422056167098,-0.356265799810866,-0.99532378254645,-0.995564658272338,-0.942735685718249,-0.946155833510677,-0.941320206691323,-0.937052621502027,-0.935386594967961,-0.938754124700965,-0.941039893018436,-0.819398556392142,-0.819076239233681,-0.663453654097661
319_chr11,0,-0.0663270263957617,-1.83673365005026,-1.83554556983355,-0.145200345889702,-0.145799971848067,-1.05613776342776,-1.05613511811676,-0.465964902392345,-0.46828461653377,-0.464684288128969,-0.461781524175356,-0.460745131479946,-0.463460000261009,-0.464753039430959,-0.377675013711628,-0.377125400873219,-0.16303181930857
320_chr11,0,-0.131546420121693,-1.83156506909129,-1.82991603962417,-0.0498676456389202,-0.0509462747852406,-1.1468448693353,-1.14668732231214,-0.225152999549198,-0.226914891717939,-0.223890182651891,-0.221792861298026,-0.221053849164621,-0.223412222458227,-0.224092242195159,-0.157352176743475,-0.156569438625397,0.0986231195368301
321_chr11,0,0.0619198665896874,-1.91627986925068,-1.91601611231808,-0.374101932574867,-0.373766761995487,-0.937161703051897,-0.937460707682705,-1.00414221725027,-1.00770577903429,-1.0027515854895,-0.998210824981697,-0.996481020409573,-0.999955131097023,-1.00246238913049,-0.87395288672033,-0.873759110224663,-0.735370666299802
322_chr11,0,0.0813899560189957,-2.31694539085563,-2.31692230558944,-0.640945075335818,-0.640507815545285,-1.25172021174382,-1.25204850385905,-1.44791089308116,-1.45248631440859,-1.44608339246723,-1.44099050843928,-1.43854694795412,-1.44246246230297,-1.44520324670368,-1.30234396872954,-1.30162970267088,-1.14610650866119
323_chr11,0,-0.202452862211679,-1.72792127642353,-1.72574579112194,0.112324888289586,0.11073553465622,-1.16155532920007,-1.16123353754445,0.127990793879506,0.127042978572173,0.129128271381175,0.130273369664107,0.130535575335481,0.128647054168256,0.128645916175526,0.171241440937137,0.172132707660495,0.464786367844142
324_chr11,0,-0.0161917859623694,-2.37499495905722,-2.37429918487623,-0.537597587670861,-0.537883758524146,-1.4437450902154,-1.4438388226269,-1.14889885664844,-1.15277898702483,-1.1470268561469,-1.14308771180991,-1.14098608626357,-1.14442342008023,-1.14625532693739,-1.03246144813122,-1.03130112128714,-0.80943898571962
325_chr11,0,-0.0804717521736933,-1.75750557326237,-1.7561973535489,-0.0778737610145071,-0.078569267063378,-1.00895277655597,-1.00891985446984,-0.340962270483621,-0.342995575717641,-0.339769970306338,-0.337102883541068,-0.336253292909168,-0.33882529098189,-0.339975492346166,-0.258928373271703,-0.258443678336353,-0.0411908866664055
326_chr11,0,0.0987885618561123,-1.85709796650071,-1.8570787486547,-0.390901175250585,-0.390288857491774,-0.832725728620049,-0.833114937909335,-1.0824092839356,-1.08615664980897,-1.08107574162326,-1.07612815879746,-1.07432749121306,-1.07795100691081,-1.08079694545244,-0.942078439688538,-0.942108267117149,-0.831528482179158
327_chr11,0,0.0604495129843801,-1.82645159518317,-1.82615428044558,-0.318370692850053,-0.318037126126813,-0.862415972076473,-0.862715295656477,-0.915125121230409,-0.918486099786985,-0.913831892553383,-0.909379346027229,-0.90779672370935,-0.911187503414238,-0.913669585513238,-0.7874793170816,-0.78741291968328,-0.654707146129769
328_chr11,0,0.0908545845590513,-2.02130404329314,-2.02127131520013,-0.477754529970755,-0.477217378224836,-0.984854218933719,-0.985217581767203,-1.2066976440574,-1.21072626669848,-1.20518803726731,-1.20020971823137,-1.19818711548904,-1.20190560700753,-1.20469783592088,-1.06503459942877,-1.06479236603328,-0.937069169777155
329_chr11,0,0.0115728737143841,-2.24669713012008,-2.24616388952949,-0.500239415815167,-0.500308293796448,-1.29342731622981,-1.29359253598315,-1.12982490833846,-1.13366611817656,-1.12808643389923,-1.12390630862826,-1.12188242922419,-1.12536200196523,-1.12743836011578,-1.00769304841087,-1.00682490146266,-0.812073129429412
330_chr11,0,-0.0517684531137017,-2.29993846083247,-2.29897258902572,-0.442449427157392,-0.442989486440013,-1.43139222662375,-1.43140453016882,-0.95023165467787,-0.953654501192295,-0.94844746965952,-0.945004097540454,-0.943177805395416,-0.946360046096462,-0.947848412006966,-0.84664700711061,-0.845466311573336,-0.606506850282799
331_chr11,0,-0.194789892872288,-2.0532406194882,-2.05120314235204,-0.0928164911418684,-0.094382846026096,-1.42884193264292,-1.42852454667048,-0.202850788522648,-0.204551877428579,-0.201360121318061,-0.199866821186054,-0.19906121439078,-0.201264148634272,-0.201378415061264,-0.149658391936117,-0.148314443946918,0.163432438120482
332_chr11,0,-0.320142213015889,-2.46226190986838,-2.45944666851439,-0.159814875520985,-0.162344820734329,-1.96179571725291,-1.9611628104466,-0.130365534585554,-0.131881821285962,-0.128456073866464,-0.128183682058106,-0.127293609578792,-0.129162979669467,-0.12815204741221,-0.106832191282696,-0.10442076728672,0.31718399441066
333_chr11,0,0.0174063131443181,-2.01136600833158,-2.01081310878768,-0.367934341906797,-0.36793620824791,-1.08348173394558,-1.08367082568282,-0.931665685964409,-0.935057384591171,-0.930180573975784,-0.926112537243476,-0.924431283473448,-0.927744844052035,-0.929846186326412,-0.813172394109562,-0.812673708771941,-0.638969316545015
334_chr11,0,0.0973201458501478,-1.93321758278491,-1.93320767270498,-0.434288100515877,-0.43369438144642,-0.900023830682725,-0.900406313672451,-1.14801954378809,-1.15191581623544,-1.14660397115825,-1.14161499055509,-1.13970164204613,-1.14338111509875,-1.14622290133054,-1.00638108711625,-1.0062929541983,-0.889171374401519
335_chr11,0,0.195404885877103,-1.98914614718935,-1.98984190277447,-0.606422556122118,-0.605113390419798,-0.804827291329513,-0.805440688320832,-1.55504970137386,-1.55988688537565,-1.55355529432408,-1.54731738825925,-1.54488139756481,-1.5491374274727,-1.55290724123226,-1.38147996857683,-1.38167124171948,-1.32281152555621
337_chr11,0,-0.169042082336825,-1.75462822915673,-1.75269509295618,0.0491177912692977,0.0477713567944246,-1.13568159947161,-1.13543813922313,-0.0177899310255767,-0.0190744657343496,-0.0166173219795636,-0.0150408215277134,-0.0145885990818826,-0.0166799393396979,-0.0169981620768001,0.0365151656049791,0.037322576661446,0.310694419562149
338_chr11,0,-0.0284799956937714,-1.86698672596876,-1.86607317373079,-0.216800019721648,-0.217124471952133,-1.02682854505345,-1.02691463191759,-0.631102250036049,-0.633803392853248,-0.629781839496069,-0.62639039221351,-0.625138752501308,-0.62808337049437,-0.629735596612376,-0.530290112729373,-0.529835489831673,-0.337583946478379
339_chr11,0,-0.11830759519046,-1.90288290950207,-1.90134559283871,-0.11118839933229,-0.112176998354649,-1.18858029787613,-1.18845120903067,-0.339507346325168,-0.341531297591566,-0.338164937955157,-0.335849248059025,-0.334939838562234,-0.337429552119828,-0.338242902611513,-0.265917003807354,-0.265077698456301,-0.0130509565845252
340_chr11,0,-0.233397022600408,-1.87403211516193,-1.87167628943592,0.0688246238677971,0.0669927739534385,-1.3317582610545,-1.3313566630243,0.103824756863399,0.102826954122578,0.105114425757907,0.105993383959954,0.106347125825091,0.104503061337861,0.104773973217308,0.140801259848152,0.142022779797839,0.465121295164209
341_chr11,0,-0.258002817942014,-1.69512818168327,-1.69255275632229,0.210480478410012,0.208486048638575,-1.21451246275561,-1.21405994124945,0.359552746229492,0.359140181152513,0.360644367121881,0.361081267604105,0.361045725787757,0.359484674059628,0.360009262803784,0.384693280088508,0.385741134348117,0.711308825127724
342_chr11,0,-0.0277712093521862,-1.87916413389177,-1.87825872113095,-0.225075700637057,-0.225396189577826,-1.03621819851172,-1.03630545386613,-0.645013172973993,-0.647746050528778,-0.643679462791949,-0.640269796763065,-0.638995944790755,-0.641954610272717,-0.643615032804251,-0.54369711382695,-0.543227103758646,-0.350529218060379
343_chr11,0,-0.100247324171463,-1.85658404438207,-1.85516204666325,-0.10907982212159,-0.109930885491886,-1.12260645429696,-1.12252228784849,-0.361719847542242,-0.3637971772103,-0.360424119543145,-0.35792266222093,-0.357005643070683,-0.359554016543892,-0.360531080105472,-0.28356325695271,-0.282859074515577,-0.0457296520087942
344_chr11,0,-0.045808258403809,-2.03691583336047,-2.03592404522835,-0.293784374461913,-0.294253651839177,-1.19755861593719,-1.19759626934806,-0.72672980273038,-0.729645550968116,-0.7252288981892,-0.721917681228632,-0.720476814073753,-0.723470485922649,-0.724981520953059,-0.627386668858285,-0.626616843530153,-0.410825464866547
345_chr11,0,-0.0590380166366107,-1.80823247107469,-1.80708839830056,-0.138486997302101,-0.139030108722593,-1.02110956565133,-1.02112546770724,-0.465784458060517,-0.468104926917527,-0.464533296550072,-0.461563222739191,-0.460539128351421,-0.46326943408616,-0.464627304403139,-0.375879406864377,-0.375398840185878,-0.168040829780191
346_chr11,0,-0.136596840195908,-1.92585038812988,-1.92419011414439,-0.0990380190156861,-0.100163445861479,-1.23491712969032,-1.23474356501618,-0.294727509502339,-0.296646747080264,-0.293363690950577,-0.291254801452975,-0.290390551412588,-0.292800786965496,-0.293445321227747,-0.226316292022545,-0.225375512887364,0.0399753088455528
347_chr11,0,-0.0591573913545362,-2.01331080345847,-2.01221884580604,-0.260804954315913,-0.261369963265864,-1.19682489093479,-1.19683179685292,-0.656432257350585,-0.659186076100608,-0.654959374913782,-0.651830623228542,-0.650485930154364,-0.653387710854341,-0.654770418828727,-0.561806001069825,-0.561021794482223,-0.33847934951333
348_chr11,0,-0.0321765419669395,-2.06085205762176,-2.05996251595708,-0.32736128982934,-0.327732791853226,-1.19816364781351,-1.19823270675886,-0.798358462523665,-0.801439211218343,-0.796829124872082,-0.79333171166301,-0.791792898389126,-0.794880265187141,-0.796522322460024,-0.694202510587349,-0.693447620060208,-0.484562632038329
349_chr11,0,-0.1878972306279,-3.24077020379922,-3.23908795067071,-0.811839253336786,-0.813476646782442,-2.43527949843784,-2.43492805728726,-1.33426108563538,-1.33853512909776,-1.33148509832388,-1.32897976572335,-1.32628405627706,-1.32952088594059,-1.32985018541132,-1.25136142288037,-1.24828721031911,-0.853436515706645
350_chr11,0,0.0090838424590054,-2.0171441718959,-2.01653411424221,-0.359614235333751,-0.359677885820998,-1.10056712072299,-1.10073617238193,-0.906934605648725,-0.910268757036457,-0.905444803884565,-0.901474520326943,-0.899821133798486,-0.903094606037701,-0.905118537433741,-0.790906492179134,-0.790368540482175,-0.610945340317735
351_chr11,0,-0.0146971473284908,-1.90131181971941,-1.90050426167415,-0.256795637657027,-0.257022268142447,-1.03610570653699,-1.03622311705219,-0.712957508982281,-0.715846922892128,-0.711597403957718,-0.708009790718612,-0.706643266797203,-0.709691115029972,-0.711477097422518,-0.607044296771007,-0.606589807116767,-0.420575406997554
352_chr11,0,-0.20980643866834,-2.30098317433882,-2.29890384584499,-0.219546025817691,-0.221248184296123,-1.66280614410797,-1.6624425172946,-0.379345208465776,-0.381445093878023,-0.377589477844323,-0.376087237825253,-0.374960303165532,-0.377290081373429,-0.377294711650959,-0.325094299969391,-0.32332863985474,0.0162204827848869
353_chr11,0,0.0259868954908378,-1.9456168557001,-1.94510744721562,-0.340800744737211,-0.340732782319994,-1.01468640103161,-1.01489869446256,-0.901453352273596,-0.904777745365617,-0.900037726055242,-0.895915595581096,-0.894299237098425,-0.897603946851869,-0.899777532458659,-0.781805792359376,-0.7814359906854,-0.618032743419827
354_chr11,0,-0.0772287755730506,-1.92338494852608,-1.92214241696535,-0.181535097863721,-0.182223761618383,-1.14621047103333,-1.14617821526919,-0.50725347534833,-0.50966530190078,-0.505881209144494,-0.503044738704788,-0.501921016226021,-0.504649745393253,-0.505851392834303,-0.420357796905301,-0.419639828585435,-0.192228931129891
355_chr11,0,-0.196015701748498,-2.0104292573593,-2.00837208672401,-0.0655128470108694,-0.0670838267779229,-1.39398463539131,-1.39366615261714,-0.158526130442114,-0.160126267331514,-0.15708198297432,-0.155637176601779,-0.154904044487084,-0.157064428861656,-0.157161766790109,-0.106709938624257,-0.105424760085231,0.203947745898147
356_chr11,0,-0.095848484591495,-1.9332663722989,-1.93189517541932,-0.1611014259564,-0.161928006033475,-1.18182803950586,-1.18175107784624,-0.449085050484283,-0.451361676412015,-0.447705585405312,-0.445090194898636,-0.444033588882251,-0.44667007272354,-0.447698144692658,-0.367775345932241,-0.366974031024481,-0.12699295209036
357_chr11,0,-0.312998132024492,-3.140770626627,-3.1381809390984,-0.575171182686598,-0.577718145014146,-2.53215921581187,-2.53151447622055,-0.788410310520721,-0.791423566273401,-0.785765867216315,-0.784875845614164,-0.782891621199169,-0.78536902976723,-0.784511060114373,-0.746902127138421,-0.743513931498807,-0.276465798463895
358_chr11,0,-0.252831670852266,-1.95130673189547,-1.94883390042119,0.0501591159315639,0.0481764501950611,-1.42625117838331,-1.42580007314109,0.102149079347621,0.101150573500493,0.103518664218502,0.104219155668819,0.104607696020985,0.102803714974369,0.103247323516044,0.134848831342521,0.136256344193012,0.477408330203222
359_chr11,0,-0.146619434634646,-1.99577375679858,-1.99406090748289,-0.126625175605718,-0.127831461608992,-1.30938884115203,-1.30918846769516,-0.323611213429965,-0.325594505927661,-0.322173665627727,-0.320133329481767,-0.319204044019739,-0.32161884749747,-0.322178127292548,-0.256707773716068,-0.255626616128342,0.0212499976076743
360_chr11,0,-0.175296713115847,-1.86975932182345,-1.86781183768467,-0.0107998793526286,-0.0122041022410703,-1.24335375066686,-1.24309052303084,-0.102429857457148,-0.103905790912141,-0.101133932450392,-0.0995443826523275,-0.0989396217044227,-0.101093817568039,-0.101367886747433,-0.0474067717499922,-0.0464060546070499,0.23942568185731
361_chr11,0,-0.163790409782935,-2.90282876910373,-2.90122913676838,-0.644093977349425,-0.645519484857744,-2.1108482297611,-2.11056848210749,-1.10661785582195,-1.11037828717659,-1.10420275883023,-1.10166510202508,-1.09939164029119,-1.10247500696,-1.10298787676681,-1.02403056473921,-1.02154497740861,-0.666923092648913
362_chr11,0,-0.200379271609827,-2.0917127721577,-2.08964583998727,-0.107889128279919,-0.109500522963213,-1.4699258588066,-1.46959354436991,-0.218471699697052,-0.22020740384258,-0.216940480347803,-0.215485818965017,-0.214644761623334,-0.216849804719544,-0.216916460475267,-0.166132282446187,-0.164710821087666,0.153425241686105
363_chr11,0,-0.165616684355488,-2.07656026374231,-2.07473439797485,-0.148006876640839,-0.149361122400707,-1.40624983167123,-1.40600084214097,-0.330141785659384,-0.332136887017183,-0.328620442730598,-0.32675045622744,-0.325778932952403,-0.328158962242558,-0.328550096776183,-0.267297002518653,-0.266026274575939,0.0288843505023957
364_chr11,0,0.125595534573342,-1.94454152956829,-1.94473380614419,-0.481043967944221,-0.480243511554589,-0.868473345947439,-0.868922599562334,-1.26088490812135,-1.26504225806552,-1.2594517983191,-1.25410653100997,-1.25205003222138,-1.25589168463703,-1.25900039066859,-1.11015280885592,-1.11015231665997,-1.01017972332447
365_chr11,0,0.0825803455420738,-1.96737380070096,-1.96726883618549,-0.433840699917744,-0.433358857785917,-0.950760561271763,-0.951106535297447,-1.12650835887343,-1.13035337776856,-1.12505861367039,-1.12022408116718,-1.11832262796569,-1.12195117909811,-1.12465889219592,-0.988680859303817,-0.988487813833847,-0.859475317292309
366_chr11,0,0.0880836863369786,-2.0311425600994,-2.03109284546432,-0.479711633527927,-0.479195863537395,-0.997317436602397,-0.997673791020349,-1.20583810245708,-1.20986432841036,-1.20431837635889,-1.19936642286672,-1.19734070477945,-1.20105249193885,-1.20381994937024,-1.06481217122067,-1.06454516284399,-0.934334843616638
367_chr11,0,0.0132471880858686,-1.95926846444345,-1.95867280178742,-0.330935501598889,-0.33096260855973,-1.04495436651476,-1.04513577919344,-0.868074524266902,-0.8713210066471,-0.866646521908106,-0.862670274637262,-0.861089047618794,-0.864336425872801,-0.86639212239857,-0.752089032033404,-0.751652016594175,-0.579140532120716
368_chr11,0,-0.14097710029093,-1.84804250603255,-1.84633127149491,-0.0463704359215108,-0.0475200940873911,-1.17470500153797,-1.17452432408161,-0.206380812114784,-0.208098525328889,-0.205101944183124,-0.203107638508079,-0.202384655406126,-0.204705936249659,-0.205299494082003,-0.141143022442178,-0.140301108448413,0.122103318518723
369_chr11,0,-0.169919179499727,-3.11913203220432,-3.11754506409713,-0.764616601028305,-0.76610934133693,-2.30493728688699,-2.30463377316842,-1.28597940305317,-1.29014656869029,-1.28333157298336,-1.2807003153834,-1.2781153333377,-1.28134714767763,-1.2818298518951,-1.20028728916097,-1.1974592818107,-0.823004004815914
371_chr11,0,-0.157808238771382,-3.10281652567696,-3.10131069280678,-0.772001460887284,-0.773403481855544,-2.27330624173213,-2.27303222644228,-1.31460098019734,-1.31883514216711,-1.31196852433998,-1.30920118995633,-1.30658803675017,-1.30987155173706,-1.31046590415725,-1.22550498440594,-1.22274580809281,-0.857195124994949
373_chr11,0,-0.184446014600312,-2.75304655160662,-2.75126267740717,-0.525418713086002,-0.526980741104225,-2.01276790489424,-2.01244539194949,-0.892317493508434,-0.895587489257343,-0.890068216875119,-0.887901337404812,-0.885954036754493,-0.888800161520036,-0.889100130213925,-0.819656740109171,-0.817316346000978,-0.460592168059018
376_chr11,0,0.197366813898374,-2.14288330972053,-2.14363259021885,-0.701019830937142,-0.699711997460372,-0.933560179923006,-0.934171712151836,-1.70539204735487,-1.71057129396968,-1.70373104299034,-1.69734897638925,-1.69466354932331,-1.6990592023979,-1.70286689712726,-1.52764236585865,-1.52761358816428,-1.45867555493767
377_chr11,0,0.0268871511691453,-1.89971859748489,-1.89920368120494,-0.314660480079497,-0.314581194019564,-0.974085657502584,-0.974302042015787,-0.861945665048561,-0.865180395545242,-0.860579498318611,-0.856482147373206,-0.85493366690866,-0.858204715865222,-0.860380944521174,-0.743081929474353,-0.742783309763429,-0.583334040377501
378_chr11,0,-0.173280584376592,-1.87137091709734,-1.86943805719031,-0.0146140269213116,-0.0160035911786592,-1.24179243511862,-1.2415339342864,-0.11122679994731,-0.11272305228336,-0.109928754974589,-0.108313172790744,-0.107696945535217,-0.109863380245066,-0.110156583478448,-0.0555366482942499,-0.054540991309155,0.230127209729967
379_chr11,0,-0.0849255326361882,-2.05845427442227,-2.05719238051329,-0.251321515104141,-0.25208061426788,-1.27305271627551,-1.27299641607065,-0.605252329637552,-0.607885691164815,-0.603735458991766,-0.600888090169755,-0.599587004992226,-0.602387536780023,-0.603534013841774,-0.517626430745658,-0.516680354728508,-0.274423478832111
380_chr11,0,0.0663393302522869,-2.05048068269389,-2.05028272466142,-0.460506678482711,-0.46015276841325,-1.04558738774378,-1.04589120269611,-1.14517434192851,-1.14905919564752,-1.14363777671231,-1.13893791367151,-1.13697836367164,-1.14058897059475,-1.14315471128423,-1.01049083924658,-1.0101149678869,-0.864650488003031
381_chr11,0,0.0121119139484221,-2.03209318835097,-2.03150833035683,-0.372825684484075,-0.372868602956131,-1.10894620246007,-1.10912182117637,-0.9318202725388,-0.935211476439716,-0.930313740139591,-0.926294574458696,-0.924604348239496,-0.927906717316024,-0.929960972442244,-0.814499574224232,-0.813950699631956,-0.635352040663866
382_chr11,0,-0.0707058689259048,-1.77643015022846,-1.77519563952095,-0.102989581496016,-0.103615222489758,-1.01090681935607,-1.01089632100709,-0.393932873645507,-0.396088149161189,-0.39271828292501,-0.389916416282908,-0.388993874465318,-0.391634487388395,-0.392878779116518,-0.308409811138767,-0.307933189221968,-0.0954973227755436
383_chr11,0,0.112220002469692,-1.92265219650637,-1.9227445605577,-0.449051940534938,-0.44834758567368,-0.869246715205237,-0.869665085651386,-1.19209042147378,-1.19608925437289,-1.19068348360106,-1.1855196661764,-1.18355677198818,-1.1873078306722,-1.19028817894818,-1.04604363493246,-1.04602612743905,-0.939159279189294
384_chr11,0,-0.0360370116472217,-1.82661835597078,-1.82564112374641,-0.18200070034567,-0.182376578771378,-1.00329729701206,-1.0033671248097,-0.566144377627141,-0.568696654441389,-0.564869030484699,-0.561601966197185,-0.560447058437393,-0.563316991051003,-0.564893152225445,-0.468629104498612,-0.468206266631586,-0.274122450279156
385_chr11,0,0.0682178999207451,-1.92131421083489,-1.9210961374428,-0.38601666205093,-0.385635700473475,-0.932284426530996,-0.932598196869606,-1.0316223260031,-1.03524936041546,-1.03022507183968,-1.02560299071473,-1.02383736740435,-1.02734971010547,-1.02991673957487,-0.899349198203912,-0.899171228755762,-0.764417465864574
386_chr11,0,0.0336860985856472,-1.84875780789363,-1.84827764584932,-0.29383957730495,-0.29370507791409,-0.920547495745635,-0.920782216172484,-0.839065406646212,-0.842249213703933,-0.837753069115377,-0.83361196873531,-0.832113129368076,-0.835378119090843,-0.837611734642448,-0.719260699854287,-0.719062522705774,-0.567691785510463
387_chr11,0,-0.0578446710561047,-1.79790834951489,-1.79677002054685,-0.134008582416794,-0.13454186144286,-1.01053175702217,-1.01055093598787,-0.460483173903677,-0.462791782918406,-0.459242952077795,-0.456266276668396,-0.455253055418068,-0.457981139822946,-0.45934890802165,-0.37044497374427,-0.369984076228975,-0.164145635387329
388_chr11,0,0.0683444293259106,-1.91005580402601,-1.90983571510926,-0.379471333818425,-0.379088287971836,-0.922462991362144,-0.92277754092868,-1.0215902603242,-1.02519451067686,-1.02020515575509,-1.01559031149359,-1.01384175627028,-1.01734533314517,-1.01991212556654,-0.889538847066389,-0.889377989774991,-0.75553412831476
389_chr11,0,0.0976488514698687,-1.94483988233552,-1.94483528988213,-0.441694650320965,-0.441099705651503,-0.909492726101204,-0.909875497159255,-1.16003792921704,-1.16396157365846,-1.15860972831178,-1.15360763282083,-1.15167462717148,-1.15536562954025,-1.15821197322451,-1.01802713677783,-1.01792303426959,-0.900154275390848
390_chr11,0,0.261109155999592,-1.43229161904284,-1.43330661240957,-0.366762439614253,-0.36491310020826,-0.232337182282269,-0.233130510307056,-1.27395652180165,-1.27816524240635,-1.27305192047998,-1.26644149500476,-1.26458603412132,-1.26872947906594,-1.27304572488255,-1.092787061688,-1.09404417634505,-1.11799713405664
391_chr11,0,-0.07631378919683,-1.94888145786461,-1.94765195824219,-0.198057503955694,-0.198742053473038,-1.16670012477707,-1.16666896211358,-0.53432047647856,-0.536793976318402,-0.532920470603473,-0.530052846835737,-0.528885141353167,-0.531640209949729,-0.532853675792285,-0.446547429676753,-0.445795143702647,-0.217087804222941
392_chr11,0,0.020411697659204,-1.90606836813081,-1.90550945765747,-0.309294179295981,-0.309263155567777,-0.988966200489218,-0.989166913685101,-0.844430598716651,-0.847624480158414,-0.843058778401158,-0.83903603838513,-0.837506337463238,-0.840747750946271,-0.842863983296601,-0.727441923157058,-0.727110010521342,-0.56307453100783
393_chr11,0,0.103849565852961,-1.97276454254986,-1.97281085866581,-0.467143395921363,-0.466505721980145,-0.924350862001149,-0.924747194863775,-1.20849372311487,-1.21252850528212,-1.207034167608,-1.20193407239573,-1.19992983616993,-1.20367775661303,-1.20658585539708,-1.06389839754965,-1.06377590050099,-0.947893554048616
394_chr11,0,0.0451968483343251,-1.93749125091707,-1.93711512071867,-0.363117946847672,-0.362907908239056,-0.979710813456264,-0.979969142058788,-0.963393539559251,-0.966861801346325,-0.96198310322583,-0.957631268876853,-0.955942426443024,-0.959344042228976,-0.961696967539719,-0.837934921718544,-0.837648049702148,-0.687061026458233
395_chr11,0,0.00202205298072855,-1.82344710959565,-1.82273726859694,-0.233936982690233,-0.234032702508313,-0.945068532403862,-0.94522901663337,-0.700906179624194,-0.703770871159226,-0.699627136940905,-0.695894884782934,-0.694576128006847,-0.697648902134586,-0.699582010309708,-0.591577989594988,-0.591300340800777,-0.421655850520991
396_chr11,0,-0.0176702780502935,-1.8526593779335,-1.85181830433612,-0.223531906584417,-0.223775410643361,-0.998797315844453,-0.998909721777241,-0.656867803890969,-0.659629242948011,-0.655560861427669,-0.652047774058624,-0.650770621673,-0.653761582885451,-0.655513491275415,-0.553012047247063,-0.55261851232966,-0.368297509146396
397_chr11,0,0.0471755468926463,-1.88185640482199,-1.88147985260703,-0.332687665330822,-0.332457375740281,-0.929202774418113,-0.929468172762157,-0.918716222027802,-0.922083242281635,-0.917365571099165,-0.913032867785807,-0.911422366162434,-0.914787972504176,-0.917152434257684,-0.793930532950131,-0.793733219237612,-0.648503380203158
398_chr11,0,-0.0514903701079049,-1.80298766869605,-1.80189543141245,-0.146029759953906,-0.146516838877941,-1.0056109061482,-1.00564498274086,-0.48820879425625,-0.49058144297373,-0.486961890862133,-0.48390316830444,-0.482853808305641,-0.485620466294987,-0.487048539937006,-0.396068179856105,-0.395623230610968,-0.19345194361317
399_chr11,0,0.016090890968233,-1.91422536396255,-1.91363811020975,-0.308054788250421,-0.308056369804428,-1.00225083428784,-1.00244092411817,-0.836395978299726,-0.839570905403223,-0.835016146975697,-0.831040130646628,-0.829516822215804,-0.832741751201093,-0.834818446651722,-0.720567495977564,-0.720207572704222,-0.552823104028615
400_chr11,0,-0.0343738283915028,-1.78331414324305,-1.78233744957981,-0.158488854261955,-0.15884806541448,-0.963804149851198,-0.963879773117581,-0.531814317769498,-0.534288823382745,-0.530585482457722,-0.527331797276928,-0.526237321527709,-0.529079889983793,-0.530666185922391,-0.434784403245359,-0.434431728617343,-0.244596006395756
401_chr11,0,0.0875855168982773,-1.84814279714287,-1.84804231666592,-0.369707059093318,-0.369176195112716,-0.841401508067896,-0.841764451874031,-1.03352721589604,-1.03716167561737,-1.03220545362212,-1.02740252524352,-1.02566557261804,-1.02922108058299,-1.03196069671431,-0.896903064399446,-0.896904773992746,-0.779859558834366
402_chr11,0,-0.00713908546096143,-1.94297266871343,-1.94222913177592,-0.292368393175107,-0.292543722249689,-1.06074175411532,-1.06087537127711,-0.779123420853511,-0.782164446975221,-0.777716854728046,-0.774003836350905,-0.772538551970026,-0.775662175990316,-0.777524396746872,-0.669883028068378,-0.669394846371729,-0.48511816506412
403_chr11,0,-0.0053952381587592,-2.00557029893851,-2.00485521553611,-0.33222245768595,-0.33239138096517,-1.1117799035441,-1.11191500907059,-0.843758263272908,-0.846946492075856,-0.842283686309388,-0.838500357585081,-0.836929317778442,-0.840114895213212,-0.842001413008203,-0.73252076729716,-0.731946475443948,-0.544167200146198
405_chr11,0,0.208082915364763,-2.04455768019875,-2.04535708913746,-0.65744979209425,-0.65605308923873,-0.833765370209096,-0.834406567289716,-1.6525542636239,-1.65761511519563,-1.6509975689551,-1.64456060648415,-1.64198161326932,-1.64635260542537,-1.65024847106037,-1.47373923551384,-1.47389538793638,-1.41901666825776
406_chr11,0,0.0513492824145065,-1.89647071002471,-1.89612734477046,-0.347319618003146,-0.347060138466641,-0.93562424768505,-0.935898952214229,-0.94743560587157,-0.950868576304486,-0.94606837175503,-0.941672969938938,-0.940021071034623,-0.943421479403606,-0.945826979516498,-0.821007287771074,-0.820803775402977,-0.677151782595021
407_chr11,0,-0.0412905872889792,-1.90371119289887,-1.90271684494569,-0.22061520687133,-0.221037614551319,-1.07694961295763,-1.07700367028539,-0.618964840713901,-0.621636346190733,-0.617607119513091,-0.614344408958874,-0.613092085783492,-0.615998354277515,-0.617534946288099,-0.521301543687321,-0.520745333147506,-0.317640648537436
408_chr11,0,0.131952318734113,-1.33655505980967,-1.33663513657349,-0.126903858816187,-0.125994346962555,-0.338782049739003,-0.339272251365736,-0.717401384022742,-0.720324336214167,-0.716624476524753,-0.711675871830074,-0.710543211112312,-0.713908912491575,-0.717000346345746,-0.578791225827247,-0.579713081650795,-0.528574947297148
409_chr11,0,-0.0868113086017297,-2.00413998892778,-2.00285078025078,-0.21621408781505,-0.216981485334585,-1.22931189565221,-1.22925341761595,-0.54782184537165,-0.550324358043751,-0.546364055671897,-0.543582272769854,-0.542374601828016,-0.545119365947617,-0.546241261851697,-0.462045175749919,-0.461172439381345,-0.2217176405605
410_chr11,0,-0.0669655019633996,-1.95635402409068,-1.95519233339148,-0.215742757049162,-0.216359338142046,-1.15946069312633,-1.15945144747574,-0.575109709612747,-0.577677423047527,-0.573699873983049,-0.570711544520826,-0.569490672623301,-0.572302489704105,-0.573604675393335,-0.48424364402472,-0.483514820743288,-0.26020250547489
411_chr11,0,0.0108730928473351,-2.38094244118745,-2.38043893460956,-0.57943012952749,-0.579517912402427,-1.40935819677262,-1.4095160490728,-1.25237452644388,-1.25649419677788,-1.25049102873537,-1.24621467071988,-1.24398368313415,-1.24757214766857,-1.24965892792616,-1.12734628994937,-1.12627708391994,-0.921190140803421
412_chr11,0,-0.119738716047844,-1.87716518582222,-1.87561114279071,-0.0938038533688408,-0.0948003388918153,-1.16865414257612,-1.16852274242594,-0.310366600216709,-0.312324081799021,-0.309052267326538,-0.30677424568957,-0.305911454958236,-0.308371856512967,-0.309168514454765,-0.237819956625434,-0.237013390599342,0.0140288752480546
413_chr11,0,-0.0112442501886212,-1.9277287736842,-1.92695237044266,-0.277457392277362,-0.277661342592646,-1.05368135018805,-1.0538058510036,-0.750065545924595,-0.753039863388509,-0.748676230902024,-0.745025560083436,-0.743602354693348,-0.746691018533695,-0.748512765070887,-0.642460974866965,-0.641980175785506,-0.456215642592461
414_chr11,0,-0.018989558499574,-1.93349997683094,-1.93267048106522,-0.269949461264702,-0.270210951361237,-1.06991891004235,-1.07002474382909,-0.727416440157222,-0.730338035238912,-0.726022334842926,-0.722462330546592,-0.721064443235491,-0.724116129331142,-0.725865883266264,-0.622096951257341,-0.621579026785356,-0.430463275671449
415_chr11,0,-0.0398543196871036,-1.95326027111699,-1.95228883965687,-0.252240746403265,-0.252657672371292,-1.11726722056257,-1.11732258902426,-0.670328844806767,-0.673117337347326,-0.668917279240294,-0.665598227388489,-0.664261945562675,-0.667217555191317,-0.668773904612837,-0.571067276089574,-0.570443111623875,-0.364601523000438
416_chr11,0,0.0949381796461188,-1.31451094158721,-1.31432447969143,-0.0613851694164236,-0.0607455487506423,-0.373903017162434,-0.374306118872029,-0.562926468586611,-0.565492362402329,-0.562180325423023,-0.557703759267991,-0.556769796944774,-0.5599171360498,-0.562658242312099,-0.436387957987558,-0.437205762029979,-0.36415054179074
417_chr11,0,-0.0226392816589551,-1.22052523657445,-1.21948591245407,0.161049925841627,0.160834678166565,-0.46495648755016,-0.465083929486861,-0.0499026000700513,-0.051283528657728,-0.0492800899916905,-0.0463216916858622,-0.0460564264128109,-0.0484900152293029,-0.0501152535172071,0.0377336723358823,0.037210968751038,0.178121747404917
418_chr11,0,0.0476690575748906,-1.27672630400542,-1.27619696986051,0.0280393814623967,0.0283353233694292,-0.410508822041984,-0.410801101530122,-0.356677859395756,-0.358767367130395,-0.355981419868671,-0.352115195700888,-0.351450066554898,-0.354310459937993,-0.356602958967991,-0.24577903539636,-0.246478201568923,-0.146143325532468
419_chr11,0,-0.0116271717708862,-1.22178459708066,-1.22082320278091,0.144722329511827,0.144587920536886,-0.449971819800975,-0.450125400026758,-0.0909232746902995,-0.0923992088748729,-0.0902973414963086,-0.0872026445478107,-0.0868865619454411,-0.0893806685340182,-0.091109462359598,0.000181490232758375,-0.000380004235165377,0.133619814636634
420_chr11,0,-0.0808867348111992,-1.15891673449826,-1.15745101963229,0.280231360949099,0.27959415696057,-0.497183117642843,-0.497174638003603,0.218268713996557,0.217506684911184,0.218813705520176,0.221008257747015,0.220918689023466,0.218851319400031,0.217780782903001,0.286283786715596,0.285885026565838,0.459302567323049
421_chr11,0,0.0467776969634985,-1.26096547319543,-1.26042578760478,0.0387135587472889,0.0390045622550317,-0.39831816998079,-0.39860899896651,-0.33876747248043,-0.340816124961405,-0.338088241389134,-0.334245277692478,-0.333608781845562,-0.336451134395175,-0.338733269180733,-0.22851273853242,-0.229231915808172,-0.12949126185908
422_chr11,0,-0.0249552720120666,-1.20362562602579,-1.20256561673689,0.174419242558767,0.174188698454482,-0.453869086746148,-0.453991738143092,-0.0257761488411372,-0.0271018645194574,-0.0251723452013994,-0.0222556022788436,-0.0220270725865053,-0.0244339723993821,-0.0260353260054558,0.0607446737397388,0.0602055346425043,0.201344264485985
423_chr11,0,0.0222183555340992,-1.24133392992795,-1.24061610020717,0.0851753498906538,0.085287790234786,-0.417337234032374,-0.417570483764336,-0.231608088288268,-0.233409227637948,-0.230954681424833,-0.227428829546564,-0.226932009781999,-0.229625275620291,-0.231674330168624,-0.129479174880589,-0.130136712171831,-0.0162225269311955
424_chr11,0,0.133576274402749,-1.33034803516082,-1.33043795346725,-0.12549350633696,-0.124571417967719,-0.331100255825839,-0.331594583644404,-0.717494326125271,-0.720417749118956,-0.716723826045828,-0.711760113455956,-0.710629968979039,-0.713999229568713,-0.717105125572725,-0.578521001922923,-0.579458029623706,-0.529810019931109
425_chr11,0,0.126230149917783,-1.32447590047474,-1.3245125327857,-0.111595979706825,-0.110727302673229,-0.336789187367922,-0.33726629223419,-0.68544109789556,-0.688290485423783,-0.684678322290047,-0.679809463338666,-0.678721098397714,-0.682045764569269,-0.68508194223647,-0.548898347387681,-0.549816937501252,-0.495929379058597
427_chr11,0,0.0415692903009278,-1.25680212618367,-1.25622466079029,0.0485669134572155,0.0488200482959751,-0.402351625853656,-0.402630243755876,-0.316041714455204,-0.318037875746795,-0.315367960020553,-0.311592247610436,-0.310985373479559,-0.313796108559999,-0.316028813002974,-0.207510258713281,-0.20821636372865,-0.105469867174892
428_chr11,0,0.122656349713972,-1.32912431421917,-1.32913696155621,-0.109317582232567,-0.108475658414299,-0.345980965504878,-0.346449372778505,-0.676840430117226,-0.679669695985375,-0.676073297361074,-0.6712447228247,-0.670164930973074,-0.673474201464166,-0.676477411997256,-0.541305980455011,-0.542204504896157,-0.485701539886487
429_chr11,0,0.125748301379341,-1.32409073418443,-1.32412387134919,-0.110684410224385,-0.109819236558323,-0.337162336959174,-0.337638312133942,-0.683338655824714,-0.686183187203154,-0.682576386884516,-0.677713749592891,-0.676628125064028,-0.679949866189153,-0.682981470876579,-0.54695533201654,-0.547872712768022,-0.493707072954292
430_chr11,0,0.0252728716043074,-1.24377556153953,-1.2430798881176,0.0793967630296815,0.0795314117890662,-0.41497177822596,-0.415212189255647,-0.244935809718808,-0.246767732989926,-0.244279191021732,-0.240713899032738,-0.240199707351284,-0.24291151553351,-0.244989558942652,-0.141796264593035,-0.142461468226788,-0.0303100859190435
431_chr11,0,0.0567195612381366,-1.26891251604379,-1.26844494495866,0.0199053662380642,0.0202686538802239,-0.390619064775748,-0.390933202412783,-0.382146650886124,-0.384295499130272,-0.381456965892017,-0.377485632195403,-0.376792594089114,-0.379695298413767,-0.382071786384253,-0.268602504428245,-0.269346634179276,-0.175343565857142
432_chr11,0,0.0750077674733055,-1.28353121878965,-1.28319630340298,-0.0146925817943715,-0.0141963264188747,-0.376456446988331,-0.376813461233872,-0.461943290538439,-0.464276450369445,-0.461234375435645,-0.457026903227298,-0.456229854799417,-0.459243577106022,-0.461793629154355,-0.342348221163969,-0.343138251361977,-0.259689556579765
433_chr11,0,0.0508037256832051,-1.26418368477632,-1.2636732024681,0.031097047284637,0.0314173227672432,-0.395200362513773,-0.39550063050379,-0.356334179616447,-0.358423407085069,-0.35565071514278,-0.351755767100704,-0.351096374063299,-0.353963166493892,-0.35628351027344,-0.244747374653399,-0.245476656611666,-0.148059478811291
434_chr11,0,0.19594396327778,-1.38020173283276,-1.38074404265441,-0.243481789652134,-0.242106245645059,-0.282801930202029,-0.283442478756781,-0.98962227192337,-0.993174246867828,-0.988786192015034,-0.983017183758558,-0.981532336185373,-0.985280197872873,-0.988977993939024,-0.830013677480959,-0.831107238018229,-0.817452473193074
435_chr11,0,0.0881733371300121,-1.29405513495815,-1.29381571761083,-0.0395994364603145,-0.0390074584134508,-0.366260863637845,-0.366648744495926,-0.519388411410566,-0.521854256044232,-0.518665652668205,-0.514288185765745,-0.51341626093302,-0.516509904417008,-0.519184904200914,-0.395437319027534,-0.396260392681207,-0.320409727920962
436_chr11,0,0.11768792804947,-1.31764766370421,-1.3176223339838,-0.0954356551522439,-0.0946290858981034,-0.343404391823763,-0.343861469493373,-0.648168956959992,-0.650932254554211,-0.64741516352872,-0.642656602303258,-0.641616819450249,-0.64488963033206,-0.647844738109614,-0.514452526616974,-0.515349677131882,-0.456532285806783
437_chr11,0,0.0943329412919343,-1.29897882299608,-1.29878408507668,-0.0512522832159872,-0.0506155206455274,-0.361490788413117,-0.361893110432502,-0.546264514369456,-0.548792436519249,-0.545535278783167,-0.541078278670016,-0.54017132238579,-0.543302357553517,-0.546035815012413,-0.420275426050615,-0.421113959316926,-0.348818086226625
438_chr11,0,0.0615270255502025,-1.27275536923758,-1.27232266967171,0.010810521270886,0.0112087624576664,-0.386896103720798,-0.387221512433988,-0.403122983524673,-0.405320282194452,-0.402428243466114,-0.398394835476742,-0.397674455929596,-0.400606343815468,-0.403028456988304,-0.28798821655418,-0.288744412264984,-0.197515797242256
439_chr11,0,0.055460878399301,-1.28295470667195,-1.28248189143439,0.0132986787114298,0.0136512724704956,-0.404474737627956,-0.40478528500124,-0.390675787380909,-0.392843822382913,-0.389971154728735,-0.386004322062257,-0.385294878576232,-0.388202571963085,-0.390569019207508,-0.277198924475885,-0.277917646861563,-0.182079537018547
440_chr11,0,0.0662866041669239,-1.28406508077575,-1.28366884339924,-0.00267631288336578,-0.00224423556386322,-0.389634408094646,-0.389970656780368,-0.430883215130201,-0.433144377318909,-0.43017535534591,-0.426074630640682,-0.425315429845772,-0.428282509565757,-0.430750743470822,-0.31399952764482,-0.314756573119507,-0.225721858237626
442_chr11,0,0.0874358532065209,-1.31609554222535,-1.31585661906302,-0.0517203843596608,-0.0511360878113645,-0.386202542959521,-0.386587733418077,-0.537255765326485,-0.539762107080577,-0.536509313197495,-0.532123697137409,-0.531220530842351,-0.534328690443343,-0.536999555602258,-0.413023592336714,-0.413811357697377,-0.335867891823111
443_chr11,0,0.0684242859382037,-1.29331702427421,-1.29293824066882,-0.0112257221284813,-0.0107788755545351,-0.394435711173687,-0.394776651191432,-0.447238817496933,-0.44953749987812,-0.446520553779322,-0.44238633674918,-0.441603166612782,-0.444589553958227,-0.44707903032023,-0.329472819903379,-0.330224078350425,-0.241867328010711
444_chr11,0,0.122879426419659,-1.35970730892711,-1.35972942562991,-0.127899354856905,-0.127058925492223,-0.371833748976138,-0.372301387589654,-0.706143042378769,-0.709038952812118,-0.70534279965377,-0.700487601862133,-0.699358931212816,-0.702695074129229,-0.70570425034801,-0.569829296551044,-0.570683428910563,-0.512069233900163
445_chr11,0,0.00906671755453337,-1.24586947054699,-1.24506012969656,0.101067962657331,0.101083239222557,-0.440402961487813,-0.440604737981883,-0.188244882605666,-0.189945349531484,-0.187589033565403,-0.184221245329749,-0.183775658863238,-0.186401717952822,-0.188327861777602,-0.0901182124665003,-0.0907204929938299,0.0318923205752006
446_chr11,0,0.0194891961689249,-1.25420069312725,-1.25346695297612,0.0813505355443069,0.0814415906380173,-0.432331662470565,-0.432557874413877,-0.233721117922677,-0.235526624322991,-0.233054309612053,-0.229551945652738,-0.229047083534009,-0.231736411952899,-0.233761470229229,-0.132146016926786,-0.132774456193844,-0.0161765973499302
447_chr11,0,0.0563253592556005,-1.28364573063051,-1.28317918600858,0.0116632387258631,0.0120221178503988,-0.403805272739226,-0.404117846883575,-0.394447762963938,-0.39662451034792,-0.393742221307316,-0.389764226407636,-0.389049866368794,-0.391962807559552,-0.394337459152763,-0.280684873810245,-0.281405765903393,-0.186066559766853
448_chr11,0,0.0319274697610459,-1.26414324418866,-1.26349972654759,0.0578195922784843,0.0580010821050987,-0.422699306374221,-0.422954679788069,-0.287992839433489,-0.289923700825652,-0.28731295223749,-0.283649984478284,-0.283074382297915,-0.285839216866255,-0.287982320480562,-0.182302352064896,-0.182962009391842,-0.0735424480799485
449_chr11,0,0.0900156953435421,-1.3105761470062,-1.31035397927984,-0.0520727276219122,-0.0514688967745354,-0.377715051150103,-0.378106612119747,-0.541448271051222,-0.543964555250697,-0.540707303895982,-0.536294297179328,-0.53538833044894,-0.538505787767506,-0.541200177231137,-0.416538437026023,-0.417343886427052,-0.34144783328131
450_chr11,0,0.126123078077643,-1.33943863293473,-1.33947837444184,-0.120381305038288,-0.119514948890336,-0.349753038124262,-0.350229252673035,-0.698995040360972,-0.701875220774403,-0.698216106174658,-0.693336878577086,-0.692225558711365,-0.695562204763542,-0.698599271059832,-0.562138545912414,-0.563034619018434,-0.507976629487251
451_chr11,0,0.0606056131639549,-1.2795239728231,-1.27908652769664,0.00807108513730426,0.00846185777732855,-0.394033839246843,-0.394356768877431,-0.406095437362243,-0.408299345577913,-0.405393551158577,-0.401366179779714,-0.400639288424756,-0.403571881867162,-0.405986200371668,-0.291091389586015,-0.291834176689872,-0.199520884327442
452_chr11,0,0.113971186805227,-1.33730659754447,-1.33726015160857,-0.101920392007534,-0.101143165484773,-0.365653245626173,-0.366100648042296,-0.653036964750953,-0.655810734014364,-0.652262610631871,-0.647534368613627,-0.646480288196885,-0.649749529707643,-0.652672228241969,-0.52002518505142,-0.520879549818127,-0.458249987298068
453_chr11,0,0.0519731993902434,-1.47364170757496,-1.47319355411673,-0.0956596948071315,-0.0953522893535326,-0.572784618934195,-0.573078770192721,-0.555726406276217,-0.558269066914675,-0.554816244019591,-0.55074336083984,-0.549750794226879,-0.552799696683857,-0.555157533894677,-0.438914243569847,-0.439338168410779,-0.327233607875731
454_chr11,0,-6.91842475749604e-05,-1.23856667490684,-1.2376910656964,0.118351421281662,0.118300273609377,-0.44747791917928,-0.44765827659704,-0.148382347449,-0.149990741235612,-0.147736104839372,-0.144486279963663,-0.144092652014693,-0.146663251899129,-0.148502691519506,-0.0532784252418757,-0.0538577761296959,0.0740274911181476
455_chr11,0,0.16959402321479,-1.35913887209078,-1.35949004946026,-0.193632512733767,-0.1924485507637,-0.303207656440824,-0.303786427692231,-0.874649997167245,-0.877936413029298,-0.873841624307092,-0.868412848195349,-0.867077860357155,-0.870665765560529,-0.874113487727166,-0.723759669247405,-0.724787095686494,-0.695925420648104
456_chr11,0,0.232777170345033,-1.47859145479809,-1.47941874256773,-0.354343384188578,-0.352707104474696,-0.313294534980902,-0.314018509773354,-1.21457676473457,-1.21864597902368,-1.21362740481158,-1.2073289633485,-1.2055266718221,-1.20955599468436,-1.21361208322584,-1.04118156324028,-1.04226563403248,-1.04478835549237
457_chr11,0,0.212088843484056,-1.40815548545904,-1.40881878996121,-0.283012841770418,-0.281521455872489,-0.283180064121351,-0.283857824979301,-1.07408809849695,-1.07783465620479,-1.07321877102707,-1.06722954785957,-1.0656293158069,-1.06948781433983,-1.07334073805851,-0.908788561945139,-0.909900395252355,-0.904454422781643
458_chr11,0,0.168920769734966,-1.36610584183863,-1.36645407369792,-0.196841420221609,-0.195663122513785,-0.31015321457686,-0.310730088552987,-0.878705238817776,-0.88200076521249,-0.877889458872614,-0.872463515127394,-0.871120604129868,-0.87471072133063,-0.878153003979092,-0.727863523055868,-0.728878163726826,-0.699075027242188
459_chr11,0,0.214532107424177,-1.40256532720014,-1.40324440637061,-0.283129745646689,-0.281619822403314,-0.274831218851392,-0.275515028381742,-1.07772046375804,-1.08147566880686,-1.07685672334208,-1.07084184302968,-1.06923952715448,-1.07310652654911,-1.0769816832402,-0.91178756382361,-0.9129166815931,-0.90943647090212
460_chr11,0,0.10490474838579,-1.31493454734194,-1.31481843130861,-0.0757347927371235,-0.075021935168512,-0.359728029677971,-0.360154818410627,-0.599385150128506,-0.602035512403377,-0.598636683239227,-0.594037318537027,-0.59305848517959,-0.596259995131975,-0.59909473423188,-0.469724079730591,-0.4705780505165,-0.403830393985957
462_chr11,0,0.116887961484302,-1.32451334517344,-1.32448415081427,-0.0984048446116825,-0.097604860910343,-0.350448078172775,-0.350902961488905,-0.651671313418814,-0.654442444510125,-0.650910246141756,-0.64615615341044,-0.645109168052087,-0.648383421723479,-0.651331887413315,-0.518045420127949,-0.518929466845328,-0.459097486222189
463_chr11,0,0.192610560198828,-1.38504230834877,-1.38556237694591,-0.241658179658183,-0.24030764101537,-0.291807541770607,-0.292439956342582,-0.982070525099842,-0.985604801146468,-0.981229835262504,-0.97549800739768,-0.974020365705798,-0.977754291036036,-0.981421401455105,-0.823390692566735,-0.824464790789576,-0.808333355860735
464_chr11,0,0.259557201312112,-1.43855619777476,-1.43956187186665,-0.368309004807417,-0.366471718420791,-0.239963217726651,-0.240752588365548,-1.27417774043606,-1.27838671587637,-1.27326665598657,-1.26667040872518,-1.26481202211047,-1.26895234492438,-1.2732548119159,-1.0933476237421,-1.09458974723277,-1.11709413303269
465_chr11,0,0.168379302001976,-1.36567301886336,-1.36601732312147,-0.195817062105438,-0.194642701237357,-0.31057253402503,-0.311148138532751,-0.876342661262761,-0.879632730655525,-0.875527450672692,-0.870108498394157,-0.868768666880333,-0.872355497118216,-0.875792640971405,-0.725680098090888,-0.726693379765199,-0.696577754858225
466_chr11,0,0.141924981933839,-1.34452672182105,-1.3446791364941,-0.14577031726992,-0.144788297352679,-0.331059093457553,-0.331572675943527,-0.760914946888856,-0.763938405240147,-0.760127553102886,-0.755050180730518,-0.753860802590983,-0.757287042709195,-0.76047312204525,-0.619005185904619,-0.619952071503778,-0.57456929725731
468_chr11,0,0.138194220477019,-1.34908771717351,-1.34921501816052,-0.143217703100259,-0.142263581513586,-0.340404993058417,-0.340909508340471,-0.751664864172473,-0.754666699568477,-0.750873237140436,-0.745838146164878,-0.744658174218861,-0.748068097762105,-0.751219725140666,-0.610814454124181,-0.611740823850029,-0.563649255426435
469_chr11,0,0.0781623439136607,-1.30868274984867,-1.30837656017388,-0.0341765974804593,-0.0336597256699911,-0.393384065629047,-0.393747514391217,-0.49679280959211,-0.499205691375796,-0.496056108588481,-0.491790232685236,-0.490939807521344,-0.493991672575235,-0.496574527566935,-0.375628914003404,-0.376393404351958,-0.293098069636965
470_chr11,0,0.0750639392629169,-1.29862444026906,-1.29829381818579,-0.0237867342763023,-0.0232916128939154,-0.389293879816928,-0.38965038646885,-0.47620951133948,-0.47857510925217,-0.475484266004675,-0.471264317337742,-0.470443385571326,-0.473470078723884,-0.476022568663693,-0.356246686460401,-0.35701460936603,-0.272489693623077
471_chr11,0,0.0724690913015852,-1.35044897186893,-1.35011344575063,-0.0510697598317498,-0.05059902919534,-0.437439135196606,-0.437787268495529,-0.515107070862386,-0.51756067364457,-0.514326275408977,-0.510097742318382,-0.509207169231763,-0.512263346931659,-0.514798032906222,-0.394752163026498,-0.395433886404884,-0.305440626475727
472_chr11,0,-0.0327063279160852,-1.19742980885432,-1.1963135763513,0.189082825521214,0.188795925953672,-0.459871602291189,-0.45997608137614,0.008043910214655,0.00679631096804645,0.00863956359375129,0.0114562243769223,0.0116406715711261,0.00928082429983768,0.00775303202903199,0.0920001815653944,0.0914804963678999,0.237092466412627
473_chr11,0,0.0483077658272245,-1.2696936716816,-1.26916702264377,0.0313363675600717,0.0316377264618508,-0.403557447478206,-0.403851544866914,-0.352436435500096,-0.354516403963095,-0.351747480523138,-0.347878899751197,-0.347221949813125,-0.350079889559257,-0.352377495440062,-0.241501311997669,-0.242213233488882,-0.142802685503908
474_chr11,0,-0.0246655545665403,-1.20385721206337,-1.20279930427472,0.173871150034245,0.173642712373399,-0.453644725898803,-0.453768056536856,-0.0270402683673705,-0.0283689038663355,-0.0264361600887906,-0.0235156763156819,-0.0232854989163842,-0.0256941574499212,-0.0272982606171395,0.059576411505792,0.059036545264513,0.20000807521415
475_chr11,0,0.023982386716436,-1.24274401067384,-1.24203897656492,0.0818381248840416,0.0819633909380786,-0.415971146014815,-0.416208531509104,-0.239305057514352,-0.241123975063944,-0.238649795766358,-0.235101166602406,-0.234594314281984,-0.237298288616202,-0.239364084688636,-0.136592488357743,-0.137254453082638,-0.0243583143248038
476_chr11,0,0.000159930761788663,-1.22370149782162,-1.2228236646698,0.126905863213616,0.126857923764058,-0.434419556651963,-0.434601090516821,-0.135360914004501,-0.136939744877281,-0.13473070164688,-0.131489669588003,-0.131118302468978,-0.13367766333202,-0.135517372573049,-0.0405303559544952,-0.0411325301585306,0.085511873221352
477_chr11,0,0.0668006662280609,-1.27697086114896,-1.27657641456858,0.000833755711264539,0.00127033986281422,-0.382812129802948,-0.383149902540463,-0.426133376092185,-0.428383823390613,-0.4254330907832,-0.421331589201429,-0.420581216933521,-0.423545118289608,-0.426017280907938,-0.309253747278973,-0.310023178977013,-0.221838053999931
478_chr11,0,0.0237744511171962,-1.24257779706729,-1.24187125467256,0.0822315010831114,0.0823552553035132,-0.416132173967943,-0.416369071958254,-0.238397775418445,-0.240214597358453,-0.237742732315413,-0.234196788029482,-0.23369111829899,-0.236393830366679,-0.23845765302794,-0.135754004823403,-0.136415447663492,-0.0233993064320202
479_chr11,0,0.0636851779620861,-1.27448049132904,-1.27406344618067,0.00672769083731195,0.0071416232641579,-0.385224803247506,-0.385555271738285,-0.41253961564875,-0.414758664537802,-0.41184260628587,-0.407781332091793,-0.407048678507297,-0.409993667389649,-0.412436262491024,-0.296690792104385,-0.29745240442954,-0.207469288632827
480_chr11,0,0.0148636312621376,-1.23545492099033,-1.2346837428945,0.0990891457480565,0.0991481122302262,-0.423032825358074,-0.423248831975581,-0.199517336744617,-0.20124435395875,-0.198871663397815,-0.195440776199048,-0.194985784879925,-0.197634404095361,-0.199613658690673,-0.099821842397843,-0.100460920517795,0.0176977765274011
481_chr11,0,-0.0240742008600167,-1.20432991146003,-1.20327629312645,0.172752416761883,0.172528278645834,-0.453186774122945,-0.45331149118682,-0.0296205125979818,-0.0309551078580435,-0.0290157825090454,-0.0260876631383074,-0.0258541225393389,-0.0282663708669908,-0.0298760862719232,0.0571918253757402,0.0566504749320682,0.19728072658286
482_chr11,0,0.102160054343168,-1.30523543655254,-1.30509747353689,-0.0660597524181781,-0.065366081397124,-0.355429373253092,-0.355850045900073,-0.580416432367085,-0.583023237465181,-0.579678966545816,-0.575120902238434,-0.574169430897066,-0.577347980308906,-0.58015572092283,-0.451837628188556,-0.452695806245776,-0.384917066974923
483_chr11,0,0.0479539409524873,-1.26190570544186,-1.26137455187813,0.0364883198211092,0.0367878754249438,-0.397407271786261,-0.39770085847016,-0.343899759186167,-0.345960266049871,-0.343219291270468,-0.339361139834708,-0.338717954347814,-0.341567447249644,-0.343860745169554,-0.233255847556271,-0.233977977014656,-0.134916149532974
484_chr11,0,0.112964828533481,-1.31387224762592,-1.31381265833641,-0.0865004129800539,-0.0857281838809232,-0.347062019715571,-0.347508024101869,-0.627560731895547,-0.630276429306594,-0.626811904818868,-0.622114328562414,-0.62110140734325,-0.62434554679769,-0.627255830036329,-0.495407008727367,-0.49629230502453,-0.434749148475824
485_chr11,0,0.120031328381427,-1.31952086397475,-1.31951253238985,-0.099868940837109,-0.0990453334641701,-0.34158963302251,-0.342052204782535,-0.658393878389993,-0.661180793162861,-0.657637620865606,-0.652848801502212,-0.651795691053319,-0.655082727473296,-0.658060075273321,-0.523902099464995,-0.524805131536647,-0.467340148541757
486_chr11,0,0.0739662265885166,-1.28269866165438,-1.28235619132592,-0.0127221765538463,-0.0122334938909956,-0.377263029398413,-0.377617601756532,-0.457398751746722,-0.459721414755307,-0.456690931827575,-0.452496908063066,-0.451705783179626,-0.45471318284498,-0.457253350157714,-0.338148291544267,-0.338935707642699,-0.254885925393853
487_chr11,0,0.0312504956435921,-1.24855378351674,-1.24790146950809,0.0680881894490257,0.06826629961239,-0.410342630705606,-0.410597056245104,-0.271017881700397,-0.272910048461672,-0.270354977512088,-0.266712502051616,-0.266164313892285,-0.268912409053626,-0.271047183056832,-0.165900551447917,-0.166580757953561,-0.0578791441020852
488_chr11,0,-0.0745281130251837,-1.17150464338772,-1.17008698956262,0.263719428993485,0.263127687272194,-0.498683102799319,-0.498689212081363,0.183531402740467,0.182689394712914,0.184091195388943,0.186373711281336,0.186332058026828,0.184219789627909,0.183087956691992,0.25382446300444,0.253420839750439,0.423721650719205
489_chr11,0,0.125399836492855,-1.33131732413998,-1.33134987168759,-0.114507758446839,-0.113645887608414,-0.343856374708245,-0.344331214072973,-0.688811042383422,-0.691667957568034,-0.688041024841946,-0.683177026225344,-0.682081631370422,-0.685407556111897,-0.688436803684746,-0.552368869634086,-0.553274279784404,-0.498354618456562
490_chr11,0,0.0878467286294086,-1.31642397605836,-1.31618803323022,-0.0524976856622639,-0.0519104017693937,-0.385884355844952,-0.386270509598893,-0.539048531530046,-0.541559014155047,-0.538301647364204,-0.533910726053859,-0.533005222991361,-0.536115876798712,-0.538790641367606,-0.41468041434322,-0.415469210934903,-0.337762866877603
491_chr11,0,-0.0917632684359363,-1.35874576480889,-1.35725500163324,0.17626346595933,0.175525809252159,-0.684095954215445,-0.684053116040472,0.0714366397072443,0.0703425791192114,0.0721956625977041,0.0744126111298651,0.0745877068519785,0.0724113521115877,0.0714176447213935,0.140691470877911,0.140628301380351,0.335685140189097
492_chr11,0,-0.125937224351336,-1.20761620641357,-1.20584558683289,0.314863677426274,0.313890243105547,-0.604580678516437,-0.604462979521052,0.33590847578066,0.33542105796887,0.336497690910127,0.338176698431745,0.33796356128919,0.336098572723748,0.335444864999917,0.390983493101392,0.390823043340253,0.596480631347687
493_chr11,0,0.00551808148433164,-1.28133237213796,-1.28050718072577,0.0849062495792765,0.0848917995738403,-0.475934356741425,-0.476126186422552,-0.208446372698615,-0.210192193297774,-0.207752843282632,-0.204400967355855,-0.203915590551479,-0.20655225202959,-0.208449565445216,-0.110605147340591,-0.111141897238729,0.0163404805067384
494_chr11,0,0.00348766276530799,-1.25661181470388,-1.25576593104063,0.102542860707082,0.102516015589839,-0.457735903888203,-0.457923954500624,-0.178066169585949,-0.179742607266228,-0.177399749638376,-0.174092127373648,-0.173654466137387,-0.176259416562234,-0.178134536653471,-0.0814326766622759,-0.0819984792248185,0.0449540411096918
495_chr11,0,0.0893282651022759,-1.34058719426823,-1.34036793168514,-0.0690250820433376,-0.0684293816319639,-0.404406360855362,-0.404795011864271,-0.566923310887289,-0.569497393534985,-0.566150022630701,-0.561722027467626,-0.560772116186115,-0.563911049543721,-0.56660278326348,-0.441531818720189,-0.442290360370826,-0.363746128174205
496_chr11,0,0.0584118787544994,-1.29289518842567,-1.29244573638184,0.00318767752859195,0.00356094998596901,-0.408679075187447,-0.408996219082341,-0.410615918813152,-0.412829752121123,-0.409899985488253,-0.405889128879341,-0.405151030326729,-0.408083000801765,-0.410478414158769,-0.295986756084965,-0.296701675952569,-0.20200807810578
498_chr11,0,0.0135597239638732,-1.26466293064202,-1.26389010588329,0.083488359382762,0.0835347450203765,-0.449935972541604,-0.450147637051381,-0.222013434160885,-0.22379137975061,-0.221336423408011,-0.217898750032151,-0.217403806068929,-0.220069898625158,-0.222040607534209,-0.122047451153713,-0.122638532964807,-0.00149873667986444
499_chr11,0,0.0566541024108124,-1.26886019144036,-1.26839214554176,0.0200292023910968,0.0203920141029337,-0.390669756918011,-0.390983741087151,-0.381861035425051,-0.38400922396424,-0.381171419261115,-0.377200930773149,-0.376508264950155,-0.379410571909051,-0.38178643864305,-0.268338546986185,-0.26908251244612,-0.175041666940911
501_chr11,0,-0.0477827978281809,2.58971425871265,2.5919146740144,2.47234816639923,2.47233858443637,2.75982460357075,2.75959509636627,3.59123298072217,3.59813287816964,3.58773091937874,3.58740495916484,3.58159231768338,3.58249237712741,3.58158551347228,3.58260648603676,3.57654333324126,3.4527378636739
503_chr11,0,-0.210827384352283,-2.33360545062255,-2.33152735120446,-0.23758626374815,-0.239299272514363,-1.69221906851332,-1.69185162755714,-0.406046411375253,-0.40820682917431,-0.404255598664058,-0.402740429291272,-0.40156694054882,-0.40391858552133,-0.403917759100017,-0.351357418292127,-0.349539758620418,-0.00693796575444372
504_chr11,0,-0.162674989522356,-1.68075643406143,-1.67884909253009,0.0842335236588563,0.0829414755533404,-1.06316218876503,-1.06293701059764,0.0280000997890824,0.0268186346358843,0.0290940260101813,0.0306910782301815,0.0310558681448137,0.0289921478604787,0.0286234930853699,0.0825796817803917,0.0832543716223537,0.347134445857902
505_chr11,0,0.00242117896951422,-2.22506905656524,-2.22446573717168,-0.474377584547755,-0.474511534594948,-1.28826328089019,-1.28840765257599,-1.07655778708631,-1.08027645077221,-1.07484441140329,-1.07079363009779,-1.06884421093743,-1.07225621618123,-1.0742439085706,-0.957786000785651,-0.956916045184138,-0.757937145649584
506_chr11,0,-0.23600157907983,-1.05755538696484,-1.05497037157569,0.560164200169373,0.558396885974962,-0.636676573748075,-0.636303466756257,0.873993643300148,0.874746957830961,0.874399999910936,0.874609370749567,0.873673054762201,0.872528311942407,0.872927027197991,0.891211768769983,0.891235779179996,1.15583940369677
508_chr11,0,-0.09854780953616,2.630293340472,2.63286198587786,2.56838630236256,2.56800762413882,2.72051153762275,2.72040104873558,3.8127351496127,3.82014666529896,3.80917970869337,3.80819826733722,3.80209691054244,3.80330513739671,3.80288005868706,3.78731230165158,3.78137656084489,3.68686827271976
509_chr11,0,0.057637330647332,-1.51297496933458,-1.51257688902079,-0.12716349924589,-0.126818479150345,-0.598190870953637,-0.598496823114536,-0.612870430523707,-0.61554389269044,-0.611916678431629,-0.60774348006154,-0.60666419843257,-0.609776696727236,-0.612192694975193,-0.493376601967534,-0.493763284282587,-0.382363374051815
510_chr11,0,0.131962333207276,-2.19205669269398,-2.19235775205666,-0.637882081226547,-0.637060181672182,-1.07105243071237,-1.07150631243371,-1.51454300827894,-1.51927797588167,-1.51284107806312,-1.50722429299206,-1.50475197443214,-1.50883574112019,-1.51203555710063,-1.35607928725234,-1.35573635881923,-1.24157815694218
511_chr11,0,0.0545962447406934,-1.26721524008833,-1.26673226727219,0.0239222934801513,0.0242701431631041,-0.392263387877112,-0.392572547409187,-0.372882017753954,-0.375009466860974,-0.372194565434091,-0.368250648138583,-0.367569685947716,-0.370459500746216,-0.372815837398135,-0.260040401893573,-0.260779202462778,-0.165550739196529
512_chr11,0,-0.207201618315623,2.71714591159499,2.72050269044103,2.77393947588534,2.77277081036126,2.63636865640723,2.63651290583402,4.28682258686793,4.29532913372656,4.2831528961132,4.28076850969128,4.27404920724082,4.27591701363105,4.27652311304149,4.22545002284039,4.2197869855632,4.18798429412958
513_chr11,0,0.0438036946807305,-1.25858820039031,-1.25802694251723,0.0443398282186862,0.0446092087013279,-0.400621274893767,-0.400905131345936,-0.325791055579201,-0.327809735570091,-0.325114951661035,-0.32131038847583,-0.320690806640593,-0.323515105602691,-0.325769015642909,-0.21652031417455,-0.217232027184406,-0.115775035908554
515_chr11,0,0.0560465464520894,-1.26837454075118,-1.26790208787253,0.0211785873672061,0.0215369817328217,-0.391140255922518,-0.391452815679736,-0.379210096164885,-0.381352161653982,-0.378521118848027,-0.374558475162227,-0.373869264685801,-0.376767883495319,-0.379137984224256,-0.265888626580819,-0.266631067173323,-0.172239592828286
516_chr11,0,0.110369067139186,-1.26754586745158,-1.26745602265743,-0.0551597123866243,-0.0544018206236634,-0.311194227440009,-0.311636025982661,-0.575003821725854,-0.577599635127593,-0.574305571488089,-0.569676067631076,-0.568747201753302,-0.571938444057467,-0.574818490961022,-0.444735722961447,-0.445679928129801,-0.385898811295617
519_chr11,0,0.0762813078243725,-1.29959754549891,-1.29927575374459,-0.0260897733870802,-0.0255858009049095,-0.388351134234304,-0.388710495000761,-0.481521236238761,-0.483899102994468,-0.480794710836931,-0.476559043427731,-0.475731188133991,-0.478765271284193,-0.481329314650787,-0.361155627006109,-0.361926605310413,-0.278104249587187
520_chr11,0,-0.0725094331303666,2.60947952856687,2.61185930148493,2.51912644701359,2.51893708554656,2.74067598503208,2.74050444930101,3.69912231561104,3.70627141220529,3.69559425412968,3.694949021988,3.68899575297553,3.69004591468308,3.68937371896636,3.68231464873868,3.67631355580832,3.56677816511085
521_chr11,0,0.0604460672631989,-1.27189130374777,-1.27145076332125,0.0128554970415036,0.0132458789242382,-0.387733211464778,-0.388056085876644,-0.398406455408245,-0.400592860000461,-0.397712851980861,-0.393693401395395,-0.392979169570865,-0.395904495533382,-0.398316349880073,-0.283629339438982,-0.284382822118891,-0.192530371308475
522_chr11,0,0.0764762610981693,-1.28470506118349,-1.28438079769154,-0.0174707036870094,-0.016963771361231,-0.375319226986284,-0.37567968410782,-0.468350745436319,-0.470698704990536,-0.467640286207674,-0.463413852713863,-0.462608452537745,-0.46563108928881,-0.468195078064372,-0.348269803275132,-0.349063519155207,-0.266462312095875
523_chr11,0,0.136708441565574,-1.37076155115767,-1.37088397828128,-0.154061327289064,-0.153120351551786,-0.361124385063161,-0.361624445733866,-0.766482964411301,-0.769518245961393,-0.765668180431633,-0.760634421494453,-0.759427101233789,-0.762847192752604,-0.765987613131171,-0.625593684844275,-0.626482525800595,-0.575849244263193
525_chr11,0,0.216586564856052,-1.3967024247264,-1.39739446813566,-0.282533823923592,-0.281008194123152,-0.266816038937921,-0.267504983969343,-1.0796918073631,-1.08345182188262,-1.07883402169167,-1.07279847481723,-1.07119622679476,-1.07506939874725,-1.07896310326178,-0.913253303560427,-0.914398673697119,-0.912657036113164
526_chr11,0,0.0234628771259332,-1.22003807792842,-1.21932351948513,0.0961344493840173,0.096258222964053,-0.397293290093709,-0.397530404560172,-0.216269180423557,-0.218035651194502,-0.215638566972738,-0.212114052426739,-0.211645059223267,-0.214327171632226,-0.216385215784822,-0.114245714925224,-0.114939331520201,-0.00338557226546188
527_chr11,0,0.218372144756049,-1.39812973046931,-1.39883472579665,-0.285911815170709,-0.284373202986489,-0.265433263321364,-0.266126394635976,-1.08748279976653,-1.09126080965752,-1.08662313655199,-1.08056453415342,-1.0789521310213,-1.08283614228053,-1.0867467928271,-0.920453510503685,-0.921603362157835,-0.920892207115886
528_chr11,0,0.0938397226503082,-1.29858456799819,-1.29838625245819,-0.0503192035737206,-0.0496860270391999,-0.361872743155816,-0.36227390882655,-0.544112461308071,-0.546635412718288,-0.543383744342797,-0.538933112700916,-0.538028961493846,-0.541157002593289,-0.543885779164536,-0.418286561655364,-0.419123857022461,-0.346543340719281
529_chr11,0,0.0986482263665307,-1.30242825204112,-1.30226481555983,-0.0594160149038396,-0.058747877267521,-0.358148977173165,-0.358561416356931,-0.565093329162259,-0.567664741473396,-0.564359556039596,-0.559846836684103,-0.558915338124785,-0.562072569095117,-0.56484698073317,-0.437676465094734,-0.438525829030342,-0.368720365880899
530_chr11,0,0.192172537711824,-1.37718703863214,-1.37770199196589,-0.236346940883411,-0.234998817712613,-0.285722569772552,-0.286354276238834,-0.973166470682275,-0.976680436572054,-0.972334356440261,-0.966614045076679,-0.965150646692163,-0.968875614059136,-0.972537617440532,-0.814805708044243,-0.815889802911835,-0.800058496894545
531_chr11,0,0.170636392901376,-1.3599720917299,-1.36033083005298,-0.195604485916011,-0.194412945207344,-0.302400432196167,-0.302981647278117,-0.879198152256675,-0.882495073293952,-0.878388683341385,-0.872946448084263,-0.871605531987992,-0.875199764863832,-0.878657379631806,-0.727962940943515,-0.728992983562338,-0.700732874303415
532_chr11,0,0.0638692295361369,-1.27462761320728,-1.27421190309909,0.00637949885432509,0.00679476946165214,-0.385082271385007,-0.385413171383786,-0.413342684957086,-0.415563588748539,-0.412645482063373,-0.408581831383367,-0.407848131044304,-0.410794237205959,-0.413238579047355,-0.29743296523335,-0.29819503949826,-0.208318142378118
533_chr11,0,0.0740542457214125,-1.24580174088102,-1.24545036312929,0.00919069344179624,0.00968380508086586,-0.345551930213692,-0.345908279389311,-0.423338898937413,-0.42558415322888,-0.422670957755528,-0.418504665061649,-0.417770925933438,-0.42074783376659,-0.42328415716219,-0.30491707805132,-0.305759369546224,-0.224483834281631
534_chr11,0,0.0993280758877201,-1.30297169068864,-1.30281318557744,-0.0607021661043197,-0.0600290854982706,-0.357622493121216,-0.358036526208802,-0.568059705774735,-0.570637969722521,-0.567325217788077,-0.562803720171224,-0.561868355110926,-0.565029713086438,-0.56781057683104,-0.440417903460414,-0.44126897370863,-0.371855861001069
535_chr11,0,0.166164643610909,-1.35639759279924,-1.35672389475224,-0.187144752491301,-0.185985724450063,-0.305863411300167,-0.30643414238816,-0.8596866396371,-0.86293849364062,-0.858881872780819,-0.853497377042199,-0.852181893078298,-0.855748980340422,-0.859164156006825,-0.709930972567426,-0.710949791817016,-0.680108974981769
536_chr11,0,0.0247984223141436,-1.24339630984848,-1.2426971949517,0.0802943344849696,0.0804255336744029,-0.415339197745933,-0.41557849643162,-0.242865652670399,-0.24469279436259,-0.242209532858304,-0.23865036698949,-0.238138873638458,-0.240847801691159,-0.242921342343033,-0.139883086093845,-0.140547098936429,-0.0281219054648254
537_chr11,0,-0.00697089559430075,-1.21800146199025,-1.21707190453377,0.140396085082498,0.140296299661542,-0.439941758605018,-0.440106574282972,-0.104247092679266,-0.105754057896966,-0.103624378408888,-0.100475420045019,-0.10014460799919,-0.102660681404649,-0.10443271559407,-0.0117758737605804,-0.0123601507409705,0.118399549898944
538_chr11,0,0.0910667277862984,-1.29636797074904,-1.29614954095804,-0.0450732034485293,-0.0444601884780722,-0.364020185386095,-0.36441484978417,-0.532013096882948,-0.534508101589308,-0.531287295730846,-0.526872469179514,-0.52598408879676,-0.529095296517914,-0.531797756003152,-0.407104683502785,-0.407935019100178,-0.333754169596316
540_chr11,0,-0.0579220330017787,2.59781907025989,2.60009303172066,2.49152974862298,2.49144644750464,2.75197265184985,2.75176691603177,3.63547334443493,3.64247542678233,3.63196062165253,3.63150374297275,3.6256334367265,3.62659504607942,3.62578440875618,3.62349213416506,3.61745442921396,3.4995004507144
541_chr11,0,-0.0703258029276315,2.60773404076833,2.61009797446268,2.51499541725021,2.51482193226416,2.74236701582825,2.74219036058704,3.689594516647,3.69672160625256,3.68606875125995,3.68545171429387,3.67951086421831,3.68054777026725,3.67985485082522,3.6735093360516,3.66750276256174,3.55670716905727
542_chr11,0,-0.0579220330017787,2.59781907025989,2.60009303172066,2.49152974862298,2.49144644750464,2.75197265184985,2.75176691603177,3.63547334443493,3.64247542678233,3.63196062165253,3.63150374297275,3.6256334367265,3.62659504607942,3.62578440875618,3.62349213416506,3.61745442921396,3.4995004507144
543_chr11,0,-0.0692789855549457,2.60689726586522,2.60925360634415,2.51301502985771,2.51284915594797,2.74317768441718,2.74299857491784,3.68502695503949,3.69214349464531,3.68150229038433,3.68089876999244,3.67496387347024,3.67599442484718,3.67529157059308,3.66928812941999,3.66327892858743,3.5518792024831
544_chr11,0,0.133416075989432,-1.30057285437528,-1.30065395503018,-0.107483149849573,-0.106559187505117,-0.305847221571155,-0.306342433285074,-0.689171911547919,-0.69203092815098,-0.688433636208822,-0.683495143416644,-0.682412333894268,-0.685755739562782,-0.688856362516836,-0.550939501615056,-0.551919959204688,-0.504363657128035
545_chr11,0,0.0570823596072643,-1.26920251941792,-1.26873757993429,0.0192190179456224,0.0195849433793829,-0.390338109138559,-0.390653097354565,-0.383729643244995,-0.385882147831501,-0.383039576767216,-0.379063558594396,-0.378368457148786,-0.381273363829552,-0.383653294935115,-0.270065459592783,-0.270810499909185,-0.17701680747981
546_chr11,0,-0.109370594774011,2.63894454870095,2.64159169847824,2.58886103653881,2.58840366928439,2.71213023610263,2.71204512118159,3.85995803645868,3.86747862597622,3.85639121534526,3.85527002948021,3.8491071203736,3.85038104660597,3.85005868145474,3.83095431028703,3.82504573292511,3.73678342194359
547_chr11,0,-0.0733511307888251,2.61015234074499,2.61253821901801,2.52071878534748,2.52052330416437,2.74002416373939,2.73985460136429,3.70279488162897,3.70995246099234,3.69926593509977,3.69860983490303,3.69265177891238,3.69370705011914,3.69304284252745,3.68570872666516,3.67970974626013,3.57066011077456
548_chr11,0,-0.0579220330017787,2.59781907025989,2.60009303172066,2.49152974862298,2.49144644750464,2.75197265184985,2.75176691603177,3.63547334443493,3.64247542678233,3.63196062165253,3.63150374297275,3.6256334367265,3.62659504607942,3.62578440875618,3.62349213416506,3.61745442921396,3.4995004507144
550_chr11,0,-0.0813496622204099,2.61654597781897,2.61898987439953,2.53585054683613,2.53559691087387,2.73383000002155,2.73367919016359,3.73769474672162,3.74493293661627,3.73415738971045,3.73339801195417,3.72739446600043,3.72849829204122,3.72790999444934,3.71796215959732,3.71198325421567,3.60754968043753
551_chr11,0,-0.0153896257251555,-1.21127193850949,-1.21028131478378,0.156322785810877,0.156161790479628,-0.446461329500354,-0.446606407507413,-0.0675137812793745,-0.0689359011333584,-0.0668999193312709,-0.0638596641599523,-0.0635767318688161,-0.0660416996372479,-0.0677338359343871,0.0221719765381883,0.0216088292121235,0.157227093966541
552_chr11,0,-0.0806224693586688,2.61596469520721,2.61840331700709,2.53447483067695,2.5342264819028,2.73439314735411,2.7342406325961,3.73452179766363,3.74175265878757,3.73098520529814,3.73023521710352,3.72423580690604,3.72533521854538,3.72474001953536,3.71502981302901,3.7090490825106,3.60419583580229
553_chr11,0,-0.033061322977049,2.57794662759225,2.58004025890963,2.44449782310636,2.44459527630688,2.77122509954628,2.77096107791727,3.52699900343974,3.53375053541298,3.52351242177527,3.52337654620483,3.51764763001135,3.51845832320435,3.5174117455076,3.52324332595734,3.51714322463517,3.38484179091259
554_chr11,0,0.141617268846411,-1.34428075094243,-1.34443093358167,-0.145188180275683,-0.144208397642472,-0.331297390357171,-0.331810251411343,-0.759572307264279,-0.76259266443185,-0.758785237039627,-0.753711837878714,-0.752524209792562,-0.755948581948134,-0.759131740935547,-0.617764357696017,-0.618710470984974,-0.573150111313994
555_chr11,0,-0.0250113630172361,2.57151188105367,2.57354712102051,2.4292687682296,2.42942475012975,2.77745909016563,2.77717619544556,3.49187474106711,3.49854514420381,3.48839662396187,3.48836468999949,3.48268155625802,3.48344338242173,3.48232040664312,3.49078251163272,3.48466220620985,3.34771503067395
556_chr11,0,0.106968105352547,-1.31658389456429,-1.31648274533831,-0.0796382874916246,-0.0789104279104917,-0.358130139994128,-0.358561766256924,-0.608388162793235,-0.611059319923102,-0.607637526277354,-0.60301151937542,-0.602020951109763,-0.605234986605854,-0.60808930797887,-0.478044400293388,-0.478903549772375,-0.413346684722053
557_chr11,0,-0.0724701300788938,2.60944811161875,2.61182759944741,2.51905209281423,2.51886301710719,2.74070642181132,2.74053479393444,3.6989508252311,3.70609952572266,3.69542280507703,3.69477808041892,3.68882503493427,3.68987495805388,3.68920238933186,3.68215616235333,3.67615497077865,3.56659689775351
558_chr11,0,-0.0692789855549457,2.60689726586522,2.60925360634415,2.51301502985771,2.51284915594797,2.74317768441718,2.74299857491784,3.68502695503949,3.69214349464531,3.68150229038433,3.68089876999244,3.67496387347024,3.67599442484718,3.67529157059308,3.66928812941999,3.66327892858743,3.5518792024831
559_chr11,0,-0.0445678085325941,2.5871443526082,2.5893214475993,2.46626599348718,2.46627978668938,2.76231433186879,2.7620772871379,3.57720506901738,3.58407256526753,3.5737063882457,3.57342194018328,3.5676275832764,3.56850812622881,3.56757075074298,3.56964230098482,3.5635710790849,3.43791019529506
561_chr11,0,0.191631369246,-1.37675445487649,-1.37726548277984,-0.23532314892609,-0.233978960419158,-0.286141657464452,-0.286772095163959,-0.970805198914923,-0.974313710818815,-0.969973653713321,-0.964260329952267,-0.962800009349434,-0.96652169157022,-0.970178558996535,-0.812623489849969,-0.813706226472025,-0.797562604743566
563_chr11,0,-0.191228522498519,2.70437779553819,2.70761871161699,2.74372129418447,2.7426687639619,2.64873842345986,2.64884522404299,4.21712743171388,4.22547299905384,4.21347453672166,4.21129639595476,4.20466793712293,4.20643877933634,4.20689328620619,4.16103980215644,4.1553366749859,4.11431569184697
564_chr11,0,0.11234776027686,-1.31337899326836,-1.3133149280002,-0.0853330324726105,-0.0845652898805949,-0.347539885163657,-0.3479844428365,-0.624868287777119,-0.627577766271553,-0.624120109549731,-0.619430500918853,-0.618421089145449,-0.621661482706405,-0.624565909663594,-0.492918730747875,-0.493802478303273,-0.431903203237734
565_chr11,0,0.0145555612652447,2.53988400584189,2.5416322423755,2.35441536967726,2.35485903010471,2.80810021584141,2.80772455666427,3.31923300909408,3.32550465018119,3.31579649673917,3.31627545348382,3.31081734829168,3.3113389846834,3.30984049932019,3.33123208045765,3.32501246843869,3.16523068062134
566_chr11,0,0.0909180742133782,-1.33415895818943,-1.33394923938871,-0.0674343104200819,-0.0668262618861171,-0.396585023619798,-0.396977729002126,-0.566686582187458,-0.569260380792696,-0.565919946928868,-0.561477436201555,-0.56053053901207,-0.563672661543062,-0.566378508799391,-0.440947721398939,-0.44172163592116,-0.364662108126979
567_chr11,0,0.0648674138809469,-1.23117405849046,-1.2307541619943,0.0309211101158644,0.0313481738239012,-0.346431282157424,-0.346766402300456,-0.37646718112028,-0.378604421285865,-0.375816776019779,-0.371774792477421,-0.371104707670217,-0.374019733616405,-0.376467947436568,-0.261253975815769,-0.262083979175817,-0.176043236930806
568_chr11,0,0.231038169317725,-1.40825433458072,-1.4090512044371,-0.309873621699319,-0.308242918877302,-0.255624533998961,-0.256347360745124,-1.14274826346366,-1.14665392365869,-1.14187528188286,-1.13565313494903,-1.13396869646959,-1.13792959643338,-1.14196045378672,-0.971528233058863,-0.972709874391088,-0.979308455075582
569_chr11,0,0.036282664744084,-1.25257625479146,-1.25196044222522,0.0585682440377342,0.0587829415027976,-0.406445655425719,-0.406711878860631,-0.292974665171555,-0.294917546970725,-0.292306469640973,-0.288599018484859,-0.288022210923509,-0.290800853709434,-0.292983385474022,-0.186192367511184,-0.186885203949365,-0.0810877235989933
570_chr11,0,0.0205803774089731,-1.24002460986629,-1.23929489887463,0.0882741055216134,0.0883746366475449,-0.418605704971077,-0.418835114471475,-0.224461124363631,-0.226245755897093,-0.223809439839553,-0.220304737641671,-0.219817233532746,-0.222500556076239,-0.224534065406022,-0.122874160190708,-0.123527586421132,-0.00866810163823972
571_chr11,0,0.171386009768041,-1.36057129900076,-1.36093547475974,-0.197022624199428,-0.195825633264842,-0.301819919431106,-0.30240289198607,-0.882468943619007,-0.885773419419855,-0.88165868647913,-0.876206772120133,-0.874861592735797,-0.878460376137299,-0.881925105138266,-0.730985710503226,-0.732017634539439,-0.704190139410129
572_chr11,0,0.124817714090354,-1.3233468679582,-1.32337325499639,-0.108923908934648,-0.108065501272911,-0.337882995503936,-0.338356788921436,-0.679278239094424,-0.682113391859252,-0.678516948669805,-0.673666327181952,-0.672585995172319,-0.675902087196515,-0.678924860152573,-0.543202813823724,-0.544117858951254,-0.489415164506076
573_chr11,0,0.147266077303012,-1.34129099789182,-1.34148021682633,-0.151392114610895,-0.150370492037038,-0.320498699633377,-0.321025123126712,-0.777226825578539,-0.780288216684781,-0.776441930626559,-0.77130145440874,-0.770093452060806,-0.773545816169314,-0.776781635140387,-0.633724028062756,-0.634695414960064,-0.592947977452585
574_chr11,0,0.050511885754717,-1.26395040212907,-1.26343780292491,0.0316491551595037,0.0319673087667718,-0.395426367038718,-0.395725950811476,-0.355060799094034,-0.357147085351275,-0.354377641491008,-0.350486461705123,-0.349828728445851,-0.352693749271319,-0.355011323346314,-0.243570553678083,-0.244299103165215,-0.146713500557097
575_chr11,0,0.0227280227032268,-1.24924646891953,-1.24853427414544,0.079728572454679,0.0798439491765326,-0.423366723484117,-0.423600849292371,-0.240824748808857,-0.242646920362417,-0.240162691015481,-0.236624397555161,-0.236112927019188,-0.238815585737539,-0.240870427266839,-0.138353060805744,-0.139000781268828,-0.0248278142409881
576_chr11,0,-0.131034916530692,-1.1188307166365,-1.11700124591678,0.375102567164809,0.374100751690142,-0.53601850266061,-0.535892450858896,0.437079478400221,0.436822851038337,0.437571738946699,0.439118774580327,0.438743998634112,0.43698105197384,0.436386446402123,0.488502285147964,0.488229388843265,0.690588130033659
577_chr11,0,0.057587222785755,-1.26960608249233,-1.26914480509435,0.0182639089650969,0.0186335050985218,-0.389947136719506,-0.390263308584721,-0.385932504729041,-0.388090097410704,-0.385241907385978,-0.381259370386869,-0.380561397638251,-0.383469369075097,-0.385854091580696,-0.272101279643832,-0.272847587085356,-0.179345258090088
578_chr11,0,0.119361898825836,-1.31898575454102,-1.31897256716851,-0.0986025023095751,-0.0977837621461095,-0.342108047721553,-0.342569050007316,-0.655472967047833,-0.6582531351982,-0.654717413430813,-0.649937237785504,-0.648887934576231,-0.652170907245101,-0.655141901829179,-0.521202678770243,-0.522104030681718,-0.464252710749377
579_chr11,0,0.139809228425134,-1.33533035551035,-1.33546548529672,-0.137285117640004,-0.136317711443651,-0.326273377543167,-0.326782318491418,-0.744690475364728,-0.747676715106645,-0.74391342131374,-0.738869228414994,-0.737703635324693,-0.74111073286613,-0.744275782671409,-0.603654886342797,-0.604607557752532,-0.558556670935928
580_chr11,0,0.232625264132755,-1.40952298099863,-1.41033136303771,-0.312876115395357,-0.31123387331151,-0.254395467737972,-0.255122015420031,-1.14967320904993,-1.15359486425071,-1.14879855863374,-1.14255591902814,-1.14086245428117,-1.14483298865422,-1.14887890831845,-0.977928064904416,-0.979113689588561,-0.986628204362254
581_chr11,0,0.0999471599896321,-1.31097169225557,-1.3108196157599,-0.0663559404051408,-0.0656791278856379,-0.36356724871888,-0.363982414410213,-0.577753783459424,-0.580354182333153,-0.577010529490562,-0.572475177493085,-0.571524539375616,-0.574695954443244,-0.577483643589356,-0.449733004342763,-0.45057453238167,-0.380965783892878
582_chr11,0,0.11430031649781,-1.31493977176252,-1.31488986959522,-0.0890269124406156,-0.0882449734330755,-0.346027800976167,-0.346476936407352,-0.633387845308377,-0.636117001989445,-0.632637613961734,-0.627922793797579,-0.626902277271862,-0.630154523764074,-0.633077481440765,-0.500792256239065,-0.501680904395547,-0.440908476186862
584_chr11,0,-0.0307033026961234,2.57606174084544,2.57813826797976,2.44003687914664,2.44015147676296,2.77305118022058,2.77278163022476,3.51671029101872,3.52343805847103,3.51322618882029,3.51312076016152,3.50740525471181,3.5082016336167,3.50713267714696,3.51373479934417,3.50762877977155,3.37396650034657
585_chr11,0,-0.0703258029276315,2.60773404076833,2.61009797446268,2.51499541725021,2.51482193226416,2.74236701582825,2.74219036058704,3.689594516647,3.69672160625256,3.68606875125995,3.68545171429387,3.67951086421831,3.68054777026725,3.67985485082522,3.6735093360516,3.66750276256174,3.55670716905727
586_chr11,0,0.245433480172775,-1.41976124606334,-1.42066253403442,-0.337106922246642,-0.335371555695965,-0.244476623539647,-0.24523320002047,-1.20555909456499,-1.20960983309919,-1.20467097626773,-1.19826295614122,-1.19649664736285,-1.20054493360937,-1.20471240954748,-1.02957616312856,-1.03079393436845,-1.04570024551233
587_chr11,0,0.0275394619475943,-1.24558736364024,-1.24490813120335,0.075108787823176,0.0752599162403509,-0.413216502049618,-0.413462227089085,-0.254825587345816,-0.256680353691731,-0.254166585321579,-0.250572026970237,-0.250044944533534,-0.252770511981299,-0.254870066448318,-0.15093610735632,-0.151606999766136,-0.0407636976953163
588_chr11,0,0.174532165789375,-1.39333647287254,-1.3937312810369,-0.221042118090912,-0.219825353005251,-0.325276881400251,-0.325865944998791,-0.924381931602768,-0.927782184258141,-0.923535657800679,-0.918019497756756,-0.916609056930345,-0.920252327642349,-0.923750744248091,-0.771155840706589,-0.77215093737489,-0.743910535312252
589_chr11,0,0.0136792163581053,-1.30345520467201,-1.30269323914117,0.060149952586871,0.0601932407330834,-0.482966756543821,-0.483177057273513,-0.258590143737619,-0.260451252373427,-0.257871166030049,-0.254401731639215,-0.253845513585593,-0.256544809194839,-0.258521550322321,-0.157686733603836,-0.158220903881448,-0.0342992043590415
590_chr11,0,-0.206790518413765,2.71681729832441,2.72017109520798,2.7731617499095,2.77199607336211,2.63668701736115,2.63683030296626,4.28502884119885,4.29353124492424,4.28135958271701,4.27898050444384,4.27226354003749,4.27412885085867,4.27473104872871,4.22379229564054,4.21812822656893,4.18608828376846
591_chr11,0,-0.09854780953616,2.630293340472,2.63286198587786,2.56838630236256,2.56800762413882,2.72051153762275,2.72040104873558,3.8127351496127,3.82014666529896,3.80917970869337,3.80819826733722,3.80209691054244,3.80330513739671,3.80288005868706,3.78731230165158,3.78137656084489,3.68686827271976
592_chr11,0,0.0469380274675032,-1.29900344748164,-1.29847471413434,0.0157679103013657,0.0160561938976074,-0.430643727044563,-0.430933321426166,-0.374789143097793,-0.376919703470609,-0.37406875300224,-0.37019411550705,-0.369497345571535,-0.372372488609127,-0.374660943576736,-0.26360172979982,-0.264265261500582,-0.161824248191076
593_chr11,0,-0.156998536747522,2.67701600946393,2.68000863423357,2.67896440917699,2.67816075429839,2.67524655656084,2.67527310511273,4.06777227882724,4.07577287067257,4.06415537677701,4.06241921581874,4.05598543282227,4.05754848298153,4.05767813044007,4.02301014519607,4.01722110628406,3.95644553096498
594_chr11,0,-0.00944961664644223,2.55907257774116,2.56099493871332,2.39982878459713,2.40009791100773,2.78951030301396,2.78919092385697,3.42397442041549,3.43048798968171,3.42051266653747,3.42068166685922,3.41508703727304,3.41575439634384,3.41448373193333,3.4280310244165,3.42187166152102,3.27594358966217
596_chr11,0,0.0987298791118835,-1.30249352127514,-1.30233067707184,-0.0595704869938902,-0.0589017556864193,-0.358085744256341,-0.358498374874563,-0.565449603288532,-0.56802183850963,-0.564715744307741,-0.560201970646674,-0.559270007704563,-0.562427734345322,-0.565202920908114,-0.438005723205237,-0.438855292076061,-0.369096951840913
597_chr11,0,0.197691729413544,-1.38159881209135,-1.3821537995444,-0.246788244159505,-0.245399992700509,-0.281448438041873,-0.282093084225633,-0.997248272130208,-1.00081786135273,-0.996410354440062,-0.990618778913246,-0.98912399128823,-0.992882462735202,-0.996596845962158,-0.837061403469553,-0.838159350617833,-0.825513245495007
598_chr11,0,-0.0774616434936965,2.61343808471533,2.61585377908551,2.52849512508912,2.52826975767494,2.73684093080769,2.73668100550917,3.72073021639494,3.72792922218963,3.71719694764819,3.71648777224329,3.71050633857728,3.71158656252241,3.7109613657193,3.70228403764285,3.6962953739615,3.5896179714861
599_chr11,0,-0.195462199610973,2.70776199114672,2.71103361671049,2.75173063850394,2.75064732656105,2.64545981045605,2.6455765368741,4.23560016778228,4.24398840282496,4.23194282106472,4.22971001478281,4.22305747780399,4.22485402042143,4.22534870697072,4.17811176367474,4.17241926235068,4.13384159208332
601_chr11,0,0.0533364601953578,-1.26620822958357,-1.26571611876905,0.026305575890198,0.0266442660802335,-0.393238980933132,-0.393545186906609,-0.367385219866232,-0.369499972654889,-0.36669909221394,-0.362771441338648,-0.362097643907082,-0.364979811223038,-0.36732419189961,-0.254960422313634,-0.255696061026888,-0.159740558897433
602_chr11,0,0.0312235534504779,-1.91471083989164,-1.91423035451167,-0.329748236954262,-0.329638603659912,-0.980593362870512,-0.980819424408491,-0.891605797282051,-0.894908642406318,-0.890222608264821,-0.886060264861627,-0.884469073786825,-0.887776120301095,-0.889994962484019,-0.771039859680624,-0.770735083058527,-0.612939273155775
603_chr11,0,0.0971052264282902,-1.30119485292346,-1.30102022410696,-0.0564969406660048,-0.0558400216916855,-0.359343895804894,-0.359752717432984,-0.558360782051185,-0.560916643752083,-0.557628631398005,-0.553135835358355,-0.55221311228624,-0.555360976523875,-0.558120744333117,-0.431454442283667,-0.432299933538382,-0.361603984055242
1_chr17,0,-0.047425339411228,-1.76191884517702,-1.76084465000524,-0.127250190565821,-0.127703171482014,-0.964527770608144,-0.96457326038704,-0.464652612515944,-0.466972364406697,-0.463449354297441,-0.460372751687225,-0.459369669710448,-0.462123808650879,-0.463584851702962,-0.372195350133635,-0.371826125969898,-0.175265830843114
2_chr17,0,-0.0814224950612625,-1.68105565178047,-1.6797209906934,-0.0308679203096331,-0.0315625809526801,-0.94490061151329,-0.944868675902274,-0.266290534723126,-0.268153948770721,-0.265181074865319,-0.262585370085874,-0.261859708019656,-0.264362409066139,-0.265494006694371,-0.186327459008628,-0.185952282087496,0.0262729737785765
4_chr17,0,-0.150628223013152,-1.88947811323269,-1.88770956494703,-0.0574681598628527,-0.0586930260023807,-1.22425016050473,-1.224044768021,-0.210065488321044,-0.211790034925832,-0.208743624316241,-0.206835553365,-0.206090495574651,-0.208394440733183,-0.20890262602443,-0.146880468624264,-0.145941665411391,0.125653548571664
5_chr17,0,0.111805232994602,-1.71376182966503,-1.71379733000664,-0.32370168764478,-0.322978971889268,-0.691047518388601,-0.691473776479688,-0.995957997156431,-0.999510927482733,-0.994777002004962,-0.989781402741568,-0.988147445680911,-0.991720945853264,-0.994670958704099,-0.854887689777807,-0.855177486247088,-0.763436194888643
6_chr17,0,-0.0851677608093031,-1.55631119681712,-1.55491792991188,0.0489352629554134,0.048225850694765,-0.843585891469901,-0.843550347357271,-0.136508863343513,-0.138076667048352,-0.135534985939442,-0.133082714819345,-0.132569000179786,-0.134946781975501,-0.136027424173435,-0.0606099777452016,-0.0604054037802464,0.145011691927198
7_chr17,0,0.0949943633467663,-1.72987517289934,-1.72979636442652,-0.309548548712076,-0.308951088333455,-0.729360996433209,-0.729746586122251,-0.950141381447218,-0.95358747760846,-0.948946110480361,-0.944144497915937,-0.942559875586812,-0.946056127780329,-0.94885033774239,-0.813947515418827,-0.814151429275041,-0.710531267027104
8_chr17,0,-0.131408420350806,-1.89241074693556,-1.89077840186483,-0.0864040294355855,-0.0874878803926613,-1.19872574227127,-1.19856593860642,-0.282344724085175,-0.284236643054725,-0.28101609127568,-0.278869560088503,-0.278034658775867,-0.280444844185511,-0.281133861398758,-0.213088982903852,-0.212216796595373,0.0473706103654488
9_chr17,0,-0.0543241070157188,-1.67137065599151,-1.67022446195536,-0.0634110728366257,-0.0639054968464539,-0.89708388526967,-0.897116813351978,-0.355322047184581,-0.357392172965952,-0.354217986641073,-0.351296863757129,-0.350466169612062,-0.353107062179722,-0.354491869101723,-0.267120402584011,-0.266859582107072,-0.0725825051396734
10_chr17,0,-0.0639588454565292,-1.5732645724034,-1.5720251469107,0.00881186639241416,0.00825665741254289,-0.827161439669407,-0.827175619753274,-0.229049386676371,-0.230830937360762,-0.228053208028419,-0.225327086009964,-0.224692750130788,-0.227199279981483,-0.228481205224238,-0.146133218448265,-0.145981875438935,0.047195265615148
11_chr17,0,-0.18379330614093,-1.58870631353102,-1.58662637718811,0.169081688024666,0.167643799930067,-1.01517381911883,-1.01490232252642,0.190183459021278,0.189374034223387,0.191173901751,0.192439573631455,0.192566551629208,0.190694117911782,0.19053540115367,0.236031563896542,0.236648123028644,0.507178010403222
12_chr17,0,-0.148458911074538,-1.50571932901592,-1.50386697215745,0.168670566660526,0.167500984567864,-0.892599357252496,-0.892415427353045,0.139648406863957,0.13871846190751,0.140555733416463,0.142190785076255,0.142344544627362,0.140350969772859,0.139870991740145,0.194606481393504,0.194969905934041,0.436913188686885
13_chr17,0,0.125701670033161,-1.22979303031512,-1.22980148882178,-0.0542974202774114,-0.0534229242880184,-0.25651421105982,-0.256994081312666,-0.595308945301772,-0.597953365449065,-0.594648645552534,-0.589860217906654,-0.588922459162226,-0.592164805678611,-0.595184036469676,-0.461128200322123,-0.462184823900751,-0.414936618065204
14_chr17,0,0.102272386353994,-1.7862365839177,-1.78622361911531,-0.353505400599548,-0.352860204583703,-0.766988780034076,-0.76738928579585,-1.02899108050887,-1.03261757614052,-1.02773350571372,-1.0227984494865,-1.02109328951335,-1.02467614338894,-1.02754582311774,-0.889216393751274,-0.889363847632193,-0.786220280091291
15_chr17,0,0.0629083555666292,-1.81768051812657,-1.81739826645001,-0.316609768848325,-0.31625722420284,-0.851321627527905,-0.851627171966302,-0.91585006736933,-0.919213086788438,-0.914565862234493,-0.910089951100309,-0.908510156798346,-0.911906851779931,-0.914410910488193,-0.78763984207698,-0.787595489499118,-0.657099730148556
16_chr17,0,0.099663003945891,-1.2089789868527,-1.20879857077033,-0.00503701690395841,-0.00435183977745579,-0.276678882802148,-0.277097705531937,-0.481694847337523,-0.484076845473358,-0.481061927330865,-0.476609712639841,-0.47582004332522,-0.478904322936378,-0.481676433971155,-0.35612937929203,-0.357120650019935,-0.29484517443292
17_chr17,0,0.0654130100204896,-1.965347983909,-1.96512151450311,-0.408349432774467,-0.407993607774478,-0.974067389337698,-0.974372617718125,-1.06250088553136,-1.06619766294283,-1.06105654441426,-1.05643454359838,-1.0546124100277,-1.0581465644563,-1.06069283166889,-0.930082045555321,-0.929828619470815,-0.790046885045033
18_chr17,0,-0.137710169925353,-2.32583642560578,-2.32427159220338,-0.336362341367823,-0.337536951268997,-1.5789177065551,-1.57872450152917,-0.663382058840186,-0.666139121569819,-0.661585959259343,-0.659178402925617,-0.657692760789388,-0.660432687830086,-0.661117398317811,-0.58603756946075,-0.58450131868951,-0.288974681302745
19_chr17,0,0.0151070841236035,-1.1413890963304,-1.14059534373708,0.154927349323525,0.154997747239075,-0.34216005458616,-0.342380636382727,-0.112753346035233,-0.114283175535154,-0.112209336854899,-0.108848913715667,-0.108540138388138,-0.111111123941911,-0.113080757682759,-0.0151644518760388,-0.0159435008876949,0.0951303506220471
20_chr17,0,0.0369755911651812,-1.16591102890447,-1.16527772039475,0.109350573122985,0.109579248290934,-0.331251968366173,-0.331523521637172,-0.214732529280252,-0.216497666559245,-0.214157911795337,-0.210509622538858,-0.210065448829767,-0.21277509614899,-0.214953164062919,-0.109744735398081,-0.110568260567331,-0.0115962762374187
21_chr17,0,0.0481481563026888,-1.16780052270974,-1.16724643749833,0.0924196717805179,0.0927303008274418,-0.316572631164668,-0.316870677590526,-0.256920931226305,-0.258783754151962,-0.256342179250478,-0.25255512763221,-0.252058438164886,-0.254829998510286,-0.257113208287518,-0.148399910741201,-0.149261887513081,-0.057256489926774
22_chr17,0,-0.154319279267611,-2.0437593498777,-2.04200462924634,-0.144394867455171,-0.145662685790521,-1.3616943994269,-1.36147367370773,-0.340459468064893,-0.34247982844122,-0.338971476672447,-0.336988283373239,-0.336018011636666,-0.338431512835212,-0.338924570334209,-0.274847399544582,-0.273666872298557,0.0116420589152293
23_chr17,0,0.072635814593682,-1.18737476596219,-1.18699830491865,0.0460934920506226,0.0465821630758476,-0.297609079440427,-0.297964537059283,-0.363767541519759,-0.365877155142111,-0.363163040691125,-0.35905980283183,-0.358423844964908,-0.361344056871387,-0.363859666577582,-0.247144417918513,-0.248067854761791,-0.170194619149036
24_chr17,0,0.0648482718234468,-1.676226718327,-1.67592161071604,-0.234867688209858,-0.234486381590432,-0.727411581926268,-0.727727749655576,-0.79107143466039,-0.794151124915128,-0.789939814907215,-0.785550526989169,-0.784183627756358,-0.787472077169726,-0.789976445348835,-0.665537530840995,-0.665709472913913,-0.546868678076175
26_chr17,0,0.0529572121810225,-2.02744929645499,-2.02715108457845,-0.427823223716384,-0.427565346542903,-1.04539279858754,-1.04566576322381,-1.07529192696067,-1.07901578956964,-1.0737827697648,-1.06926532936,-1.06740120149216,-1.070920220612,-1.07335739714882,-0.945322293281656,-0.944931070786456,-0.792652284526044
27_chr17,0,-0.118720841957591,-1.64072207705665,-1.63911415164123,0.0459764635315043,0.0450116966361005,-0.964780881349915,-0.964661946825937,-0.0937461898986154,-0.0952114258230967,-0.0926873232599137,-0.0905814314776592,-0.0900843675436778,-0.0923518216125467,-0.0931281080816491,-0.0263678999574801,-0.0259146622114925,0.207061017532081
28_chr17,0,-0.0214072885237817,-1.90773224968228,-1.90687906179686,-0.251139599489176,-0.251416225116339,-1.05138905545896,-1.05149023346136,-0.694659062292473,-0.69750580890833,-0.693293271213664,-0.689783097534737,-0.68843628349276,-0.69145328833967,-0.693177079814766,-0.590692567567451,-0.590203814138318,-0.399448736120302
29_chr17,0,-0.00309373328448803,-1.80831793018374,-1.80756813044389,-0.217665084617504,-0.217796868143095,-0.939580449305718,-0.939729408599411,-0.668298259685279,-0.671088011304183,-0.667036533251161,-0.663378957442145,-0.662106582739377,-0.665139036031043,-0.667022195466934,-0.560918864086708,-0.560644697450587,-0.388861145238372
30_chr17,0,-0.0656662176854642,-1.99527732092619,-1.99413483752634,-0.240828105682285,-0.241439123143039,-1.19088274365915,-1.19087493474228,-0.616077570854733,-0.618738617582275,-0.61462540574867,-0.611590715844309,-0.61030313160474,-0.613154632089121,-0.614473944014924,-0.523902568694615,-0.523120995540174,-0.297767475977503
31_chr17,0,0.0690687380950551,-1.18452341846891,-1.18412108320795,0.0528417496839977,0.0533044856300486,-0.300371468513412,-0.300718563139169,-0.348203373316876,-0.350277037348467,-0.347602623280851,-0.343545443745964,-0.342929772875426,-0.345828330955977,-0.348310087350638,-0.232760469615451,-0.233674953672241,-0.153743109504449
32_chr17,0,0.0954234093740981,-1.83300832803132,-1.83295917470775,-0.371753557724412,-0.371163513524958,-0.817014213236507,-0.817396442052168,-1.04778720444663,-1.05145533171595,-1.04648033927061,-1.04159291844058,-1.03984489882639,-1.04343002598636,-1.04624131883333,-0.90906631355161,-0.909119333496743,-0.798174029762043
33_chr17,0,-0.0165850022130645,-1.1230972951014,-1.12207547840047,0.210677439326157,0.210516692447672,-0.372729968052365,-0.372875948778738,0.0189675566882164,0.0177422119854707,0.0194858550339658,0.0224425664153274,0.0225821255290724,0.0201976161108854,0.0185278645883544,0.10623403784397,0.105544941122474,0.2354274752496
34_chr17,0,0.167954657199538,-1.79817356449597,-1.79862655870594,-0.453535340651957,-0.452408431829259,-0.681400062505158,-0.681956283373169,-1.27778429344298,-1.28198682765006,-1.27650151622438,-1.27075004421793,-1.26873485203901,-1.27268238137425,-1.27617028336726,-1.11721892732628,-1.11759120848582,-1.05534236805442
35_chr17,0,-0.0105366587304013,-1.12089073529634,-1.11991097273704,0.203440630025371,0.203324580439306,-0.362018892790951,-0.362179352960016,-0.000862410339058872,-0.00213379792960744,-0.00034536563823151,0.00268394382069026,0.00284687576113329,0.000431559743494514,-0.00129470225691275,0.0882418730656882,0.0875271857111577,0.213400391381856
36_chr17,0,0.0510226611188162,-1.17009826207839,-1.16956502743259,0.0869816333546329,0.0873131620122103,-0.31434657834596,-0.314651364034055,-0.269463212412431,-0.271355005076142,-0.268881437885386,-0.265057270473446,-0.264544232865331,-0.267333242801997,-0.269643733044644,-0.159991119589117,-0.160860310904305,-0.0705138292981427
37_chr17,0,0.0346189008898405,-1.71174169750516,-1.71123272810851,-0.213323536057315,-0.213168134459137,-0.801904996912052,-0.802147756732756,-0.714777310205792,-0.717678742204744,-0.713612948281847,-0.709567381017121,-0.708278954982463,-0.711433985635261,-0.713659016267108,-0.597860494983922,-0.59786833365279,-0.457185100035809
38_chr17,0,-0.106561909815127,-1.67155108600965,-1.67003680793558,0.0103657976000613,0.00948727075899924,-0.973434194374147,-0.973342869614171,-0.166467870929631,-0.168100356527862,-0.165373393977549,-0.163094020763114,-0.16249475011509,-0.164853731734489,-0.165748084493803,-0.0945768036368109,-0.0941228730196939,0.133390916486121
39_chr17,0,-0.143345026146006,-2.03882503155921,-2.03714637460045,-0.156969631146345,-0.158156254297256,-1.34146333851197,-1.34126892416339,-0.375572257672602,-0.377674188151218,-0.374087547236617,-0.371973357088733,-0.370962134501937,-0.373430750788864,-0.374026224390106,-0.306647233554527,-0.305514514517346,-0.0275487661842044
40_chr17,0,-0.0825962150010247,-1.07033114159068,-1.0688305046366,0.335558604828543,0.334917911408206,-0.423849884591904,-0.423841102358408,0.306993232477218,0.306433159765773,0.30744211981676,0.30954649011311,0.309310624355632,0.307326833932828,0.306283561307557,0.372418929737912,0.371895510510067,0.539874016906338
41_chr17,0,0.0763164434777048,-1.82839829159445,-1.82821329709249,-0.341975423784436,-0.341525393194458,-0.840938234979571,-0.841275214613349,-0.974353364286945,-0.977851512648053,-0.973055060503804,-0.968406023263987,-0.966749973285682,-0.9702280616441,-0.972859369705528,-0.841706875242671,-0.841696174802165,-0.718938406069702
42_chr17,0,0.0368904275965686,-2.15582802936818,-2.15544974214437,-0.481775076675936,-0.481648490720635,-1.17871689880939,-1.17894619551706,-1.13676997317228,-1.14063101622535,-1.13512501264578,-1.13070474819996,-1.12871086040221,-1.13225087215325,-1.13455344263023,-1.00883946616844,-1.00819912855732,-0.836243906682542
43_chr17,0,-0.0318476744294516,-1.68933722321744,-1.68835406468218,-0.105932380644211,-0.106263385658427,-0.879677852121827,-0.879763476088477,-0.45339310832052,-0.455689755331126,-0.452265413734614,-0.449054073687121,-0.448095549565102,-0.450872884611326,-0.452471003940511,-0.357754804308383,-0.35755039605082,-0.176244775239912
44_chr17,0,-0.0648612295665433,-1.69429392207605,-1.69307939011556,-0.0621988116813519,-0.0627730606281556,-0.932075358436988,-0.932082250630506,-0.338552041285048,-0.340582362523236,-0.337425167202392,-0.334615622282692,-0.333795771506661,-0.336399007195534,-0.337687779384059,-0.253109426482838,-0.252775815666053,-0.0501082922575775
45_chr17,0,0.198099049290827,-1.28766397475534,-1.28819757633996,-0.191260047067152,-0.189859172749801,-0.200448766584177,-0.201098372132399,-0.911199279766965,-0.91457333275434,-0.910462853936584,-0.904739626607707,-0.903390123015141,-0.907071955550026,-0.910778273101147,-0.75306479347348,-0.754303122793235,-0.74883643309826
46_chr17,0,-0.213729589602256,-2.98234654517861,-2.98041551457508,-0.620953943334447,-0.622754784590338,-2.25175619243144,-2.25135428866576,-1.00000304427185,-1.00351314431419,-0.997511316174378,-0.995525209720594,-0.993348742898165,-0.996229197013488,-0.996283237545485,-0.931167545182892,-0.928380036662449,-0.53613843780019
47_chr17,0,-0.135832025148714,-1.7355690510208,-1.73386503142156,0.0135292564169851,0.0124289561331044,-1.07092614858046,-1.07076248658261,-0.120202191070152,-0.121724830547854,-0.119043973202241,-0.117074275595506,-0.116504590997978,-0.118759255617569,-0.119386885443887,-0.0559672578913948,-0.0553106247000397,0.195535383089354
48_chr17,0,0.100057203826138,-1.94676500209581,-1.94677787891524,-0.446250813380072,-0.445638358346293,-0.907627667632338,-0.908016085060503,-1.17054625478259,-1.17449417099997,-1.16911552148694,-1.16408232919329,-1.1621356265471,-1.16584124874325,-1.16871044887667,-1.02773862342564,-1.02764056549324,-0.911261699644851
49_chr17,0,0.151364719136463,-1.25030682382604,-1.25050143233889,-0.102847224878939,-0.10178614101833,-0.236640421851842,-0.237180458995596,-0.707284119648713,-0.710187176276973,-0.706596835119384,-0.701477044509645,-0.700393332577904,-0.703791465828402,-0.707054251585716,-0.56461237615713,-0.565733409848455,-0.533295700073956
50_chr17,0,-0.0780886851830726,-1.85063970696093,-1.84937233078902,-0.136870418956717,-0.137557949160397,-1.08519691373611,-1.08516570310629,-0.43636221920145,-0.438612762640069,-0.435068770586332,-0.432299673018632,-0.431293675118948,-0.433956707010795,-0.435141072510492,-0.351423032774322,-0.350809440587847,-0.12821091837465
51_chr17,0,0.131353460574034,-1.23431079683833,-1.23436025128589,-0.0649895763537849,-0.0640739879921906,-0.252137393114111,-0.252630513961753,-0.619969313157484,-0.622670692990697,-0.619303070532002,-0.614441666598029,-0.613471764485127,-0.616748420018602,-0.61982128908347,-0.483918589872485,-0.484989398533494,-0.441002918193095
52_chr17,0,0.0167783874060511,-1.14272505490228,-1.14194342530788,0.151765548577787,0.151848098008162,-0.340865776224915,-0.341090276383711,-0.120045717089248,-0.12159239026187,-0.119499950528045,-0.116117947411821,-0.115799666898839,-0.118380798046732,-0.120366293278274,-0.0219038475752109,-0.0226870912884527,0.0874222282756945
53_chr17,0,0.0238616477544847,-1.68299261969767,-1.68240041797281,-0.180937668222484,-0.180858413861314,-0.792987508117212,-0.793205903641673,-0.649065555079604,-0.651815895950478,-0.647934292131849,-0.644043358461631,-0.642847664928927,-0.645920482172879,-0.648040870589823,-0.536175487554788,-0.536186118509019,-0.390779234767172
54_chr17,0,-0.0359844496886149,-1.10054900867903,-1.09938465751434,0.251583205507675,0.251282133123931,-0.381725983373853,-0.38182678132366,0.110173531564035,0.109158611047033,0.110663817829415,0.113364543751687,0.113382746740185,0.111121910738846,0.109637160798949,0.190858037790769,0.190207220285721,0.330766693602633
55_chr17,0,0.0966159142261459,-1.20654329150456,-1.20634077299126,0.000727520657477276,0.00139054336336031,-0.27903858754901,-0.279450266392115,-0.468399529183948,-0.47075081824234,-0.467769813202098,-0.463356942732278,-0.462584603098741,-0.465650385447393,-0.468393578101082,-0.343842235738905,-0.344825858763241,-0.280791866091592
56_chr17,0,0.0714867935929427,-1.18645629444877,-1.18607149884352,0.0482672300520732,0.0487475469108993,-0.29849889580918,-0.298851659554018,-0.358754036446057,-0.360852070043487,-0.358150743816765,-0.354062342191574,-0.353432919139618,-0.356346155950176,-0.358850860881574,-0.242511083399299,-0.243431636385252,-0.16489528506333
58_chr17,0,-0.0733147056643899,-1.92651366567775,-1.92529952529278,-0.188939803691827,-0.189600009488547,-1.143179365883,-1.14315628663629,-0.524331674383222,-0.526782947583783,-0.522955292522072,-0.520068283356415,-0.518922300429319,-0.521674789835083,-0.522913583725905,-0.436140968149993,-0.435432823514089,-0.210280789248634
60_chr17,0,-0.058751752876685,-1.92591519850838,-1.92480353173253,-0.209180055677527,-0.209733124380301,-1.12142506836832,-1.12143665184978,-0.576470047491894,-0.579042165841488,-0.575091586610425,-0.572026097327198,-0.570816456086264,-0.573647077086771,-0.575022531324244,-0.4837449671354,-0.483091468547049,-0.267245611909872
61_chr17,0,0.0773187529241548,-1.6861950145046,-1.68598036302473,-0.258459562203059,-0.257987586680174,-0.717754283928672,-0.718099688638859,-0.845483686681618,-0.848689056520838,-0.844338954176767,-0.839788646593378,-0.838350824125505,-0.841714975202994,-0.844337694385186,-0.71582374016001,-0.716026981128466,-0.604383071215741
62_chr17,0,0.14786936803013,-1.2475128101235,-1.24768206468766,-0.0962346585956755,-0.0951989883217161,-0.23934726587554,-0.239879108186021,-0.692032909710253,-0.694900739608195,-0.691349300554048,-0.686274642145773,-0.685210809287352,-0.688587724118666,-0.691817337273717,-0.550517654713981,-0.551629915637979,-0.517174991011731
63_chr17,0,0.00407681843998364,-1.62764897368532,-1.62690305304481,-0.119899191082276,-0.1199597343799,-0.774473762633783,-0.774647451993068,-0.525908317817243,-0.528375543248215,-0.524840599446119,-0.521235996497897,-0.520214722108154,-0.523134260321147,-0.52506187749853,-0.420481546169475,-0.420500961699448,-0.266588131292711
64_chr17,0,-0.137389815147766,-1.96370999032552,-1.96205390438199,-0.120528785575138,-0.121663923335817,-1.26848052964828,-1.26830347055513,-0.327133451490519,-0.329126225553894,-0.325728845255872,-0.323600135329267,-0.322680118991922,-0.325117847875007,-0.325759728859382,-0.258091427159359,-0.257091746899842,0.0115525986875804
65_chr17,0,-0.0399900257985782,-1.8928781131458,-1.89189013314567,-0.215984452490809,-0.21639618729286,-1.06577976180177,-1.0658373726691,-0.613577300035274,-0.616236766731424,-0.612231048765505,-0.608960816602304,-0.60771968796518,-0.610623886888706,-0.612171319041434,-0.515759178167773,-0.515223785066274,-0.313744355623608
66_chr17,0,0.00334959574551719,-1.84682407064248,-1.84612962163186,-0.249776965354978,-0.249865320322052,-0.963142144265835,-0.963304792885518,-0.727491145815447,-0.730416480837955,-0.726186578017822,-0.722419758244166,-0.721058507488496,-0.724158069769334,-0.726106601677192,-0.617205919425451,-0.616898609646562,-0.446376215770963
67_chr17,0,0.16019777513969,-1.77208218646664,-1.77247377887049,-0.426980528208721,-0.425907978461192,-0.670381043851847,-0.67091992376091,-1.2254056557187,-1.22948788633178,-1.2241525421522,-1.21851676022875,-1.21657683046351,-1.22046057771658,-1.22387234532086,-1.0678683025057,-1.06825052296186,-1.00299048078417
68_chr17,0,-0.0318647115295642,-1.62847019734384,-1.62747120134861,-0.0695543347593803,-0.0698792263830623,-0.827602265545962,-0.827690434765285,-0.396619195927141,-0.398786785213669,-0.395557317692546,-0.392393717777138,-0.391530579720722,-0.394256737881835,-0.395846992788697,-0.302398526913037,-0.302284044959135,-0.125451778366105
69_chr17,0,0.062457374316182,-1.67431555112422,-1.67399310085128,-0.230344546539018,-0.229980623375251,-0.729263123139707,-0.729573685421707,-0.780639269560133,-0.783694863951783,-0.779510163843509,-0.77515174735002,-0.773798445843275,-0.777072381388367,-0.779554058773434,-0.655896429464096,-0.656062370770025,-0.535841756333642
70_chr17,0,-0.0355751394249341,-1.10087619139988,-1.09971480921631,0.250808865200602,0.250510768781656,-0.381409008338334,-0.381510765914017,0.10838759459477,0.107368548980793,0.108878311251232,0.111584322214324,0.111604853068749,0.109341532362302,0.107852897866557,0.189207527162538,0.188555682354767,0.328878937129464
72_chr17,0,-0.0387101682468248,-1.88211697850201,-1.88113523912802,-0.211367385200171,-0.211768606726452,-1.0547016930878,-1.05476280519496,-0.6081818763946,-0.610829283082207,-0.606847021140093,-0.603569465593302,-0.602339510671388,-0.605241588614351,-0.606799675620199,-0.51021372652038,-0.509698968057968,-0.309826325674038
73_chr17,0,0.0316026598440204,-2.02271387754365,-2.02226395290406,-0.394791238589327,-0.394689887806899,-1.07248790383998,-1.07271027884141,-0.993608379928403,-0.997143151700458,-0.992108340434779,-0.987856999547947,-0.986095007045718,-0.989494746101375,-0.991730818692768,-0.870418017268881,-0.869954962470996,-0.704443475772593
74_chr17,0,-0.000744358249362143,-1.62379515948395,-1.62301426785979,-0.110778404800218,-0.110874001340799,-0.77820734272681,-0.778369728861341,-0.504872154180808,-0.507290790990529,-0.503809505292747,-0.500267153692392,-0.499273298729763,-0.502163570140982,-0.504045431978806,-0.401040539988035,-0.401047855142381,-0.244352657836069
75_chr17,0,-0.071339990473218,-1.18159625816545,-1.18020367760972,0.253182777529314,0.252613442483426,-0.502670931276538,-0.502684194643789,0.162592428807677,0.16170231407059,0.163163729931391,0.165493301508571,0.165481591756276,0.163343639064107,0.162180594471261,0.234115353013733,0.233714880350495,0.402731503059012
76_chr17,0,-0.0404803695677155,-2.06736099247407,-2.06641461278481,-0.319504018421471,-0.319937242417614,-1.21584736051495,-1.21589639267882,-0.774375731230556,-0.77740063676708,-0.772840910158791,-0.769440450384915,-0.767928277358735,-0.770976269808972,-0.772541183749163,-0.672662178840381,-0.671867010364597,-0.457221234155869
77_chr17,0,0.0797949802288688,-2.21719230180738,-2.21713221766112,-0.579109793239939,-0.57867403634532,-1.16866090055106,-1.16898963683695,-1.34919550162257,-1.35354627423134,-1.34747615873986,-1.34248077027566,-1.34020048589436,-1.34402366658645,-1.34673684866818,-1.20644131346185,-1.2058686398386,-1.05668003611421
78_chr17,0,-0.0524875362255833,-1.90672332237578,-1.90565084500894,-0.206577401826339,-0.207082445069221,-1.09586016688757,-1.09588746483224,-0.581255246253835,-0.583839243139625,-0.57989636417271,-0.576768887949634,-0.575561513332406,-0.578409851005648,-0.579841692645875,-0.487019057622735,-0.486417058631321,-0.2759691671639
79_chr17,0,0.12341963518909,-2.4096168260841,-2.40991386277709,-0.755741157265775,-0.755004368016675,-1.26973837226711,-1.27016269311282,-1.68634084191655,-1.69146496464734,-1.68440527149398,-1.67872356614571,-1.67594846638697,-1.68016870141323,-1.68331584577237,-1.52549704588835,-1.52480092784414,-1.3891814711065
80_chr17,0,0.148063457236186,-1.25470926706303,-1.25488174772014,-0.100807392504489,-0.0997710327794679,-0.245224122455408,-0.24575612067557,-0.699440450036633,-0.702325149322581,-0.698749023297111,-0.693666360268365,-0.692590397715338,-0.695974400438911,-0.699206746874561,-0.557697596313132,-0.558799934102972,-0.523938274164062
81_chr17,0,-0.117928058960262,-1.72756482304175,-1.72598490951234,-0.00701326551131332,-0.00798110445869504,-1.0379594133975,-1.0378386751865,-0.177529762291176,-0.179185576630085,-0.17637684754302,-0.174193399054016,-0.173556833278923,-0.175901454016911,-0.176696176595387,-0.107888836931787,-0.107310132709715,0.131559205064745
82_chr17,0,-0.0306580710020479,-1.71111517384379,-1.71014602230482,-0.120622224931068,-0.120946715415829,-0.896583959776176,-0.896671487980449,-0.477989079024091,-0.480341826213988,-0.476837614093625,-0.473594650069015,-0.47259674767064,-0.475398784026632,-0.477010829532841,-0.381473921747729,-0.381241707348529,-0.199088255201999
83_chr17,0,0.0738861015399032,-2.0077402631107,-2.00758445208993,-0.445653257372638,-0.445239478072119,-0.997994826401843,-0.998318406711334,-1.13265933174214,-1.13651694318663,-1.13116756736746,-1.126408346491,-1.1244822484224,-1.1280977332973,-1.13072892295564,-0.996610560128587,-0.996325738578464,-0.858809799070926
84_chr17,0,-0.0883611906270406,-1.89010110561242,-1.88877152688932,-0.145910132971179,-0.146677237585579,-1.1339585768463,-1.13390125712831,-0.435958974644147,-0.438206959754766,-0.434624780911338,-0.43195109517891,-0.430928870171294,-0.433569554243025,-0.434662462953385,-0.353312434792957,-0.35260257824324,-0.120563511202305
85_chr17,0,0.187682075427805,-1.27933715240564,-1.27979519322034,-0.171553033938932,-0.170227898126767,-0.20851580265247,-0.209140985657312,-0.865747063244131,-0.869016132234811,-0.865021590895847,-0.859432868212922,-0.85814260896546,-0.861761205587459,-0.86536866092983,-0.711059186479145,-0.71227137087521,-0.700792903322299
86_chr17,0,0.0787265068500679,-2.06038238930277,-2.06027428314218,-0.483940955562028,-0.483496982269664,-1.03599460180493,-1.03632745843114,-1.19922311273589,-1.20323280648273,-1.19767352236297,-1.19281371529,-1.19078371583189,-1.19446951872175,-1.19715281981358,-1.06044112987588,-1.06009634833088,-0.92178067720588
87_chr17,0,-0.0527998341770746,-1.69341612507091,-1.69228636559579,-0.0787340505620084,-0.0792195267674913,-0.91373082070693,-0.913766437657631,-0.381378275612065,-0.383507874426766,-0.380250092818015,-0.377293024683689,-0.376421048900468,-0.379088674378054,-0.3804905836545,-0.29218904743376,-0.291901260781409,-0.0969694947654558
88_chr17,0,-0.0367452514989072,-1.72735912762453,-1.72635127305939,-0.12171457623003,-0.122085488344633,-0.919367292775792,-0.919439652823788,-0.471097786720647,-0.473433896223702,-0.469929897323934,-0.466749046863622,-0.465752708674334,-0.468535510126757,-0.470092457334272,-0.376106847721819,-0.375828145652648,-0.188606502992896
89_chr17,0,-0.187889046859408,-2.36891626798956,-2.36700893793335,-0.29112005717531,-0.29266802846309,-1.68898546814228,-1.68867108486511,-0.521949211271274,-0.524376758141708,-0.520115924383971,-0.518291317981176,-0.516960791411042,-0.519465929756591,-0.519684948120342,-0.459276854619065,-0.457491669650616,-0.12687732204588
91_chr17,0,-0.0488599337148278,-1.90962305141989,-1.90857688730317,-0.213440163626788,-0.213918831725104,-1.09305090570669,-1.09308670854738,-0.597083506643634,-0.599704063111411,-0.595720810126601,-0.592546494063301,-0.59131848822074,-0.594188847141167,-0.595655116514573,-0.501647072188402,-0.501054177894002,-0.292699825369687
92_chr17,0,-0.145015351569929,-1.55804287299599,-1.55622829486969,0.132548832544385,0.131399206630774,-0.932363922983187,-0.932185960601997,0.0784359429899628,0.0773663032558969,0.0794004895867841,0.0811187144244316,0.081369680653268,0.0793135975512875,0.0787946638310793,0.13568357765765,0.13611164784113,0.379719590326614
93_chr17,0,0.0224821026612078,-1.65214884628335,-1.65153895798057,-0.160564443190682,-0.160492170711296,-0.768598370308214,-0.768814794965164,-0.615335288326661,-0.618008735137089,-0.614237633803404,-0.610387737545657,-0.609246460790825,-0.612285942293643,-0.614389473574023,-0.503591752845191,-0.503642892160971,-0.359630932664035
94_chr17,0,-0.132440411735082,-1.5185237384406,-1.51678757368927,0.138366489782918,0.137313373106341,-0.880194429138964,-0.880048054531497,0.0697551432423254,0.0686637611829504,0.0706793132992916,0.0725211968673398,0.0727660582600542,0.070675243608072,0.0700432421330048,0.130013174667377,0.130336395359045,0.363035183413853
95_chr17,0,-0.140320894090492,-1.75461843972275,-1.75288770516414,0.00850067142450084,0.00736541372949495,-1.09377950130495,-1.09360435347881,-0.121708319934954,-0.123233665666012,-0.120530344995683,-0.11860093038067,-0.118021327544397,-0.120267742041722,-0.120855635722065,-0.0584333295941106,-0.0577319614192646,0.197372387049141
96_chr17,0,0.0618730539616702,-1.17877153848427,-1.17831700846498,0.0664546706289684,0.0668650890433422,-0.305943897148001,-0.306274121528117,-0.316806559082607,-0.318807703811643,-0.31621337533199,-0.312249106939961,-0.311674360007571,-0.314529236913436,-0.316942702724262,-0.203744453665243,-0.204640877715832,-0.120556305979111
97_chr17,0,0.156959754680285,-1.26182053463086,-1.26205754564902,-0.117637563418689,-0.116536521543268,-0.238334717403662,-0.238887572948908,-0.738257523305492,-0.74123188095804,-0.737556742080103,-0.73235920947851,-0.731232651107269,-0.734670658525254,-0.737987435202026,-0.5935711982877,-0.59469586434877,-0.564968379141918
98_chr17,0,-0.0582346435297801,-1.95090230583329,-1.94980073553341,-0.224835458698583,-0.225387286387849,-1.14205904572095,-1.1420707976117,-0.601622701701024,-0.604252078174546,-0.600217126425808,-0.597125770659656,-0.595874708901246,-0.59872909342643,-0.600112565794718,-0.508156336614532,-0.507467804679798,-0.290109983494909
99_chr17,0,0.0701362843706379,-1.18537676304899,-1.18498217136304,0.0508221469908803,0.0512926447265059,-0.299544747200396,-0.299894344683083,-0.352861381016999,-0.354945803957669,-0.352259508452573,-0.348188544690546,-0.347566802375384,-0.350471840962094,-0.352963728896311,-0.237065263876247,-0.237982427301948,-0.158666678666914
100_chr17,0,0.0615022789285901,-1.80589342586926,-1.80559822155555,-0.307580970579246,-0.307237556135032,-0.843283164889785,-0.843585865783929,-0.899779675006475,-0.903105939476351,-0.898508478010093,-0.894059049028837,-0.892503948700498,-0.895883158702758,-0.898372523327271,-0.772282090702053,-0.772249974082704,-0.641728322782007
101_chr17,0,0.0435101942911907,-1.72902333161913,-1.72858148356327,-0.236221067459539,-0.236002062930831,-0.803728434511019,-0.803991607693799,-0.763052417203706,-0.766065006196015,-0.761867704906456,-0.757699387565026,-0.75634446232828,-0.759562006510218,-0.761872707748221,-0.642957707777941,-0.642972819808966,-0.506671308037212
102_chr17,0,0.0336597038749714,-1.73139094204016,-1.73088028691205,-0.223702729290526,-0.223556394275596,-0.820123307544549,-0.82036295121371,-0.729614453356198,-0.732549458951936,-0.728429025021149,-0.724379900225265,-0.72306496043436,-0.726231303174461,-0.728449814778297,-0.6125412851315,-0.612516532249572,-0.469775648758291
103_chr17,0,-0.0170722760160442,-1.81930223630729,-1.81845676330185,-0.204454549488325,-0.204690237679248,-0.96937228791102,-0.969487533253695,-0.627951477310252,-0.630647281103613,-0.626680490691344,-0.62318610359941,-0.621958532017012,-0.624924725982489,-0.626678026903493,-0.524682949104788,-0.524340938852788,-0.342857751230066
104_chr17,0,-0.218216297406366,-1.64739928204245,-1.64509191574112,0.182713775916639,0.18101677307122,-1.11562389133597,-1.11526802784903,0.260056314863826,0.259411222086865,0.261103776201155,0.261992296414177,0.262058493953122,0.260322669818947,0.260479731980916,0.29651539655442,0.297345808074188,0.594092857670679
105_chr17,0,0.111259997980599,-1.71332599530851,-1.71335754072252,-0.322670202520577,-0.32195145099551,-0.691469755266748,-0.691894735057058,-0.993578981884033,-0.997126417241099,-0.992398560048964,-0.987410000895634,-0.985779144744296,-0.98934933508461,-0.992294173386821,-0.852689073555963,-0.852977501573328,-0.760921547643233
106_chr17,0,-0.122094944051098,-1.52679340222798,-1.52513227956792,0.118794753293343,0.117816855223258,-0.872182768358446,-0.872060648648478,0.0246149284941986,0.0234192830893041,0.0255499768442804,0.0275254417658339,0.0278291408273161,0.0256755243384639,0.0249453392834784,0.0882959105731795,0.0885931658101291,0.315321443199326
107_chr17,0,0.0890384610880364,-2.21099000292196,-2.21099345791278,-0.588479244955346,-0.587974888611004,-1.1498690487414,-1.15022003370359,-1.37686406974881,-1.381279214106,-1.37514970283377,-1.37004557516039,-1.36773400244953,-1.3716018885812,-1.37440107550625,-1.23136689721801,-1.23083751706123,-1.08798473372948
108_chr17,0,-0.0207698686835112,-1.98084982500905,-1.9800200099492,-0.295711974225046,-0.295991407447232,-1.11304585110709,-1.11314543897602,-0.765092158443796,-0.768099111154945,-0.763647188835261,-0.760072085452704,-0.75860795067718,-0.761689763942189,-0.763428795462332,-0.659230019722259,-0.658635518327709,-0.462899130280216
109_chr17,0,-0.000506676986615107,-1.12890821496456,-1.12800120608142,0.184465735348688,0.184422610571143,-0.354251548305364,-0.354435523716712,-0.0446260702976327,-0.0459985417138773,-0.0440984790381882,-0.0409396618007984,-0.0407196864514328,-0.0431958891584436,-0.0450173406219285,0.0477967805820234,0.0470569195915829,0.167141685840653
110_chr17,0,0.0319120970890181,-1.99838747137102,-1.99793344571034,-0.380699510849779,-0.380593391523364,-1.05121383837187,-1.05143798279838,-0.972062183329264,-0.975548027051537,-0.970588389112941,-0.966352242285529,-0.9646269694911,-0.968007962547224,-0.97024386134175,-0.849339630262251,-0.848913683309338,-0.685391172483153
111_chr17,0,-0.029326697189721,-1.11291220373995,-1.11179796362554,0.234782400467713,0.234529012775901,-0.382597297499427,-0.382713405385338,0.0745631919045744,0.073466260124901,0.0750680923163705,0.0778602821011334,0.0779273755080121,0.0756202141492661,0.0740713875829826,0.157613895244886,0.156956778121998,0.294192718405315
112_chr17,0,-0.151372290258954,-1.50339051536764,-1.50151702596366,0.174182148295436,0.172991383948948,-0.894855514872774,-0.894664754570324,0.152360307963495,0.151459724527455,0.153264571088256,0.154862005005997,0.154999195326531,0.153023306048927,0.152570977418514,0.206354447996403,0.20672518464864,0.45034981831039
113_chr17,0,-0.149722725446157,-2.75955840017642,-2.75802090971959,-0.578420313586674,-0.57972770214617,-1.96769327077538,-1.96745306891546,-1.02403093490564,-1.02760588292175,-1.02176811721752,-1.01916947791873,-1.01705796184912,-1.02009704322426,-1.02072386395535,-0.940374405170227,-0.938152569612153,-0.603032781146816
114_chr17,0,-0.0930168156649468,-1.5500370440492,-1.5485868430827,0.0637842420464887,0.0630177618033616,-0.849664298640265,-0.849610352457588,-0.102261207019374,-0.103749906642753,-0.101295582922162,-0.0989446593103054,-0.0984755845172804,-0.100805718871847,-0.101811869676231,-0.0289592970505397,-0.0287350232242867,0.18121186921754
115_chr17,0,-0.152812447426595,-2.43143294999652,-2.42978895538942,-0.378071291337105,-0.379367765712461,-1.69133402291211,-1.69110041183455,-0.707123067415605,-0.709977145977583,-0.705215617474064,-0.702911175898396,-0.701327169882739,-0.704074176684146,-0.704630453432099,-0.632045094296988,-0.630296971511832,-0.317385737038103
116_chr17,0,-0.047568270574659,-2.1017932245403,-2.10080578621052,-0.330044243612352,-0.330533111383826,-1.25565902632851,-1.25568973748815,-0.780810088270515,-0.783848487245214,-0.779239363780739,-0.775899111136579,-0.774364460443607,-0.777403079698294,-0.778905801507866,-0.680511268850411,-0.679639027837699,-0.457948634327239
117_chr17,0,0.00581780776633178,-1.14808008595351,-1.14722259768498,0.16406969422608,0.164071105886248,-0.361437010621552,-0.361635214058628,-0.0853743999505108,-0.0868405087344084,-0.0848248949728165,-0.0815733921548496,-0.0812953430560732,-0.0838217860453399,-0.085705046812397,0.00946854634023975,0.00873368236333016,0.12620848313656
118_chr17,0,0.0177894294626292,-1.86964459552286,-1.86905779984812,-0.283830501931587,-0.283815025416524,-0.961613421486324,-0.961809445107272,-0.801004432778398,-0.804099181426588,-0.799672486957032,-0.79571041215115,-0.794249377843024,-0.797446062177981,-0.799533062769632,-0.68567988727827,-0.68539214509391,-0.522372302894698
119_chr17,0,-0.0148521764014358,-1.61251805568789,-1.61163483131186,-0.0840889879705975,-0.0842871579717943,-0.789132615207496,-0.789261925632578,-0.443315735421896,-0.445592191291766,-0.442267920950776,-0.438907730418565,-0.437994110700666,-0.440798741044585,-0.44254671274488,-0.344151901057377,-0.344123807864359,-0.179286796063198
120_chr17,0,0.0255403811667871,-1.64480590199942,-1.64421566988672,-0.160504333995901,-0.160408822552648,-0.757852108692053,-0.758076119267336,-0.619559939990661,-0.622243478779814,-0.61846965261311,-0.614587910743028,-0.613444566860355,-0.61649439895722,-0.61862571590833,-0.507031631871506,-0.507104917480929,-0.36557900220426
121_chr17,0,-0.0538747000022722,-2.01753353003885,-2.01647989102206,-0.270798842099481,-0.271325442280086,-1.19273390806042,-1.19275319922213,-0.679482140581908,-0.682289199174784,-0.678003703377866,-0.674806741237328,-0.673432003968584,-0.67636585308061,-0.677798696395845,-0.58310802790924,-0.582337080024607,-0.362843348369144
122_chr17,0,-0.0573576731236168,-1.83237738160094,-1.8312513853788,-0.155284649809299,-0.155817881083626,-1.03932591298112,-1.03934478592302,-0.494361561926702,-0.496747259060005,-0.49308397890511,-0.490074402625729,-0.489005046857967,-0.49176469025279,-0.493141394064496,-0.403371469691935,-0.402861409064348,-0.194793301233726
123_chr17,0,-0.273968684571998,-2.266329965047,-2.26378952357056,-0.108098309434361,-0.110268676230625,-1.72673325704094,-1.72621849546865,-0.114886573198152,-0.116375053272888,-0.113180322638197,-0.11249355955099,-0.11170548577568,-0.11365973059451,-0.113057535209731,-0.081478704921613,-0.0795274138564119,0.298276146979704
124_chr17,0,0.140230530804532,-1.24140669510659,-1.24152054044829,-0.0817833728894135,-0.0808032421723775,-0.245262877859311,-0.245776810953931,-0.658702492630773,-0.661493337055526,-0.658026915736902,-0.653050890493117,-0.65203050191273,-0.655361045422421,-0.658518162252691,-0.519714659658844,-0.520807748333878,-0.481944346438024
125_chr17,0,0.0481085495276734,-1.66284579834266,-1.66241926714729,-0.203199189144443,-0.202939591723926,-0.740375034202229,-0.740651955735921,-0.718031270374244,-0.72094225492104,-0.716917252493829,-0.712744108961892,-0.711472413374368,-0.714659244828937,-0.717004744804882,-0.598035950708722,-0.598165878779514,-0.469664361627501
126_chr17,0,0.0067492536449133,-1.13470825307015,-1.13385387595054,0.170738839026083,0.170748469813349,-0.348632464022034,-0.348833450926637,-0.0762857571198881,-0.0777313550129248,-0.0757505362256459,-0.0724980299386835,-0.0722367880119004,-0.0747570376180735,-0.0766473514343109,0.0185378254868129,0.017779753281181,0.133677022884591
127_chr17,0,-0.0578457413491942,-1.7645518374164,-1.76340488741594,-0.114084279297659,-0.114614147267093,-0.981981095566083,-0.982001689049348,-0.429399692947869,-0.431637644714981,-0.428195538429358,-0.425244924119598,-0.424283939932301,-0.426984022877472,-0.428347558810227,-0.340135807206738,-0.339724221864227,-0.136342538170727
128_chr17,0,-0.121611438633027,-2.04260671656418,-2.04108219722989,-0.189968084819151,-0.190995296925723,-1.31299899042863,-1.31285610774924,-0.45773870968406,-0.460030889285171,-0.456245841827737,-0.453861639398912,-0.452748093631289,-0.455337236158217,-0.456137251862027,-0.381938165089827,-0.380880087671634,-0.116458370830816
129_chr17,0,-0.0223400771960831,-1.11145565655128,-1.11039027647976,0.22577054327271,0.225568674783531,-0.371159609062672,-0.371292396175885,0.0506392578868953,0.0494868271125477,0.0511438912545899,0.0540207942044209,0.054116596688059,0.0517729329517511,0.0501586912017218,0.13583820610624,0.135153143427659,0.267838263068097
130_chr17,0,0.0937364504638141,-1.90787734385068,-1.90783563523955,-0.414084433960979,-0.413514467130052,-0.883560611223628,-0.883935647074084,-1.11144143272433,-1.11525398530937,-1.110053930367,-1.10512877377141,-1.10327100089272,-1.10690985575442,-1.10971478602504,-0.971510202130597,-0.97144630390385,-0.853912345402487
131_chr17,0,0.0424936289277181,-2.28585355842871,-2.28554833398649,-0.567360324264455,-0.567205867302257,-1.2818420184888,-1.28207911835873,-1.2781951671762,-1.28237858484417,-1.27640856617746,-1.27181791406188,-1.26959556824575,-1.2732749636618,-1.2756466027753,-1.14549766664567,-1.14468577708166,-0.966714981586433
132_chr17,0,-0.142786991530192,-1.62148476737657,-1.61970227525735,0.0915052257046078,0.0903654814867881,-0.983418011401309,-0.983242653909426,0.0112612581019742,0.0100385648391548,0.0122948191056658,0.0140899671949568,0.0144501599714095,0.0123287987081748,0.0117809118428482,0.0706769073067584,0.0711905472052687,0.318055130485396
134_chr17,0,0.215786797163863,-1.80666721905183,-1.80745948954673,-0.526261641091237,-0.524783911633681,-0.618900774516135,-0.619570401067345,-1.45877859009052,-1.46340019379139,-1.45747767504858,-1.45113181596737,-1.4488911594712,-1.45310409105488,-1.45704217902242,-1.28307734378658,-1.2836136466972,-1.25116046593266
135_chr17,0,-0.0574495613386125,-1.92695610710097,-1.9258538859277,-0.211643564377242,-0.212187165259335,-1.12041663480176,-1.1204312712648,-0.582151879137146,-0.584737121189834,-0.580772048997014,-0.577689745731714,-0.57647269855064,-0.579311224464008,-0.58069903714006,-0.48899594949351,-0.48834571919582,-0.273251375076416
136_chr17,0,-0.0235561170561982,-1.82531695219927,-1.82442733937222,-0.198876267860696,-0.199160245711668,-0.983978267929834,-0.984077836239753,-0.610093876700097,-0.61274805147002,-0.608817600347506,-0.605398188892435,-0.604189958712166,-0.607126190707911,-0.608819374159438,-0.508710802444957,-0.508335963667983,-0.32228591554267
137_chr17,0,0.03884146777055,-1.8199900918648,-1.8195388322289,-0.283949234281382,-0.283773880866539,-0.888403351804317,-0.888651556156623,-0.830916048708604,-0.834082155045592,-0.829633851534902,-0.825451867301958,-0.823975207584957,-0.827243889789818,-0.829522269334668,-0.710168736564776,-0.710032122997508,-0.56405959060576
138_chr17,0,0.0600758475810824,-1.17733493909815,-1.17686737282672,0.0698546570551695,0.0702520085533189,-0.307335676457905,-0.307661687296606,-0.308964837041174,-0.310947869225127,-0.308373543058945,-0.304432480312923,-0.303867954613343,-0.306711921634283,-0.309108331072048,-0.196497363876656,-0.197389277229196,-0.112267513149764
139_chr17,0,0.136395631067266,-1.7432057815063,-1.74342217865117,-0.376068046185117,-0.375167544656157,-0.680382295812696,-0.680865790170091,-1.11237237664764,-1.11619386296043,-1.11115494167659,-1.10583418651021,-1.10404505055197,-1.10777604055366,-1.11096066728199,-0.962938869242278,-0.963275913135208,-0.885005006346659
140_chr17,0,0.0275013596862891,-1.15129647750662,-1.15059262827838,0.13147964229839,0.13164015505116,-0.332561771119262,-0.332811411233205,-0.166833091643372,-0.168487832715677,-0.166276049841735,-0.162755591008038,-0.162376325848396,-0.165022550462961,-0.167109811978833,-0.0651433685088039,-0.0659535251523931,0.0379674206888994
141_chr17,0,0.0619882314623346,-1.265656590614,-1.26522530817878,0.0143980720284338,0.0148004318837458,-0.380147020865255,-0.380473828108029,-0.398177636911851,-0.400363767828248,-0.397490486152502,-0.393456954335401,-0.392745644902866,-0.395674065197344,-0.398099610223527,-0.283063542281186,-0.283831935829522,-0.193419629891376
142_chr17,0,-0.102073830856116,-1.65402888822064,-1.65254171389785,0.0144833571230352,0.0136396253529212,-0.951889225793249,-0.951809320103953,-0.166381828903929,-0.168014836177504,-0.165305457878593,-0.162984618803217,-0.162392878499342,-0.164761387726615,-0.165695662524019,-0.0934956296757181,-0.0930841732417167,0.130284289083764
143_chr17,0,0.0353615573494037,-1.86121529294819,-1.86075015504501,-0.303649791415911,-0.303504249874234,-0.928766865403486,-0.929005041607544,-0.856735189219958,-0.859959429914587,-0.855409068253725,-0.85123765208545,-0.849711874117991,-0.852996366023211,-0.855247289828549,-0.736118153466195,-0.735907743676111,-0.584684837261545
144_chr17,0,-0.155585948018488,-1.6430267967774,-1.64115967045098,0.0967415715518072,0.095505513579781,-1.02052637459889,-1.0203196602299,0.0375026554218629,0.0363416579668248,0.0385571130816573,0.0402118115169525,0.0405489654806757,0.0384786333112825,0.0380481930776155,0.0934208159973742,0.0940135540247105,0.350605359467964
145_chr17,0,-0.00931758031307539,-1.97766985563262,-1.97691992607589,-0.310010683397466,-0.310205586441766,-1.09361918408119,-1.09374614577637,-0.803569314465299,-0.806665561348691,-0.80212563941747,-0.79841229519515,-0.796902342094974,-0.800043324041552,-0.801889482148612,-0.694204214887821,-0.693656692711063,-0.505438273353125
146_chr17,0,0.060380963190133,-2.05814859573297,-2.05791062790004,-0.456659024442492,-0.456349709873319,-1.06084198282987,-1.06113130033308,-1.13075851738434,-1.13460964969418,-1.1292147765299,-1.12458214120362,-1.12263701310382,-1.12622188290441,-1.12873264922244,-0.997757994516266,-0.997348790315911,-0.84752985897679
147_chr17,0,0.00514760919914359,-1.6285049117478,-1.62776675821656,-0.121924931746103,-0.121977689664543,-0.773644528751724,-0.773820728574616,-0.530580482121,-0.533058499159497,-0.52951163780989,-0.525893208741545,-0.52486584445486,-0.527791882869549,-0.529729662378234,-0.424799423548634,-0.424821526590649,-0.271526664152445
148_chr17,0,0.084449178290901,-1.69189472980459,-1.69173179972075,-0.271949025473297,-0.271425206894479,-0.712232392506826,-0.7125945144638,-0.876595758376424,-0.879872989829486,-0.875443528205973,-0.870801152105176,-0.869322776844648,-0.872730212945528,-0.875420603373742,-0.744576605396738,-0.74479774258242,-0.637268898513301
149_chr17,0,0.0216441381370287,-1.69126236475329,-1.69065667123433,-0.182740501458488,-0.182678399206937,-0.803300710166471,-0.803513480129501,-0.648746760101532,-0.651496021916512,-0.647606970506043,-0.643736827467157,-0.642538020487958,-0.645605804791384,-0.6477064190916,-0.536357373828054,-0.536347592074399,-0.388921116799048
150_chr17,0,0.114231811355595,-1.22062458304433,-1.22054984355473,-0.0325985412641872,-0.0318074389707337,-0.265396614420609,-0.265849593646867,-0.545262693198781,-0.547791518200945,-0.544614454043467,-0.539974125960939,-0.539101599622266,-0.542274318721544,-0.545184694908784,-0.414876920226211,-0.41590475631014,-0.362037138413263
151_chr17,0,0.0210485235198412,-2.01427741419244,-2.01375093385855,-0.374824739120998,-0.374800124108405,-1.0806611602498,-1.08085879113114,-0.947557684618418,-0.95098609004766,-0.946068742833668,-0.941953677643432,-0.940251709568919,-0.943587380071274,-0.945723288714655,-0.82785931371181,-0.827369769734586,-0.65576734684899
152_chr17,0,-0.0662294394731831,-1.98209866644303,-1.9809488108426,-0.232160296951323,-0.232774104797713,-1.18042372621954,-1.1804151375662,-0.601760470883938,-0.604388882840341,-0.600322660780103,-0.597305182814749,-0.596040733001642,-0.598878131652068,-0.60019048717901,-0.510067160445499,-0.509302992132845,-0.284562158209057
153_chr17,0,-0.0833508105330497,-1.93082566327936,-1.92954190984824,-0.177320255207382,-0.178054694561981,-1.16150932252657,-1.16146218968877,-0.492033729330779,-0.494409980892177,-0.490654563787337,-0.487887509607699,-0.486779290759828,-0.489481208381521,-0.490626315963843,-0.406877418742948,-0.406125849281353,-0.174273145162904
154_chr17,0,-0.0713754766967521,-2.19483213261717,-2.19370094495329,-0.35194076106425,-0.352614210167704,-1.37002369142144,-1.36999382573992,-0.781351908072213,-0.784387733938015,-0.779685040810566,-0.776564674013763,-0.774989934755826,-0.777978091340107,-0.779269056599718,-0.686329681532726,-0.68523199888558,-0.441545787675806
155_chr17,0,-0.0956893675861465,-1.5479007360042,-1.54643114936164,0.0688402224578339,0.0680543109393474,-0.851733956587592,-0.851673744620237,-0.0906001036904991,-0.0920618688907182,-0.0896372897903759,-0.0873208743432388,-0.0868669991264448,-0.0891809098384551,-0.0901616968097914,-0.0181824469643179,-0.0179514654639408,0.193537793184745
156_chr17,0,-0.169330608501076,-1.9252436911726,-1.92335257886907,-0.0523773375017468,-0.0537433808872266,-1.28214442117149,-1.28189302653031,-0.17571520971185,-0.17735868443904,-0.174358174773318,-0.172651986853775,-0.171933880750395,-0.17416685839361,-0.17450396831472,-0.117541388178056,-0.116480664591092,0.169644248385156
157_chr17,0,-0.0220816537348146,-1.81529798335482,-1.81441617422699,-0.194977721211117,-0.195249830994849,-0.973251613257172,-0.973355114138715,-0.606094139112788,-0.608739457563592,-0.60482841987094,-0.60139871419084,-0.600199632389277,-0.603135417084538,-0.60484117654559,-0.504483037450233,-0.504128454468387,-0.319754286562164
158_chr17,0,-0.060466233430063,-1.72979742738804,-1.72862303577423,-0.0896201715055831,-0.0901657447329065,-0.956054652596972,-0.956070489811257,-0.387535366344046,-0.389677735879527,-0.38636928096996,-0.383478006448078,-0.382583066973904,-0.385239831435278,-0.386574363591234,-0.299896321280709,-0.299526444867796,-0.0970385429794471
159_chr17,0,0.00572296589306653,-1.69881805875428,-1.69810211650286,-0.164734528670733,-0.164790263066366,-0.832991341226239,-0.833165922440092,-0.598176004002157,-0.600807767016266,-0.597031025099192,-0.59335061891546,-0.592210600582497,-0.595198758580445,-0.597150840423688,-0.490583756727599,-0.490504028912048,-0.332394991655088
160_chr17,0,0.0144295403896587,-1.63592443617993,-1.63525361025038,-0.13948465131841,-0.139469923266082,-0.766456484058332,-0.766654445322707,-0.571080184987582,-0.573651746873772,-0.570001580695459,-0.56626330272618,-0.565183149410561,-0.568165533497216,-0.57019140310107,-0.462228062505028,-0.462273461696757,-0.314335328491415
161_chr17,0,-0.0419821838845235,-1.62038278193554,-1.61931039764051,-0.0504139238161059,-0.0508123763647272,-0.835437363865364,-0.835501812721101,-0.352473789575127,-0.354539413291016,-0.351422549895814,-0.348389587443353,-0.347583990380284,-0.350248730743017,-0.351742965857842,-0.261600635595761,-0.261460760418631,-0.0787895623775992
162_chr17,0,-0.0764566675631716,-2.02545667847322,-2.02424594560402,-0.243591374696709,-0.244284823436237,-1.23245473608833,-1.23241998049958,-0.605151694154719,-0.607786180372368,-0.603668917200067,-0.600743251860805,-0.599456272476159,-0.602274838161531,-0.603496655249717,-0.51564647522493,-0.51478044872683,-0.280340795587572
163_chr17,0,0.166352381186265,-1.75736416741178,-1.75779533203833,-0.426894935478105,-0.425775624749756,-0.648805518200167,-0.64935966180873,-1.23396270206517,-1.23806536763136,-1.23272435040892,-1.22702443481031,-1.22508025233157,-1.22898487925499,-1.23245257138794,-1.07484466574127,-1.07527136675172,-1.01500997944451
164_chr17,0,0.261262499883369,-1.33815376564796,-1.33914553090093,-0.310753766300678,-0.308893650615035,-0.151534193040256,-0.152331884984053,-1.18679936002182,-1.19080998477903,-1.1859965176165,-1.17945771969382,-1.1777489872778,-1.18181425155704,-1.18612002134064,-1.00776631398078,-1.00916317337054,-1.04014897349614
165_chr17,0,-0.0732043549455939,-1.92660187467622,-1.92538853473343,-0.189148567109362,-0.189807970581089,-1.14309390889325,-1.14307108836325,-0.524813165920988,-0.527265551254463,-0.523436668025696,-0.52054823400436,-0.51940162348079,-0.522154782767129,-0.523394623940582,-0.436585948523971,-0.435878080850568,-0.210789731491746
166_chr17,0,-0.0105240806580497,-1.85837170062371,-1.85758246282664,-0.237051207648013,-0.237242753977642,-0.993263210366948,-0.993392370523959,-0.688048693413998,-0.690882153037981,-0.686734236700762,-0.683128877164887,-0.681811082286535,-0.684845424265963,-0.686665153586233,-0.581828511904627,-0.58145291278969,-0.40125607770131
167_chr17,0,-0.0263440730174135,-1.6033319923608,-1.60236541013367,-0.0623484172005056,-0.0626301411284858,-0.798032085026008,-0.798134452756665,-0.393173325532435,-0.395333964155163,-0.392137594828204,-0.388925788414641,-0.388077526438631,-0.390812395584831,-0.392451303530418,-0.297811754752137,-0.29775481875275,-0.126285676495079
168_chr17,0,-0.0979262799306522,-2.40704970273064,-2.40578620596094,-0.441138405820283,-0.442028824259921,-1.59040379644471,-1.59030176541401,-0.883009599921158,-0.886272264655482,-0.881118240196785,-0.878158406098719,-0.876369128220334,-0.879392032931224,-0.880460566607051,-0.791355504166737,-0.789846051133978,-0.51363896583836
169_chr17,0,-0.000876567725645372,-1.69354271250148,-1.69277889974102,-0.152249415683577,-0.152353133190023,-0.838102103376181,-0.838261212016308,-0.569380363835273,-0.571945615650955,-0.568242324363498,-0.564647131788298,-0.563544646912974,-0.566492742649225,-0.568382191670418,-0.463971669649453,-0.463875378069308,-0.301957659845746
170_chr17,0,0.0679152420245834,-2.20769621677455,-2.20754996152169,-0.556635496977881,-0.556286113882931,-1.17786071979185,-1.17816160409064,-1.29736082869395,-1.30159187532348,-1.29565397739482,-1.29081198088515,-1.2885992600131,-1.29235032512728,-1.29495076264675,-1.15853722723042,-1.15793473738098,-1.00189017452358
171_chr17,0,0.0843743671429004,-1.88927554491015,-1.8891630563043,-0.389732529235114,-0.389229491558424,-0.881293860662397,-0.881647419482623,-1.06023272336668,-1.06392737523295,-1.05886708695563,-1.05407149634588,-1.05228437812583,-1.05585706939195,-1.05857174155877,-0.923657054902992,-0.923586097130361,-0.801468251857077
172_chr17,0,0.0715614555875259,-1.68159291097944,-1.68133649825247,-0.247567806527376,-0.247137690483061,-0.722212807668982,-0.722544714424215,-0.820362962700568,-0.823510309538817,-0.819224284012702,-0.814748315028035,-0.813343235976317,-0.816672437561023,-0.819240517157995,-0.692607902964676,-0.692796694045716,-0.57783016922534
173_chr17,0,-0.0950622528359236,-1.93389484773144,-1.93252935387825,-0.162588832926275,-0.163409696562215,-1.18121917170859,-1.1811440533654,-0.452515603009543,-0.454800152711791,-0.451135311205309,-0.448509768822924,-0.447448691279004,-0.450089947915489,-0.451125481610916,-0.370945762078549,-0.370146420485642,-0.130619086633491
175_chr17,0,0.0146563635013514,-2.63646604716933,-2.63605518470201,-0.73739731572998,-0.737483471958537,-1.6225607034043,-1.62271669879263,-1.50414592977336,-1.50883851615588,-1.50198543605651,-1.49746305254082,-1.49481516441659,-1.49863851462866,-1.50079316098275,-1.37200712966152,-1.37057410980119,-1.14906842831989
176_chr17,0,-0.0416390312625626,-1.59110594650256,-1.59002842046044,-0.0334131480046496,-0.0338060767114468,-0.809876693781786,-0.809943202558953,-0.326437077269971,-0.328443570757368,-0.325417429264373,-0.322403112349265,-0.321641837227261,-0.324283858809485,-0.325777610073801,-0.236136069136648,-0.2360407452598,-0.0557446737494187
177_chr17,0,0.0496472634008893,-1.70360438694298,-1.70319922427543,-0.229719346351369,-0.229452612976614,-0.773018801830918,-0.773297651602937,-0.761575522076389,-0.764585734674254,-0.760417145469422,-0.756193266248145,-0.754850922456726,-0.758080270471145,-0.760445377071153,-0.640153903090108,-0.640229251779283,-0.50970359892413
178_chr17,0,0.0437181825899726,-1.67897406434977,-1.67852075805178,-0.206622400240727,-0.206396736579356,-0.760584310815414,-0.760850104899417,-0.717172100496413,-0.720080430385524,-0.716041465602547,-0.711909675775329,-0.710632199162911,-0.71380886070527,-0.716115179649963,-0.5981737393973,-0.598263614869321,-0.465781609326876
180_chr17,0,-0.116423204006545,-2.78617641832676,-2.78488046994456,-0.641416929955595,-0.642482208281311,-1.94190570098375,-1.94174356968612,-1.16932620764821,-1.17323675378473,-1.16702837540435,-1.16399977051282,-1.16169887042768,-1.16494009550256,-1.16588294508072,-1.07465203983504,-1.07251378070313,-0.756611600758554
181_chr17,0,-0.000302941395587508,-1.12907107128878,-1.1281655402262,0.184080304798524,0.18403866131769,-0.354093772891619,-0.354278225960046,-0.0455150265644488,-0.0468895512618954,-0.0449872210763638,-0.041825773191734,-0.0416046391391003,-0.0440820786166216,-0.0459054636311351,0.0469752332420765,0.0462348609081738,0.166202048565696
182_chr17,0,-0.0983652063129935,-1.84621583250972,-1.84480442113285,-0.105549266237391,-0.106385428418286,-1.11098623854782,-1.11090698909494,-0.358869802523033,-0.360940954432298,-0.357584932946553,-0.355068444921598,-0.354159312830237,-0.35670914705263,-0.357702570012503,-0.28036597058603,-0.279684065199866,-0.0445155219815292
183_chr17,0,0.170928841897013,-1.88277303920899,-1.88326883882611,-0.508270587893749,-0.507130482193479,-0.749476550371041,-0.75003625121367,-1.36737111321724,-1.37177776604739,-1.36599630510303,-1.36014222340151,-1.3579813662498,-1.36201595816692,-1.36554249417944,-1.20391387365759,-1.2041720578771,-1.13758220437404
184_chr17,0,0.0568855591489998,-1.70939032858032,-1.70903766975955,-0.243412880693459,-0.243093519971524,-0.767413374223937,-0.767709194144315,-0.793158262892059,-0.796241424239426,-0.791992275193432,-0.787674934625347,-0.786291424551196,-0.789564712412771,-0.791998514001809,-0.669341746940154,-0.669435262583809,-0.543086929042295
185_chr17,0,-0.123268436086282,-2.12459889032181,-2.12308386622298,-0.236595775112845,-0.237643574391781,-1.38559890555411,-1.38544859856292,-0.528138287017558,-0.530590229839493,-0.526557074375974,-0.524129205578017,-0.522894619633908,-0.525543630014448,-0.526338466097869,-0.450952764691551,-0.449767348435386,-0.178251255786898
186_chr17,0,0.0627018402501907,-1.17943402994111,-1.17898551162262,0.0648867582502746,0.0653032025062639,-0.305302074583183,-0.305634242048629,-0.32042278912526,-0.322432286500479,-0.319828733903149,-0.315853764168506,-0.315274303688637,-0.318134211715654,-0.320555543116251,-0.20708646753373,-0.207984971704184,-0.124378703851471
187_chr17,0,0.0524866284360237,-1.695896556677,-1.69550941324818,-0.229131673240153,-0.22884327308798,-0.762279522985691,-0.76256545350178,-0.764668057191624,-0.767685753324213,-0.763517483247093,-0.759264733328346,-0.757921864789689,-0.761160075112589,-0.763550865749855,-0.642538502555847,-0.642635728855761,-0.514483772356662
189_chr17,0,0.0193953791857109,-1.14481695087192,-1.14405430394142,0.146814677812788,0.146916254558397,-0.338839144752614,-0.339069780435613,-0.131464395735434,-0.13303744338686,-0.130915877398813,-0.127500083514041,-0.127166919411432,-0.129763936925786,-0.131774268697289,-0.0324566558714872,-0.0332464678118631,0.0753525500617704
190_chr17,0,-0.126710176901279,-1.69854240154901,-1.69689310429451,0.0227422500249812,0.0217128142616867,-1.02592694968945,-1.02578655656142,-0.118710340992367,-0.120231047092423,-0.117590451039872,-0.115537579422574,-0.114985413262179,-0.117258256085082,-0.117966847008771,-0.0524856371200415,-0.0519174208062565,0.190399236653801
191_chr17,0,-0.247208758557384,-2.61943509147316,-2.61717441336386,-0.356845806240378,-0.358855609705138,-1.98994821665005,-1.98948210157606,-0.540719555876051,-0.543180290191229,-0.538626497054771,-0.537335173685157,-0.535875483094153,-0.538270576843835,-0.537964334250016,-0.490760909164719,-0.488386355954746,-0.101588270861205
192_chr17,0,-0.124928258795243,-2.52488888782375,-2.52346553154878,-0.473328688864992,-0.474429720505431,-1.73065679709259,-1.7304855370286,-0.895098565413134,-0.898384394735626,-0.89308484538329,-0.890364787614915,-0.888510757634434,-0.891486763777897,-0.892316683368792,-0.809143397473696,-0.807360042732408,-0.505298169725109
193_chr17,0,0.0622075059935936,-1.83866776657704,-1.83838599530327,-0.328153513573145,-0.327808273122929,-0.870308396820555,-0.870611382733191,-0.932868711982975,-0.936270305142897,-0.931561945343637,-0.927078257301139,-0.925468708162471,-0.928879233168993,-0.931379367916346,-0.804390401274517,-0.804312432693242,-0.671824760018346
194_chr17,0,-0.0353064458301838,-1.6457388373218,-1.64472004590809,-0.0750003918393503,-0.0753523591780572,-0.847403961361592,-0.847483210963931,-0.40025518206577,-0.402430486415018,-0.399175276195641,-0.396040482811466,-0.395165570285177,-0.397887637856098,-0.399447763085817,-0.306708736932016,-0.306556018401181,-0.126262583470117
195_chr17,0,0.0716148015306415,-1.68163555313226,-1.6813795273565,-0.247668727314462,-0.247238223408755,-0.722171495897169,-0.722503527721701,-0.820595726206456,-0.823743610674001,-0.819456991425156,-0.814980333634193,-0.813574951188658,-0.816904476608237,-0.819473062484464,-0.692823016178045,-0.693011941148796,-0.578076203000618
196_chr17,0,-0.135689361455247,-1.84021582922393,-1.83853983743377,-0.0491747354038655,-0.0502847126664121,-1.16029271072433,-1.1601249424038,-0.218222044369942,-0.21996751941054,-0.216950649280248,-0.214897480451266,-0.214163298693297,-0.216506562297878,-0.217148777668288,-0.151514407446456,-0.150703585297747,0.107761215613121
197_chr17,0,-0.122852619038057,-2.18295377590119,-2.18145675084955,-0.272037429526421,-0.273088152635728,-1.43494249748815,-1.43479070044543,-0.584014520666686,-0.586593544394909,-0.582370133304145,-0.579891585942658,-0.578563778816161,-0.581264010921248,-0.582070137713234,-0.505345107377953,-0.504074951059839,-0.228524203760434
198_chr17,0,0.031780702271741,-1.6497941112365,-1.64924914404177,-0.172309882474445,-0.172168999640366,-0.753019525247633,-0.753258166224691,-0.646788233904427,-0.649534663688496,-0.645691384808819,-0.641729067505612,-0.640550233110824,-0.643637946881096,-0.645828487550712,-0.532195223457701,-0.532284171266265,-0.394359630509536
199_chr17,0,0.0306645060867925,-1.15382494292176,-1.15314403795551,0.125495546680902,0.12567905766552,-0.330112190613667,-0.330369246708604,-0.18063479806787,-0.182321417856166,-0.180074430207445,-0.176513128621113,-0.176115873732455,-0.178781300127965,-0.180898581459943,-0.0778985012673448,-0.0787165968980474,0.0233788539634165
200_chr17,0,-0.0457901426750779,-1.73079222442062,-1.7297215151435,-0.110972051020191,-0.111409818597921,-0.935499116827161,-0.935549818177379,-0.441567637293639,-0.443835175152532,-0.44039772898532,-0.437325339950146,-0.436363745465775,-0.439100589625425,-0.440573046088611,-0.34932191423579,-0.349004745965082,-0.155777599024119
201_chr17,0,-0.0972685634797575,-2.10318687485114,-2.10184954812588,-0.260581020360779,-0.26143545798659,-1.32934651767914,-1.32925895980496,-0.602268288184048,-0.604892893972599,-0.600705360466976,-0.597974729539516,-0.596658347205064,-0.599429775247967,-0.600466021933201,-0.517459387429747,-0.516401610168172,-0.262998988773686
202_chr17,0,-0.0730888572277427,-1.73051843300684,-1.7292552733272,-0.0721974901383455,-0.0728359465316006,-0.975083608543971,-0.975069392806351,-0.342532240302104,-0.344570294190824,-0.341367738231327,-0.338631005655267,-0.337790926089935,-0.34038013876997,-0.341596244443256,-0.258818727968079,-0.258401187344238,-0.0478321360109497
203_chr17,0,-0.122886621776886,-2.71881216208103,-2.71745326950923,-0.592040596385599,-0.593146493118405,-1.89367158442621,-1.89349694198319,-1.08317235971648,-1.08688603322192,-1.08094857576164,-1.07805199685317,-1.07588525029062,-1.07903503766962,-1.0799086733399,-0.992079899398097,-0.990017374692938,-0.674967292328029
204_chr17,0,-0.057371641136483,-1.95159214798043,-1.95049683757196,-0.226468101702014,-0.227013654775246,-1.14139072577263,-1.1414045009682,-0.605388226329929,-0.608026300285234,-0.603981743604873,-0.60087924469553,-0.599623274792751,-0.602482898146877,-0.603874560832611,-0.51163632416607,-0.510949958228104,-0.294090187508503
205_chr17,0,0.0479237992841589,-1.80570259250308,-1.80531164854941,-0.288261723507878,-0.288018126807222,-0.862925857085124,-0.863196270305889,-0.850468191058098,-0.853680193624527,-0.849199742233214,-0.844917312667097,-0.843422739873347,-0.846728471576328,-0.84909031947071,-0.72721582734269,-0.727133865946213,-0.587990314554075
206_chr17,0,0.0562985263151367,-1.78062404921542,-1.78028564778968,-0.285128234780841,-0.28482049149181,-0.829243673032836,-0.829535070546771,-0.857405418291263,-0.860634528544505,-0.856162518214231,-0.851796764933435,-0.850304315200281,-0.853634218851044,-0.856071525262119,-0.732119387552009,-0.732105420182238,-0.600135807721486
207_chr17,0,-0.0611282788347499,-1.72926822048547,-1.72808902664587,-0.0883677024437226,-0.0889180891927055,-0.956567348916334,-0.956581633968462,-0.384646674150183,-0.386782371481866,-0.383481284919007,-0.38059855877057,-0.379707384540214,-0.382360130075738,-0.383688379094973,-0.297226676578958,-0.296855138538896,-0.0939851612074123
208_chr17,0,0.0415035866884081,-1.83300430426697,-1.83257516573192,-0.295487486460855,-0.295293893427722,-0.895660087556069,-0.895914070759642,-0.852674782617772,-0.855890775029672,-0.851378015342537,-0.847153156638252,-0.845644310122105,-0.848938289317276,-0.851243311645067,-0.730794072688743,-0.730648045781456,-0.585409848212538
209_chr17,0,-0.0838781805878894,-1.81117817757272,-1.8098598116673,-0.105112690501544,-0.105838743954227,-1.05986372876879,-1.05982042451292,-0.378645053139008,-0.380763472183242,-0.377395356517778,-0.374728214760541,-0.373809688793944,-0.376408340280586,-0.377533351424194,-0.296429662168631,-0.295853039346207,-0.0724795845260067
210_chr17,0,0.0921295661241883,-1.85177508912612,-1.85170756945551,-0.37830357079891,-0.377739668481033,-0.83788253898114,-0.838256136288071,-1.05335419367504,-1.05703444908091,-1.05202765331849,-1.04716605187991,-1.0454032559314,-1.04898634840455,-1.05176908979942,-0.915226576434366,-0.915239690858072,-0.800816908556002
212_chr17,0,-0.0575171208091623,-1.68964535552934,-1.68848137864957,-0.069809805305127,-0.0703295794019889,-0.91738394702806,-0.917408504323728,-0.360795413811572,-0.362877471026312,-0.359672191259849,-0.356776033038195,-0.355930885829266,-0.35856987516641,-0.359927015071071,-0.273166969529685,-0.272867343248989,-0.0752131667041018
213_chr17,0,-0.00187764216745168,-2.22163278799134,-2.22099828658281,-0.466244999624721,-0.466410205033716,-1.29159234224899,-1.29172663537003,-1.05780080913094,-1.0614761485818,-1.05609195367241,-1.05209667902583,-1.05017170850537,-1.05355761789039,-1.05550451235147,-0.940451351242243,-0.939570606293261,-0.738110798381066
214_chr17,0,-0.0631971480467092,-1.59351114811544,-1.59228231863709,-0.00435811003794129,-0.00490979375503597,-0.843380892609792,-0.843396024233193,-0.250670137295831,-0.252500956684692,-0.249651924221912,-0.246900632117284,-0.246231213932227,-0.248758849315631,-0.250050489153418,-0.167046291114441,-0.166867826356603,0.0273164764026039
215_chr17,0,-0.0582977996266447,-1.67857290240641,-1.67740056473541,-0.0620923949197552,-0.062616774157882,-0.909044968204135,-0.909068139075541,-0.347653879190902,-0.349705939105265,-0.346542774994285,-0.343664856069144,-0.34284050977933,-0.345465990812133,-0.346814399145915,-0.2605261714413,-0.260240033303095,-0.0629050711171493
216_chr17,0,-0.0646608857799554,-1.68393497719855,-1.68271918216233,-0.0562951059389234,-0.0568668200797373,-0.922916168807686,-0.922923977581931,-0.329625137634404,-0.331635198796553,-0.32850942677492,-0.325705509312511,-0.324900990762426,-0.32749661409853,-0.328785956157762,-0.244360313415451,-0.244042757437274,-0.0422658165811356
217_chr17,0,0.0924839239203525,-2.05904502771524,-2.05903352758541,-0.502600547477124,-0.502055284148945,-1.01478281401283,-1.01514844882807,-1.24775820018318,-1.25188041957304,-1.2462074805206,-1.24117966863575,-1.23909074091894,-1.2428497057018,-1.24566201018639,-1.10471057061953,-1.10441855379343,-0.974951172606718
218_chr17,0,-0.0403869909922431,-2.13483128082792,-2.13390298172117,-0.359933960698083,-0.360373413586812,-1.27346379705176,-1.27351018501545,-0.837578411025527,-0.840746999969293,-0.83597061945922,-0.83251632502272,-0.830898087389938,-0.83400321096855,-0.835577541955891,-0.734270163601715,-0.733375588017085,-0.513818536088426
219_chr17,0,0.0709926719501802,-1.78192141825038,-1.78168690452951,-0.306686367624525,-0.30627071694793,-0.808920794791425,-0.809247086530015,-0.911784939297493,-0.915140010107269,-0.910537885747028,-0.905990559820089,-0.904430901200868,-0.907841235983432,-0.910416674523731,-0.781879571054508,-0.781917931139848,-0.659198265535061
220_chr17,0,0.049102648851572,-1.79598176455466,-1.79559661803626,-0.284123133790358,-0.283869873114336,-0.85288559496018,-0.853159224983317,-0.845676566131036,-0.848877865064842,-0.844418407386246,-0.840129083237295,-0.838644503193742,-0.841948441630796,-0.844320127663311,-0.722281582422073,-0.722218344731825,-0.584540697599342
221_chr17,0,-0.00811112442547191,-1.75024785638725,-1.74944770289887,-0.175885118037227,-0.176047840517261,-0.897192663279459,-0.897332155895878,-0.596036618361968,-0.598661307364364,-0.594838620086958,-0.591288043910251,-0.590128855153384,-0.593085479175487,-0.594914178341425,-0.491571655859838,-0.491364820829705,-0.32066832389701
222_chr17,0,0.00288667527459319,-2.02471898115984,-2.02406720678997,-0.355373216805197,-0.355483209054755,-1.11609034375283,-1.11624433394296,-0.891567935229387,-0.894866165639232,-0.890071103198825,-0.886171054401391,-0.884533294784376,-0.887779662339081,-0.889746365410016,-0.777299543269236,-0.776727514816316,-0.592804844640867
223_chr17,0,0.111232819878568,-1.80370881265177,-1.80376350565128,-0.376614559249814,-0.375905271478163,-0.768874511014358,-0.769295586487858,-1.07769395547612,-1.08143259152683,-1.07641581128234,-1.07135700656011,-1.06958474225849,-1.07323064295464,-1.07618666659293,-0.934715358447125,-0.934870059145241,-0.836138145333521
224_chr17,0,-0.107326904602887,-1.89932596779087,-1.89786511583951,-0.124594931580747,-0.125502429262768,-1.16951884212694,-1.16941602144909,-0.375926787234756,-0.378035279832436,-0.374586169312063,-0.3721383278775,-0.371185782169131,-0.373731801588756,-0.374647802972298,-0.298989518946951,-0.298196009179342,-0.0534150704770631
225_chr17,0,0.0514840775480236,-1.78729470294609,-1.78692409563192,-0.282302896117295,-0.282031235324647,-0.841976083809685,-0.842255746996727,-0.846199671002041,-0.849402539613223,-0.84495045944832,-0.84063865633469,-0.839157116125969,-0.842466622350035,-0.844859568763273,-0.722262494403852,-0.722220891536425,-0.586697833534442
226_chr17,0,0.0110815726594728,-1.92191807491069,-1.92129750590425,-0.305564270458813,-0.305603472066788,-1.01614234033564,-1.01632018893156,-0.825437388262168,-0.828586604403413,-0.8240501768292,-0.820129707076227,-0.818616572113708,-0.821820909257066,-0.823851544389484,-0.710994906119785,-0.710605116893499,-0.539467968082334
227_chr17,0,-0.0153702499831524,-2.29867494094926,-2.29796524855569,-0.493176027975903,-0.493448335857717,-1.37721901149317,-1.3773179401438,-1.08076114142203,-1.08448651658584,-1.07897150901778,-1.07508186771924,-1.07309610620422,-1.07647382158864,-1.07830378163104,-0.965838027060504,-0.964793568797293,-0.749076574180083
228_chr17,0,-0.0313860939050394,-1.9973229960932,-1.99642262007943,-0.290535393360035,-0.290894572018277,-1.14263160888106,-1.14270524673442,-0.742026106088435,-0.744978929825132,-0.740565311986792,-0.737107795420401,-0.735664954960485,-0.738703270745579,-0.740344708369406,-0.639097365583289,-0.638439318009399,-0.434737364752936
231_chr17,0,0.000804466139118221,-1.72581637963573,-1.72507274734159,-0.173903093753128,-0.173997759206704,-0.863275427460376,-0.863437163299741,-0.605533856226407,-0.608181558613857,-0.60436060580398,-0.600719554568405,-0.599559076588581,-0.602543336070714,-0.604452653994227,-0.498851291661119,-0.498713490674248,-0.335487253090723
232_chr17,0,-0.225702115505457,-2.13054587566461,-2.12831051584516,-0.0952665304926618,-0.0970680944998398,-1.54010266348187,-1.53970847012052,-0.163023454922914,-0.164629070532244,-0.161454987163382,-0.160281164631083,-0.159491621306769,-0.161592523703077,-0.161426330825295,-0.117691742189987,-0.116119384879886,0.220983001367591
233_chr17,0,-0.0137454539299615,-2.15612723003136,-2.15539217851061,-0.410334885913618,-0.410580636656263,-1.25283225441545,-1.2529411033302,-0.953823006334961,-0.957260093124232,-0.952187201105273,-0.948388909404566,-0.946619153640268,-0.949886003833438,-0.951713176119327,-0.841700013218192,-0.840872303593163,-0.636690446487727
234_chr17,0,-0.111871608019612,-1.62536998210776,-1.62380636036752,0.0454582948600497,0.0445454612659626,-0.941649396553757,-0.941547404806353,-0.10422595052814,-0.105716103014516,-0.103182401370209,-0.101004335572686,-0.10050093072047,-0.102792482989488,-0.103631135804537,-0.0350647458777362,-0.0346594904581625,0.192829035137594
235_chr17,0,-0.157362306374647,-1.69604300326651,-1.69417704869146,0.0675891326242364,0.066334579800867,-1.06849779243165,-1.06828460082384,-0.00546693718836888,-0.00672532661725356,-0.0043554876803813,-0.00268121676603794,-0.00226892496853237,-0.00437416134528545,-0.00479463350794473,0.0511265854728071,0.0518042632934503,0.313431643717099
236_chr17,0,-0.00156971471168632,-1.92358944152651,-1.9228801478632,-0.288668668169549,-0.288801061104299,-1.03602658786003,-1.0361742749555,-0.781216032872555,-0.784262705859631,-0.779829382519982,-0.776063064794113,-0.774603428728737,-0.777740856944846,-0.779652916758626,-0.670685984103706,-0.670247019784187,-0.490940476491027
237_chr17,0,-0.151113238808606,-1.95274015279343,-1.95098452234959,-0.0945665729590218,-0.0958014893701786,-1.27910812218217,-1.27889888859055,-0.267254255106884,-0.269108722222079,-0.265864079097113,-0.263912566911908,-0.263070599656576,-0.265425020927055,-0.265936659866806,-0.202752828013946,-0.201718704175219,0.0748456165973357
238_chr17,0,0.0588319501683624,-1.7826491450484,-1.78232912011658,-0.289921010282765,-0.289594847274324,-0.827281757617766,-0.827579094731317,-0.868459466331998,-0.87171410885257,-0.867213902351497,-0.862815437336669,-0.861308579288871,-0.86465386200962,-0.867115211859905,-0.742335214924528,-0.742327606039879,-0.611820067078193
239_chr17,0,0.031971385069819,-1.93861637512213,-1.93814733287674,-0.345083982500917,-0.34497130092416,-0.999965005882272,-1.00019183053943,-0.916585574797121,-0.919945321945344,-0.91517639765806,-0.910986197284735,-0.909354255913383,-0.912685404007324,-0.914914293740591,-0.795231389942529,-0.794894030774968,-0.635812677951805
240_chr17,0,-0.00138761240266361,-1.78783292143326,-1.78708985533694,-0.207843157647744,-0.207960297085184,-0.91955725936125,-0.919711146835294,-0.655385142459702,-0.658145813429807,-0.654145246295415,-0.650482702569556,-0.649234837274071,-0.652259310110382,-0.654155895885351,-0.547948215161893,-0.54771063309407,-0.378521349214739
241_chr17,0,0.0288040105574505,-1.83381543548811,-1.83329700986088,-0.27800979363949,-0.277909658810559,-0.914878433782426,-0.915102177177814,-0.80747717851124,-0.810588400902571,-0.806181911495118,-0.802112469937125,-0.800658683533703,-0.803884771078211,-0.806070655801869,-0.689543943639492,-0.689349835193935,-0.535974906509881
242_chr17,0,0.0590476707854988,-1.79334067157786,-1.79302492769485,-0.296611833932389,-0.296285180657934,-0.836118741720232,-0.836416137713979,-0.879201777183829,-0.882480872946763,-0.877944612487075,-0.873535147764237,-0.872010591211819,-0.87536601199124,-0.877830740626779,-0.752762074145164,-0.75273945467643,-0.621581449611067
243_chr17,0,-0.0145852818440262,-1.87809348454837,-1.87728071928464,-0.243086282109404,-0.243309710292905,-1.01606830323482,-1.01618696618642,-0.691728834179002,-0.694570010235418,-0.690393813301952,-0.686822956567901,-0.68549229359681,-0.688521259014193,-0.690305352805018,-0.586319425747332,-0.58589967633958,-0.401666962078366
244_chr17,0,0.020888814194469,-1.75231924724895,-1.75172399722726,-0.218139522818569,-0.218089232288887,-0.856665401127912,-0.856873780748,-0.702902784082586,-0.705775029362455,-0.701697117433696,-0.697788576665353,-0.696497512212843,-0.699612462317556,-0.701713713133456,-0.589332579148534,-0.589229739114449,-0.436824698276694
245_chr17,0,-0.342217755553896,-2.90453551719387,-2.90167891107559,-0.392747477347211,-0.395485066978594,-2.37256945607368,-2.37186525479468,-0.46256943176869,-0.464837336148389,-0.460185890138656,-0.459839389963475,-0.458354688105986,-0.460476053864477,-0.459313829783796,-0.435668466114397,-0.432521665153999,0.0357063566195275
246_chr17,0,0.01831709702697,-1.69871082822098,-1.69808361173384,-0.182483498733264,-0.182446622368293,-0.814529319625085,-0.81473385994776,-0.643647908459072,-0.646385048164948,-0.642500687935221,-0.638665610625237,-0.637469897667001,-0.640525968731102,-0.642596287221238,-0.532124785615076,-0.53209170938643,-0.382000482162486
247_chr17,0,-0.138733327773305,-1.6564979618925,-1.65475307806931,0.0648594901734838,0.0637459622454639,-1.00747549272563,-1.00730828924093,-0.036030114692907,-0.0373609556602159,-0.0349579364477899,-0.0330856358806995,-0.0326526361883781,-0.0348252716600288,-0.0354156515539632,0.0254639839891024,0.0260144246586753,0.272880352839452
248_chr17,0,0.0078939954655598,-1.13562330401509,-1.13477723041765,0.168573196452285,0.168591150293392,-0.347745961504367,-0.347949632250472,-0.0812805909150911,-0.0827377257067608,-0.0807441663210793,-0.0774768790530649,-0.0772091266482513,-0.0797363253737173,-0.081637503353226,0.0139217464162154,0.0131608010933095,0.128397424560816
249_chr17,0,-0.0386663737409179,-1.66333537921482,-1.66229745356175,-0.0807580005136213,-0.0811364756854445,-0.867367006230662,-0.867437516858651,-0.404492703757782,-0.406677103617608,-0.403394400390664,-0.400287152255522,-0.399399588943637,-0.402118282848553,-0.40364908801213,-0.311587324565839,-0.311396186669716,-0.127669455382895
251_chr17,0,0.0709515481130942,-1.824109855124,-1.82388594570974,-0.331826021014288,-0.331414996872895,-0.845092877678884,-0.845417279342178,-0.950944801594834,-0.954388881647368,-0.94965213901672,-0.945072373655769,-0.94344683539004,-0.946892356319533,-0.949472748883577,-0.820073367353059,-0.820049201890777,-0.69419527878688
252_chr17,0,-0.0136202273970363,-2.01152416586148,-2.01075265669229,-0.324145169971863,-0.324375178662862,-1.12887349757263,-1.1289887874116,-0.819543629109586,-0.822675500206418,-0.818064154141187,-0.814377243547689,-0.812833363463379,-0.815979526383506,-0.817789570824095,-0.710736789494881,-0.710123331379529,-0.516674302274002
253_chr17,0,-0.0614453904651953,-1.68650528779013,-1.68531281673503,-0.0623782361468865,-0.0629265714435392,-0.920426048642013,-0.920441396129021,-0.343655257244615,-0.345697724703827,-0.342536165281288,-0.339690729133649,-0.338867923131122,-0.341483066030612,-0.342802924722911,-0.257326538948896,-0.257017053345162,-0.0570958187420834
254_chr17,0,-0.0637657401544347,-1.98406802787371,-1.98293604301193,-0.236821166360904,-0.237417061432808,-1.1785158063642,-1.17851299384166,-0.612510290971364,-0.615163532499631,-0.611069890279635,-0.608020600867986,-0.606742139283843,-0.609594493743656,-0.61093023098966,-0.520001829255884,-0.519243844431019,-0.295924845025376
255_chr17,0,-0.146191730793711,-1.98286047084003,-1.98114730110701,-0.119517418581968,-0.120719236277758,-1.29771157319822,-1.29751276560178,-0.313127028627625,-0.315086557468044,-0.311703363398034,-0.309667855615189,-0.308756893693895,-0.311163168643696,-0.311724829739231,-0.246389640108367,-0.245329153171692,0.0303240930669415
256_chr17,0,0.0182776342377601,-1.80355236331638,-1.80295194144635,-0.245046214774365,-0.245020374455471,-0.904328244099599,-0.904528236646525,-0.741190200630039,-0.744149061229442,-0.739929626394572,-0.736013163721453,-0.734653456477067,-0.73779730657589,-0.739880525219872,-0.627246736276228,-0.627058510804622,-0.469218309286283
257_chr17,0,-0.0210441953268098,-1.65713938682975,-1.65622404836151,-0.101981966488941,-0.102230237538502,-0.836359094518432,-0.836471781896099,-0.462485433049063,-0.464804474733108,-0.46139053037587,-0.458071581882959,-0.457115555810465,-0.459924201925427,-0.461619682931695,-0.36422011186463,-0.364103189281444,-0.192040693863905
258_chr17,0,-0.0882585691857295,-2.5182394607061,-2.51707280628921,-0.521222445508795,-0.522053177576768,-1.67147739947156,-1.67139363903709,-1.02159215787895,-1.02517138508917,-1.01957876321543,-1.01641330611136,-1.01440703624303,-1.01757546266292,-1.01874884371685,-0.924338703908814,-0.922700551498082,-0.644450601543415
259_chr17,0,0.00479995911980236,-1.79277896521921,-1.79208078141542,-0.219548913544656,-0.219621065116713,-0.914765525859444,-0.914933920064129,-0.682383274958429,-0.685206305304377,-0.681136872542443,-0.677394434489509,-0.676111378684051,-0.679173412979084,-0.68112872185306,-0.572899098310855,-0.572677046049231,-0.407058694185502
260_chr17,0,0.0277131107978905,-1.72663752470516,-1.72608373525059,-0.212452860626248,-0.212349761399036,-0.824728424296023,-0.824954126207308,-0.703667778278887,-0.706542853119671,-0.702488602805913,-0.6985162608077,-0.697235141012608,-0.700365385146077,-0.702527460654951,-0.588562128129119,-0.588522450258009,-0.442349706702468
261_chr17,0,-0.100310893988263,-1.62430136082793,-1.62281893389207,0.0297451880800159,0.0289174654699056,-0.923871829837566,-0.923797380106755,-0.145062672594907,-0.146647500203421,-0.144018114781807,-0.141698827083586,-0.141145816854739,-0.14349889528535,-0.144445959980852,-0.0723156537112586,-0.0719546562439102,0.148102488614555
262_chr17,0,0.111663420115126,-2.00231831267461,-2.00242732616827,-0.495846766540087,-0.495154669512262,-0.938250487873519,-0.938664150110243,-1.26430456494287,-1.26846746168653,-1.26281159136824,-1.2575924022406,-1.25550722920252,-1.25932214529397,-1.26230735166084,-1.11658309425802,-1.11644574924067,-1.00335575802011
263_chr17,0,-0.0688776203917137,-1.94239482767633,-1.94121605726665,-0.204700889148974,-0.205330098539381,-1.15030110136477,-1.15028790084923,-0.555184369884399,-0.55770648466538,-0.553789985734173,-0.550836052779436,-0.54964552071059,-0.552435297378777,-0.553717762658627,-0.46523939075378,-0.464524146664291,-0.241024118204773
264_chr17,0,0.105730672396203,-2.00936015317941,-2.00942917574978,-0.491661414931118,-0.491013660864217,-0.952931813473216,-0.95333106579227,-1.24939810685511,-1.25352617100566,-1.24789862979445,-1.24274684247172,-1.2406769580514,-1.24446574989969,-1.24739614319579,-1.10336614155267,-1.10319648389262,-0.985814459163624
265_chr17,0,-0.141080049252279,-2.00020167210411,-1.99852900338502,-0.137104681639623,-0.138270692532866,-1.30509907118013,-1.30491168478471,-0.34778112564377,-0.349820244989486,-0.34633775315968,-0.344225892108364,-0.34326510255853,-0.345713532701364,-0.34632538398997,-0.279044898530006,-0.277977643905849,-0.00429788511313722
266_chr17,0,-0.0271069060485603,-1.97578430549676,-1.97490852397595,-0.283723456236117,-0.284048964042309,-1.11795333284432,-1.11803806356069,-0.737441864009253,-0.740384951002915,-0.736003557816238,-0.732510278673463,-0.731082184463417,-0.734125528941997,-0.735804418858726,-0.633676427617204,-0.633066021281305,-0.433672442439531
268_chr17,0,0.0305832463128781,-2.03432974986409,-2.03387564071614,-0.400287183117673,-0.400194518274604,-1.08391771095998,-1.08413716786426,-1.00074261284234,-1.0042934388011,-0.999230204384693,-0.99498231912224,-0.993206659261991,-0.996610642957514,-0.998838614277217,-0.877601104335557,-0.877117112673492,-0.710101512042956
269_chr17,0,-0.097007287703073,-1.62694210304461,-1.62548363921336,0.0234953679989831,0.0226916648598876,-0.921313475424038,-0.921246770981722,-0.159477245402243,-0.161095367304847,-0.158429213836326,-0.156067269758278,-0.155495470964401,-0.157868603833277,-0.158847021378321,-0.0856371796269859,-0.0852844736784002,0.132866114882834
271_chr17,0,-0.108612247102741,-2.33294788847719,-2.33158995052976,-0.381765609591896,-0.382727002633242,-1.54256167909222,-1.54243738000668,-0.775298818459664,-0.778314933828656,-0.773489582527713,-0.770718921817413,-0.769093077215703,-0.771996089478849,-0.772954909585395,-0.688701538347012,-0.687262192771669,-0.409718018048854
272_chr17,0,-0.0684456330625419,-2.0986959641839,-2.09756059896061,-0.29866561139942,-0.299307664875287,-1.28346030294303,-1.28344148984879,-0.702379589304987,-0.705236368335528,-0.700816121912134,-0.697734825915544,-0.696297628803884,-0.699220919505712,-0.7005272252096,-0.608672995675958,-0.607728262030925,-0.372987976181696
273_chr17,0,-0.00135195060771676,-1.7240926449505,-1.72333337082873,-0.169823546881013,-0.169933890955186,-0.864945383812743,-0.865102063943776,-0.596124797302055,-0.598750766962553,-0.594953814358892,-0.591340606917002,-0.590192393103298,-0.593163562125252,-0.595052414592541,-0.490155715040244,-0.490012501795262,-0.325541766661721
274_chr17,0,-0.0437731595571028,-1.72174135967578,-1.72068252733621,-0.108419056994983,-0.108841066794761,-0.924809793499669,-0.924865676652198,-0.440433027169161,-0.442698308244876,-0.439272527640764,-0.436182421987685,-0.435226053545449,-0.437966192302584,-0.43945644120379,-0.347767375264004,-0.34747103427951,-0.156193489914768
275_chr17,0,-0.174736930701454,-1.6711147048307,-1.66911987056161,0.107052514691571,0.105672768046482,-1.07250310828973,-1.07224965096128,0.0806297760623642,0.0795698731603092,0.0817110191128521,0.0831523267616237,0.0834485169259618,0.0814580182769751,0.0812038372600288,0.131218486813452,0.131923450181664,0.402764635374937
276_chr17,0,-0.152145645082347,-2.11582850749494,-2.11410771498242,-0.190513861956093,-0.191773085238044,-1.42021300404545,-1.41999438654623,-0.415474496885282,-0.417665724236882,-0.41390817300418,-0.411841991926234,-0.410749227119827,-0.413234951731028,-0.413757540562928,-0.347511324937182,-0.346232270921628,-0.0569963061488741
277_chr17,0,-0.0254376704106725,-1.75779755729746,-1.75687724956885,-0.155887818939765,-0.156178710621678,-0.92892809117773,-0.929026052683691,-0.54037493873587,-0.542870331960633,-0.539172020713171,-0.535828455100891,-0.53473429805132,-0.537603702305086,-0.539270672763661,-0.441146176672203,-0.440864216300856,-0.258591776438652
278_chr17,0,-0.0552834895502402,-1.8925259472778,-1.89143010012895,-0.194143189931414,-0.194667335555112,-1.08778589312172,-1.08780714415976,-0.55790983263527,-0.560440315313727,-0.556566825016966,-0.553484791729415,-0.552312050238835,-0.555133375258865,-0.55653716774028,-0.464876293818626,-0.464284963351792,-0.253104783776613
279_chr17,0,-0.0550183131068804,-1.58041119920367,-1.57923662493521,-0.0081019888888445,-0.00859219410038148,-0.820237778548361,-0.820272919665828,-0.26805946940569,-0.269931124263423,-0.267053889758723,-0.264212327003435,-0.263527143729335,-0.266087946801049,-0.26745472209595,-0.182185194112006,-0.182056290396382,0.00596114735763242
282_chr17,0,-0.0391496509378717,-1.70432741777148,-1.70329667153848,-0.104557705669034,-0.10494393573186,-0.903159946480169,-0.903227566217543,-0.440937903227816,-0.443205070861535,-0.439795367221434,-0.436662047030808,-0.435712438705049,-0.43846292719156,-0.439994383424984,-0.347232310485615,-0.346978783590833,-0.159924724712603
283_chr17,0,-0.127397569537827,-1.88328245423778,-1.88167601730989,-0.0866248970423065,-0.0876783221481894,-1.18506181843406,-1.18491194218215,-0.288352773862361,-0.290258990957683,-0.287033260309511,-0.28484457260967,-0.284006174581374,-0.286430355659455,-0.28715587655484,-0.218056181256161,-0.217212297357826,0.0391516961391112
284_chr17,0,-0.0935695566864209,-2.3774276373407,-2.37618719414137,-0.429608189974184,-0.43046353895638,-1.5586932864223,-1.55860287606971,-0.871174312924627,-0.874410770673345,-0.869314166835276,-0.866323929687674,-0.86456171174303,-0.86758327953638,-0.868688970327712,-0.778846866374372,-0.777397291723838,-0.506143411249013
285_chr17,0,-0.16190240397433,-2.27435880860219,-2.27261019469482,-0.271399131038132,-0.272746340793071,-1.57014196460225,-1.56989340636655,-0.527878779560987,-0.530323958211714,-0.526142869415552,-0.524072782391423,-0.522775055145317,-0.52534114971209,-0.525792195820487,-0.459284389814374,-0.457734937296245,-0.150614411141699
286_chr17,0,-0.0720398473052077,-2.2088702927128,-2.20773804809725,-0.359385630666947,-0.360065403492664,-1.38300902987531,-1.38297698764519,-0.792027805696016,-0.795087793186188,-0.790345883881764,-0.787222718439781,-0.785628943981762,-0.78862529528401,-0.789911799490027,-0.696887342304093,-0.695766452239864,-0.450623481042292
288_chr17,0,-0.0744400216568607,-1.90122901112885,-1.90000041127537,-0.172246443617918,-0.172912331838563,-1.12317784784842,-1.1231531662418,-0.496700989993701,-0.499089274962645,-0.495352158106175,-0.492498721332015,-0.491397322607583,-0.494122514698614,-0.495347542153907,-0.409448425950515,-0.40877350928883,-0.184768538951217
289_chr17,0,-0.0315626110675747,-1.71039212850137,-1.70941641577249,-0.11891100023369,-0.119242067341696,-0.897284447022258,-0.897369854536849,-0.474042313730012,-0.476385944814551,-0.472891799926384,-0.469660515382098,-0.468667757364856,-0.47146430273877,-0.473067763714581,-0.377826436882856,-0.377591952234033,-0.194916477664383
291_chr17,0,-0.0648228875344045,-2.3361216212928,-2.33507309558094,-0.445596420179989,-0.446236172311972,-1.48140562921465,-1.48138534625053,-0.936707543944613,-0.940097561983785,-0.934886679205479,-0.931575462823885,-0.929750416426354,-0.932892536667271,-0.934262910436365,-0.836360453043962,-0.835078069981229,-0.585150261649031
294_chr17,0,-0.0431676059084338,-1.92622665956372,-1.92522489793049,-0.23140814602874,-0.231846662456626,-1.09896009429518,-1.09900873071165,-0.633151424686186,-0.635854878266932,-0.63176970975119,-0.628512481505185,-0.62723322750194,-0.630148257811247,-0.631670075882941,-0.535551920397684,-0.534955492453942,-0.328998260263
295_chr17,0,-0.0126628836947557,-1.91472210167985,-1.91393234238417,-0.267682417300768,-0.267895465140446,-1.04461727796589,-1.04473895718189,-0.732813384927676,-0.735748259111072,-0.731438399078581,-0.727815317074159,-0.726418771071228,-0.729488858553199,-0.731295638733745,-0.625953674821576,-0.625486868437716,-0.439778305849538
296_chr17,0,0.000875301407768481,-1.96143241795464,-1.96075012683468,-0.314729287475244,-0.314847581926184,-1.06485271085117,-1.06500460564466,-0.825323142303458,-0.828470467635917,-0.823895116107329,-0.820069202969417,-0.818539464205945,-0.821721855601773,-0.823661662539937,-0.713151392177066,-0.712665504824674,-0.532126035842541
297_chr17,0,-0.192472717008843,-1.81902516236159,-1.8169435345262,0.043795600239713,0.0422702889193936,-1.2249802711485,-1.22467834649503,0.00699251037746418,0.00576805416479687,0.00823036322766901,0.00956923870025062,0.0100183701184,0.00799949803365418,0.00789312155754773,0.0554740363967436,0.0564631530301261,0.349481203999587
298_chr17,0,-0.114301196433744,-1.86936592638065,-1.86784818871268,-0.0968363768399993,-0.0977920829897554,-1.15404684482183,-1.15392870888931,-0.322775359514309,-0.3247619169282,-0.32146844178247,-0.319129695096921,-0.318254998409543,-0.320738214490184,-0.321584939778875,-0.248711453387493,-0.247936491608439,-0.000927093011137359
299_chr17,0,0.0560032981032463,-1.70868509200291,-1.70832603359579,-0.241743803834882,-0.241430857752521,-0.768096608315846,-0.768390359779593,-0.789308707290926,-0.792382977064605,-0.788143647292675,-0.783837698536758,-0.782459206136506,-0.785727138260094,-0.788152566757596,-0.665784100425759,-0.665875401736535,-0.539017903298428
300_chr17,0,-0.0932626585959433,-1.59941145913044,-1.59797227537283,0.0346421839082114,0.0338688353719629,-0.892285984193837,-0.892229355743772,-0.14737575987352,-0.148966971862599,-0.146356795150723,-0.143970336165896,-0.143425037394532,-0.145795283594887,-0.146805375841885,-0.073004983007809,-0.0727068037337602,0.141033952964309
301_chr17,0,0.0108922647546328,-1.75484758169694,-1.75418253679775,-0.205510595576229,-0.205534064949425,-0.87341089608699,-0.873595391970948,-0.669086059275618,-0.671879836840188,-0.66787953014585,-0.664091851166555,-0.662841168344738,-0.665904263243268,-0.667911973375539,-0.558579282963772,-0.558435801195437,-0.39948665375773
302_chr17,0,-0.107628837790892,-1.89908461708278,-1.89762157502281,-0.124023729101208,-0.124933422043448,-1.16975266299948,-1.16964913444077,-0.374609366953485,-0.376714816618235,-0.373269066514528,-0.370825123660981,-0.369874295134034,-0.372418481677717,-0.373331617566707,-0.297771997716636,-0.29697773014544,-0.05202254167753
304_chr17,0,-0.0238623994152215,-2.33763802587251,-2.33687854878865,-0.504436233036139,-0.504774973984841,-1.42295724340549,-1.42303431863121,-1.08633580929781,-1.09007249928723,-1.08450563730855,-1.08068992021899,-1.07868081494766,-1.08204537746487,-1.08380053395927,-0.973160868230101,-0.972027454779364,-0.748038939524514
305_chr17,0,-0.0895961798249029,-1.79516530966623,-1.7938025129094,-0.0874612291333634,-0.0882276835573796,-1.05449764220506,-1.05444141821909,-0.343034659635456,-0.345071217480978,-0.341803347493185,-0.339218972059123,-0.338350883092742,-0.340905220375956,-0.341974516559219,-0.262976649022405,-0.262402591696288,-0.0365721684658493
307_chr17,0,-0.142729710449458,-1.61108213864798,-1.6092973639802,0.0976373689162093,0.0964991120971398,-0.974430105853406,-0.974255326530072,0.0207465356145811,0.0195453945527904,0.0217688593807415,0.0235565879663797,0.0239007455441702,0.0217878057760146,0.0212406978297239,0.0799386996853908,0.0804367482972652,0.326498519119024
308_chr17,0,-0.0209915086988396,-1.87297265832251,-1.87211342472356,-0.230966870235067,-0.231236876057357,-1.0210293661864,-1.02113300977103,-0.663776646343243,-0.666553259378978,-0.66244836163469,-0.658960222519625,-0.657665993614664,-0.660656070232993,-0.662379365778094,-0.560486832604798,-0.56005100460124,-0.372121169346435
309_chr17,0,-0.0357665605979394,-1.83819408965059,-1.83722175249624,-0.189297043136753,-0.189672119512919,-1.01281130550532,-1.01288128479373,-0.577908581814608,-0.580487643523665,-0.576620667651612,-0.573341240663126,-0.57216700707354,-0.575048115370761,-0.576628281133129,-0.480040247303009,-0.479601293636121,-0.284836678693682
310_chr17,0,0.00504511128160101,-1.82586359539615,-1.82517568251358,-0.239656057193641,-0.239729797315907,-0.942727437891159,-0.942895009665809,-0.714096641869681,-0.716991800289514,-0.712814420430698,-0.709043134346771,-0.707707184563233,-0.710798310071505,-0.712760108557723,-0.603768228389594,-0.60349816698397,-0.435598324928841
311_chr17,0,0.0573398717726732,-1.84566306047676,-1.84534879233589,-0.325446847227392,-0.325138113600093,-0.883396268462116,-0.883687379757258,-0.921772993675253,-0.925148586804483,-0.920459574494441,-0.916030236644248,-0.914431324591698,-0.91782143745843,-0.920276753925616,-0.79465261512603,-0.794546334739231,-0.658447473533582
312_chr17,0,-0.154199038396796,-1.93733913249626,-1.93555777885224,-0.0810035061584784,-0.0822595327083691,-1.27042634225469,-1.27021042350431,-0.241738549095623,-0.243534522305261,-0.240365603261622,-0.238464035521955,-0.237659871800212,-0.239984705164821,-0.240465421133334,-0.17855822429242,-0.177535478505045,0.0998567987456194
313_chr17,0,0.0140655752651049,-1.80018544819757,-1.79955447365233,-0.237077768029422,-0.237082552252218,-0.907590115743033,-0.90778023313866,-0.722811790647494,-0.725728201415393,-0.721555645405818,-0.717693569112879,-0.716357817066869,-0.719476097993899,-0.721519342125235,-0.610261948163205,-0.610063151103164,-0.449792112836927
314_chr17,0,-0.113844826169358,-1.69794009331538,-1.6963813053244,0.00490536387157614,0.00397058378531168,-1.00664554541484,-1.00653577751087,-0.164702368662701,-0.16632967711182,-0.163580721626603,-0.16137023277977,-0.160761944204866,-0.163103749054619,-0.163933060524301,-0.0944735700991512,-0.0939537385689562,0.140136138954714
315_chr17,0,-0.0264743349609066,-1.77866605932956,-1.77774383478264,-0.166885666778114,-0.167186319601706,-0.948303048266498,-0.948397657571063,-0.556067797306532,-0.558598696907829,-0.554842509038306,-0.551495385692126,-0.550373149289676,-0.553254470645048,-0.554914349040556,-0.456678585922562,-0.456361945399697,-0.271892761022749
316_chr17,0,-0.154479478264562,-1.76626886670207,-1.76444136209764,0.0215680024912064,0.0203274480807898,-1.1244041350329,-1.1241948167372,-0.0813307099631531,-0.082762009019989,-0.0801427882913148,-0.0783782545458576,-0.0778432103561504,-0.0800229524449203,-0.0804793814617604,-0.0222073608712572,-0.0214364996014376,0.24353106563987
317_chr17,0,0.0386598649162072,-1.7665245610256,-1.7660582154528,-0.251759107016505,-0.251579608826809,-0.84290327509891,-0.843153318858976,-0.780442927301146,-0.783494272188519,-0.779218574334282,-0.775080572599927,-0.773688439038899,-0.776911267749251,-0.779181174582654,-0.660992907983916,-0.660934670419908,-0.518785545613626
318_chr17,0,0.033501239827719,-1.8935634009576,-1.89309350610561,-0.320339078021478,-0.320210530242415,-0.959169446386452,-0.959401823688246,-0.880143674693508,-0.883420828826199,-0.878782925211748,-0.874609107866267,-0.873040928249083,-0.87634252455473,-0.878580075833794,-0.759357066208629,-0.759091963544935,-0.604302742065376
319_chr17,0,0.00148688659035645,-1.70567355640198,-1.70492953188303,-0.162837631524426,-0.162925214835569,-0.845038343414506,-0.845202558073654,-0.589235310948934,-0.591846073536299,-0.588083712436515,-0.58445000515584,-0.583318041487866,-0.586289080150426,-0.588202255884143,-0.482806994105253,-0.482701492642799,-0.32139323698352
320_chr17,0,-0.00792905266648714,-1.70845660634048,-1.70764694439835,-0.15118204712988,-0.151339147449482,-0.861154969468676,-0.861296670525016,-0.557756850573653,-0.560294553436096,-0.556604005478711,-0.553083826626954,-0.551989270380757,-0.554911802669676,-0.556736921491116,-0.454204717578088,-0.454060341202048,-0.286558483614292
321_chr17,0,0.0832585672428213,-1.80217459492066,-1.80203175138693,-0.336131711172891,-0.335627949997429,-0.808365476982222,-0.808720082177942,-0.97503973645534,-0.978540554489064,-0.973768487807071,-0.969054624719384,-0.967408845431054,-0.970902409164093,-0.973595579632153,-0.840833578319019,-0.840887276302163,-0.724476671594461
322_chr17,0,-0.0272047921824093,-1.86800606164517,-1.86710175924889,-0.219212472000978,-0.219527652632145,-1.02584101135549,-1.02593008792791,-0.636666325253215,-0.639380319783683,-0.635344573832571,-0.6319366610391,-0.630677768875476,-0.63363012795143,-0.635294456378359,-0.535432268046304,-0.534980845703672,-0.343465239709421
323_chr17,0,-0.0367032433811434,-1.73805584983863,-1.73705105347594,-0.128162805843534,-0.128534505465411,-0.928462107296655,-0.928534112837046,-0.481216360585077,-0.483575477727742,-0.480036897372421,-0.476847177700884,-0.475833903390418,-0.478625909287027,-0.480184604896696,-0.385964102798158,-0.385669741178571,-0.197686767899835
324_chr17,0,0.0351417707240346,-1.97676992911506,-1.97633308144149,-0.372356055510317,-0.372223973921537,-1.02799892531228,-1.02823166973098,-0.963606808770332,-0.967073948399129,-0.962155784186263,-0.957896832636349,-0.956191084789976,-0.959571373420699,-0.961834860311283,-0.840377170767104,-0.839995107197759,-0.680119285330702
325_chr17,0,-0.110432027855729,-1.6265207124869,-1.62496753291411,0.0427348719579841,0.0418325050935962,-0.94053456750091,-0.940435950842035,-0.110507247781181,-0.112011908596094,-0.109462184899998,-0.107265531149504,-0.106753938988272,-0.109054230183491,-0.109906545322795,-0.0408697367893081,-0.0404680944836793,0.186189629742336
326_chr17,0,0.0453186918968486,-1.70014433737234,-1.69970777689197,-0.221530479164192,-0.221295217456701,-0.776370902249566,-0.776639603707235,-0.742688734817123,-0.745655323350797,-0.741534909717253,-0.737366921293563,-0.736049195341005,-0.739252266897966,-0.741576293224063,-0.622699287590778,-0.622763772263863,-0.489740041687995
327_chr17,0,0.0588508544326023,-1.71096129006169,-1.7106228867461,-0.247130860642729,-0.246797210883595,-0.765891424745505,-0.766191852290895,-0.801733404572955,-0.804836372493351,-0.800565350359907,-0.796222633770938,-0.794827946493739,-0.798113164618649,-0.800565617827163,-0.677266641674111,-0.677365089891841,-0.552150955094187
328_chr17,0,0.085850120708406,-1.8467556058175,-1.84664253743604,-0.366424006265677,-0.365905759799054,-0.842745420785789,-0.843104295964193,-1.02595518927755,-1.02957215938718,-1.0246352517784,-1.01985473094859,-1.01812764802348,-1.02167262132033,-1.02439576768772,-0.889905219220054,-0.889902573248911,-0.771855837252887
329_chr17,0,-0.157786675709873,-1.87132525232282,-1.86950156941151,-0.0365011851454601,-0.0377768240110591,-1.21915339623281,-1.21893174887955,-0.167248901647627,-0.168874976168505,-0.165948005659941,-0.164142072226447,-0.163457191686085,-0.165707248724488,-0.166145923312125,-0.106720795522438,-0.105782404048954,0.169028254269109
330_chr17,0,-0.0196553816798541,-1.98174069172452,-1.98091896072989,-0.297820380207542,-0.298091710349043,-1.11218277830165,-1.11228497907982,-0.769954981876801,-0.7729731665735,-0.768508840381535,-0.764919346670096,-0.763448873484443,-0.766537452207827,-0.768287060758138,-0.663724098683337,-0.663132394471352,-0.468039192091755
331_chr17,0,-0.139820386262339,-1.82495126290473,-1.82324221723135,-0.034214811956101,-0.035353598479765,-1.15325233316905,-1.15307538787345,-0.189051334567374,-0.19072984032799,-0.187797217772533,-0.185806730409134,-0.185114774715714,-0.187422921157551,-0.188024416883716,-0.123988075560295,-0.12318457112215,0.13678300587911
332_chr17,0,-0.268044928247958,-2.48480417546865,-2.48236189546403,-0.246964545800814,-0.249113750354602,-1.90510035173143,-1.90459039823819,-0.339882899143742,-0.341883773872138,-0.337939311965227,-0.337009153103325,-0.335852699380271,-0.338022292539036,-0.337503371281195,-0.299555623894777,-0.297303196798578,0.0928282466245103
333_chr17,0,-0.00597921951843494,-1.7841626139855,-1.78338624211598,-0.199156675095326,-0.199307198648338,-0.923113057878307,-0.923256180352319,-0.635350656095609,-0.638065052084841,-0.634115588021226,-0.630512331425927,-0.629290579928952,-0.63228717955838,-0.634140188722028,-0.529432929771561,-0.5291838235107,-0.35734466046743
334_chr17,0,0.0775460704110786,-1.77678126324606,-1.77659160536598,-0.312885378133264,-0.312421016007278,-0.794961955079323,-0.795304052136343,-0.930709096832856,-0.934108232214637,-0.929466374366358,-0.924842535150424,-0.923261857142197,-0.926703263483013,-0.929339583289667,-0.798876257989067,-0.79894641038114,-0.680773413466259
335_chr17,0,0.0652650581572483,-1.75665472534886,-1.7563733234506,-0.28349429063579,-0.283118163137869,-0.795647722187522,-0.79596146445251,-0.867517593462782,-0.87077112308029,-0.866298931994305,-0.861841716802512,-0.860347028214997,-0.863705230266294,-0.866223692237076,-0.739987327365586,-0.740041898823603,-0.615540896853084
336_chr17,0,0.0778253112117036,-1.94043608560305,-1.94029065537943,-0.411026181086917,-0.410576539859608,-0.934638503298378,-0.934974312074302,-1.0842033293159,-1.08795142306912,-1.08278360094401,-1.07802853315377,-1.07619035263121,-1.07977062008955,-1.08243027695389,-0.948485951784297,-0.948315178636565,-0.81826301696105
337_chr17,0,0.00259955472885054,-1.7168726631074,-1.71613937168242,-0.171100250524662,-0.171180800687154,-0.853001482983643,-0.853167868307625,-0.603696155914098,-0.606339967834559,-0.602532239954035,-0.598876115036875,-0.597721679553369,-0.600708125423028,-0.602633165910381,-0.496660477788463,-0.496542526518268,-0.33511687202428
338_chr17,0,-0.0112328537721461,-1.72664274788829,-1.72581449949348,-0.157371190225788,-0.15755444613175,-0.881540826320277,-0.881673896849674,-0.562746820681749,-0.565295338444587,-0.561574930071814,-0.558081146375349,-0.556972767144796,-0.559892723672297,-0.56168912405028,-0.45980454362203,-0.459621083383955,-0.288678189348053
339_chr17,0,-0.101296516605849,-1.66516932539126,-1.66369050570409,0.00673010082777248,0.00589094249243716,-0.960291304696397,-0.960212774540775,-0.179574532331048,-0.181237652681107,-0.178485970071915,-0.17614687995491,-0.175534247200893,-0.177916303623362,-0.178859287005991,-0.10618706993054,-0.105762012421864,0.11793281265317
340_chr17,0,-0.126134018859165,-1.68811671027777,-1.68646878115294,0.028154273282107,0.0271301423827834,-1.01616245137837,-1.01602387152329,-0.111081129483944,-0.112584585403365,-0.109972404574164,-0.107920594584889,-0.107382198205388,-0.10964940189663,-0.110362082879468,-0.0449183916765419,-0.0443677162554708,0.196814422175827
341_chr17,0,-0.178313964038089,-1.60360532311688,-1.60156784813284,0.152433053298161,0.151033925587984,-1.01993458829234,-1.0196754911145,0.156474472183843,0.155587546490028,0.157482050345032,0.158826686157433,0.159001298398524,0.157086773973402,0.156874724071606,0.204379575535443,0.204997934410948,0.473140580056159
342_chr17,0,-0.0175601600955134,-1.71113659045845,-1.71025974814421,-0.139160573030727,-0.139388761843161,-0.877497225860139,-0.87761590592469,-0.525403774404809,-0.527866395031923,-0.524249834446948,-0.520845908463123,-0.519789875427544,-0.522662653022517,-0.524397681604778,-0.424797417440682,-0.424613524204967,-0.25078881005633
343_chr17,0,-0.0374688334401406,-1.73744387437456,-1.73643352471252,-0.126714449195827,-0.127091715179627,-0.929054989903511,-0.929125200521819,-0.477875873646466,-0.480227275045069,-0.476697215454263,-0.473517381131501,-0.472508460953268,-0.475295819359453,-0.476847249142672,-0.382876922628573,-0.382580639501461,-0.194155833745706
344_chr17,0,-0.0970775091817456,-1.72222931514722,-1.72079496200387,-0.0333173484200158,-0.0341313344771592,-1.00297903771074,-1.00290811822471,-0.248006089167232,-0.249825438225489,-0.246855040367684,-0.244419549812041,-0.243698854094428,-0.246151581096663,-0.247141400620945,-0.171976979883127,-0.171483136784295,0.0537321035069804
345_chr17,0,-0.0914825712913391,-1.65204660964609,-1.65063356225173,0.000687135820413909,-7.85193423618047e-05,-0.934743674321413,-0.934689043660798,-0.202859292317767,-0.204576910579056,-0.201783082017122,-0.199333647028148,-0.198698032138692,-0.20112206605665,-0.202155534575207,-0.126711255989499,-0.126341829428545,0.0901445176161668
346_chr17,0,-0.119763305363577,-1.68239823158126,-1.68079372154067,0.0225590650390106,0.0215823616534239,-1.00197505369636,-1.0018518692206,-0.12880539465241,-0.130350158425818,-0.127701660343458,-0.125576033481953,-0.125018333616845,-0.12731513706416,-0.128086910823979,-0.0607856609001645,-0.060266958403866,0.176442093386349
347_chr17,0,-0.064863189943054,-1.71554615791837,-1.71433710000418,-0.0748893270114992,-0.0754657686521993,-0.950269525418585,-0.950275510104403,-0.358346513234601,-0.360421829748055,-0.357196660297883,-0.354370543693047,-0.35351742314836,-0.356138484973202,-0.357429928830874,-0.272411389331145,-0.272046350789097,-0.0678118878313394
348_chr17,0,-0.0636226418477424,-1.77097393271872,-1.76978793004886,-0.109749202266312,-0.110322203790684,-0.995904612808479,-0.995911193377649,-0.414479725823581,-0.416682839196322,-0.413269708751667,-0.410385065174908,-0.409439648776336,-0.412113928844461,-0.413424036558143,-0.32687105181374,-0.326428645426821,-0.118899705397035
349_chr17,0,-0.125448096119006,-2.28766077763174,-2.28617249969453,-0.330904591517645,-0.331985130267239,-1.52835455610366,-1.52819213763972,-0.672182534708398,-0.674961561803233,-0.67042541757443,-0.66789699784028,-0.66641674454932,-0.669190841364324,-0.669985852066809,-0.5918941887295,-0.590459646174672,-0.305544202143839
350_chr17,0,-0.0215036001123433,-1.72895190266777,-1.72805187047534,-0.144223532497399,-0.144482541904728,-0.898498662820584,-0.898607206760583,-0.527733696896635,-0.530200983542167,-0.52656123212476,-0.523191850665604,-0.522125412502872,-0.524991849320511,-0.526692106751332,-0.427945570549999,-0.427720780387694,-0.25007553697654
351_chr17,0,0.0207413503734909,-1.77331112170396,-1.77272025310376,-0.230468733885896,-0.230421679194464,-0.874848942547954,-0.875056079647952,-0.72192816316437,-0.724843632210834,-0.720699826417715,-0.71677670520454,-0.715453424073387,-0.718585196138186,-0.720687719489922,-0.607916933591735,-0.607782513618203,-0.453737173866458
352_chr17,0,-0.0743057585303981,-1.86544778510477,-1.86421089181946,-0.151065349847089,-0.151726583432152,-1.09235429844721,-1.09233145624993,-0.463848008709788,-0.466161635738959,-0.462537840545252,-0.459710695361282,-0.458664730227413,-0.461360616572434,-0.462582375532797,-0.377383753422556,-0.376762233368503,-0.155478725992197
353_chr17,0,0.0497911794115819,-1.80719528537001,-1.80681788668218,-0.291794465854207,-0.291537292026324,-0.861479734339764,-0.861754525623945,-0.858616101093983,-0.861846923428197,-0.857345688712787,-0.853039147412666,-0.851533954287699,-0.854851021863134,-0.85723059211397,-0.734745887106016,-0.73466861253237,-0.59660275171045
354_chr17,0,-0.0713166866674207,-1.71038754645743,-1.70913167733034,-0.0626804891721839,-0.0633038521358669,-0.955267194753907,-0.955258049248772,-0.330188073528175,-0.332198350627333,-0.329045006464376,-0.326302217830166,-0.325485800189037,-0.328067686264564,-0.329297883262186,-0.246388184251859,-0.246006948474259,-0.0380480844357307
355_chr17,0,-0.0192495443514972,-1.78444120561575,-1.78357138695447,-0.180553651862889,-0.18080177553087,-0.942708079209423,-0.942819626999617,-0.587591611365114,-0.590195323608878,-0.586358726205926,-0.582918315892171,-0.581754990014621,-0.584680169234628,-0.586408614448752,-0.485811971389959,-0.485513463925854,-0.305213804862591
356_chr17,0,-0.0883493966928829,-1.69677242632937,-1.69539300839622,-0.0304577108015394,-0.0312049131847669,-0.968457540426554,-0.968408461817528,-0.255869520536877,-0.25770813914898,-0.254744363423394,-0.252221502251969,-0.251501954562138,-0.253980444106048,-0.255048992302756,-0.177705154728495,-0.17728116959684,0.0405075039754523
357_chr17,0,-0.256397477245159,-2.76088422917321,-2.75859532198045,-0.428332467341233,-0.430424329939661,-2.12442762560163,-2.12393364649634,-0.639264080770999,-0.641947352008842,-0.637019798552452,-0.635730927843307,-0.634090502275778,-0.636554697166461,-0.63618008324783,-0.588893146381539,-0.586275545413948,-0.183212576319357
358_chr17,0,-0.200592742803916,-1.77637279632237,-1.77422293106828,0.0807553937817787,0.0791747507744893,-1.20031521329361,-1.19999578751054,0.0761157230112208,0.0750496911765475,0.0773059374743368,0.0785117282062746,0.078858053920106,0.0769188241612362,0.0768940880082121,0.121071551023482,0.122027584271353,0.417067718066492
359_chr17,0,-0.117000703360891,-1.85515463371286,-1.85361420234678,-0.0845302652590052,-0.0855043632300583,-1.14581997796167,-1.14569602510704,-0.299765969255959,-0.301699791703914,-0.298474922981137,-0.296180444979898,-0.295339975414721,-0.297796687931696,-0.298616267865181,-0.2268749140087,-0.226110997376524,0.0215683237583995
360_chr17,0,-0.19108434693542,-1.62538765914696,-1.62326581337297,0.157485457392165,0.155990201387743,-1.05720696867991,-1.05691657237712,0.182388572692062,0.18156259424836,0.183417312692467,0.184622037613378,0.184774114074268,0.182910262771313,0.182815360797184,0.226810687337613,0.227508394141107,0.50537779289624
361_chr17,0,-0.181760253105348,-2.59219745469615,-2.59039097233514,-0.433147351317079,-0.434673145499845,-1.8711681226912,-1.87085883095337,-0.752166318119442,-0.755118159972834,-0.75009045863386,-0.748016183240244,-0.746308840107243,-0.749034468341246,-0.749339294451986,-0.682398980213149,-0.680306309237676,-0.337140344437548
362_chr17,0,-0.155447533359273,-1.83647554550565,-1.83465934794534,-0.0189950178587696,-0.02024988594304,-1.18591108758763,-1.18569648427297,-0.143242201453941,-0.144814079234704,-0.141978549229993,-0.140171086730541,-0.13953040116929,-0.141763839703056,-0.142220066003852,-0.0827921681058377,-0.0819139356597733,0.18884157582182
363_chr17,0,-0.174213414378147,-1.67153317832201,-1.66954214144139,0.106062117365829,0.104686177041491,-1.07209769063985,-1.07184546069281,0.0783455256079528,0.077280346621242,0.079427319137567,0.080875386463251,0.081174554016429,0.0791808773780329,0.0789217279335257,0.12910744946027,0.129811098886976,0.400350155661563
364_chr17,0,0.150175096239377,-1.85566441418483,-1.856006957724,-0.462725569693671,-0.461735279710022,-0.756544472141609,-0.757055962806545,-1.26701556407114,-1.27119077802362,-1.26567395247371,-1.26009605879908,-1.25806970584424,-1.26196948426629,-1.26529772552799,-1.11066908481216,-1.11089073248658,-1.0330985703939
365_chr17,0,0.113709796868367,-1.8370349170597,-1.83711567146756,-0.400022598948844,-0.39929851473386,-0.793787701201314,-0.794213252277631,-1.11770816329818,-1.12153815306733,-1.11639352119702,-1.11127825553693,-1.10944281965389,-1.11313006515405,-1.11611356426848,-0.973182689182175,-0.973297262830558,-0.873685517127444
366_chr17,0,0.0747980785750658,-1.84873205804455,-1.84854161399984,-0.351972578727534,-0.351535796226881,-0.860558098464163,-0.860890602911558,-0.987804957253876,-0.991333440300215,-0.986484951586278,-0.981838693249404,-0.980157537880668,-0.983644493562874,-0.986264119040568,-0.855160869804574,-0.855114501529077,-0.729893020212567
367_chr17,0,-0.0195102925333915,-1.80623519966615,-1.80536917121541,-0.193201715297997,-0.193453989954731,-0.961743452604436,-0.961853454357045,-0.606954438607888,-0.60960212358036,-0.605698037256352,-0.602243812148077,-0.601047516052538,-0.603989578752653,-0.605718334371545,-0.504750542850297,-0.50441885134294,-0.322347750447308
368_chr17,0,-0.25119980391216,-1.62103387086304,-1.61848725473932,0.245112549713298,0.243175734278214,-1.14116673517333,-1.14073354201954,0.403972724667388,0.403660045159725,0.404985503739717,0.405448138765431,0.405326749557225,0.403791150764065,0.404261242635848,0.429518726484592,0.430431921284032,0.746214202867854
369_chr17,0,-0.104028390484733,-2.32062048068937,-2.31929166288359,-0.38088620075911,-0.381812626961311,-1.52532359792719,-1.5252107250281,-0.780399542957766,-0.783427985550673,-0.778602778097806,-0.775785418036744,-0.774158544526787,-0.777075961475998,-0.778076260455532,-0.692656681786664,-0.691252483704827,-0.417531840992599
371_chr17,0,-0.171775596807397,-2.52418961529907,-2.52243593554811,-0.406650620421423,-0.408096030726234,-1.79839138751627,-1.79810873295088,-0.724930111079261,-0.727821636939436,-0.722925916758257,-0.72078205836332,-0.719136919440248,-0.721859382577716,-0.722249349407395,-0.653622397598306,-0.651667132996176,-0.319861710718404
373_chr17,0,-0.140748820919118,-2.35618447583505,-2.35460606505831,-0.350190433443453,-0.351390495938074,-1.60932705310718,-1.60912533153495,-0.680663214612546,-0.683459074192425,-0.678834869680101,-0.676440953196463,-0.674921267878853,-0.677670258187836,-0.678330279245018,-0.603563574183097,-0.601971237547036,-0.302276209077717
375_chr17,0,-0.103808100946984,-2.28927187158314,-2.28793651120459,-0.362474243741193,-0.363395837116686,-1.49816876103618,-1.49805774384823,-0.751987895933088,-0.754951790105156,-0.750224985875042,-0.747429398913752,-0.745850636466657,-0.748742932413559,-0.749741331700853,-0.664903624784811,-0.663546587461964,-0.392275561459185
376_chr17,0,0.162122972978643,-1.96254220445054,-1.96299654568669,-0.54345925189895,-0.542392068404307,-0.830601224844576,-0.831136592556735,-1.40983125969908,-1.41433302304228,-1.40837184868961,-1.40256368085488,-1.40031697403112,-1.40437096713135,-1.40782491915756,-1.24727333893411,-1.24738107984519,-1.16931391729071
377_chr17,0,0.0643612683422405,-1.82957846219548,-1.82930952184478,-0.325771019970523,-0.325409012117703,-0.859386659343509,-0.859695154014482,-0.932193221222574,-0.935593623100834,-0.930895879321992,-0.926392823955518,-0.92478795435283,-0.928202480245843,-0.930721686828388,-0.803253155086854,-0.803196575563348,-0.672748329441054
378_chr17,0,-0.0858611687886151,-1.77551332361323,-1.77417177361698,-0.0810064825861274,-0.0817434606601823,-1.03222808655964,-1.03218158098584,-0.338239234551011,-0.340265488637712,-0.337028472164153,-0.334413547600815,-0.333559664281258,-0.336117675415984,-0.337219553262683,-0.257470706112948,-0.25693949170861,-0.0349323474661536
379_chr17,0,-0.0753028441516815,-1.88848587468201,-1.88724790374135,-0.163415003731047,-0.164085929824401,-1.1135286293767,-1.11350243694548,-0.4817055757326,-0.484059636147068,-0.480370684022401,-0.477537800543365,-0.476460183185219,-0.479170021247784,-0.480385334387071,-0.395018168420119,-0.394358906686901,-0.170743989477101
380_chr17,0,0.0152522944287131,-2.05995964460642,-2.05940411334422,-0.393911160465677,-0.393933845150517,-1.12821842632464,-1.12840033045672,-0.969148028905419,-0.972624585868477,-0.967610777719137,-0.963531262708555,-0.961783471472221,-0.965126185244661,-0.967213453675066,-0.850199942877376,-0.849621462132707,-0.670967120836376
381_chr17,0,-0.0420553803130631,-1.93926146682486,-1.93827090919092,-0.240766544962382,-0.241198219648367,-1.1084951866722,-1.10854591471605,-0.649321064580604,-0.652061451752323,-0.64792504740876,-0.644643973473993,-0.643339375130246,-0.646271350936364,-0.647805261966707,-0.551071742968842,-0.550460149581783,-0.344249997536525
382_chr17,0,0.122467534519606,-1.91972537051729,-1.91988919527208,-0.46179784872805,-0.461017847741969,-0.851794030939846,-0.852236899001412,-1.22644403525187,-1.2305225964003,-1.2250383437507,-1.2197508916792,-1.21774712659185,-1.22155106123494,-1.22462725630799,-1.07726468021109,-1.07728933014251,-0.977155571916505
383_chr17,0,0.060458426603732,-1.87015830502704,-1.86987233927662,-0.344487935135461,-0.344158782659059,-0.899814666941991,-0.900112154958644,-0.955880680054733,-0.959334303090986,-0.9545401913334,-0.950053404907774,-0.948402303563006,-0.951829813862723,-0.954317511983417,-0.82721795345201,-0.827086970527295,-0.691166909401723
384_chr17,0,0.0856131311499747,-1.89026575261882,-1.89016224953633,-0.392076044623671,-0.391564000287713,-0.88033454617658,-0.880691009272856,-1.06563780267384,-1.06934493900999,-1.06427086369838,-1.05945927808697,-1.05766511465751,-1.06124532580166,-1.06397175444857,-0.928652270857657,-0.928584422182817,-0.807181484533078
385_chr17,0,-0.0157674491595189,-1.83154283456868,-1.83070971777884,-0.213611005847902,-0.213838354770777,-0.977946625182845,-0.978064453985887,-0.644078047565782,-0.64681071782734,-0.642793581403417,-0.639273602160459,-0.638021075571768,-0.641004588431522,-0.642771690174638,-0.540117977597684,-0.539762687120484,-0.358207585590965
386_chr17,0,-0.0059959665606506,-1.82815609946737,-1.8273909698017,-0.22540890520813,-0.225564061074391,-0.960794654036232,-0.960935867731303,-0.676280562345934,-0.679087995029849,-0.674997928951397,-0.671360523829337,-0.670069958069506,-0.673103390423889,-0.674961810972911,-0.569347273701253,-0.569033063198901,-0.393942165007561
387_chr17,0,0.0565686110695697,-1.87816718043589,-1.87785587044167,-0.343769666109822,-0.343469934822706,-0.912343855274786,-0.912631751310752,-0.94926758972084,-0.952705558633179,-0.94791916946824,-0.943473926439128,-0.941827537819696,-0.945240766478914,-0.947692955661262,-0.821633887285904,-0.821476703779048,-0.682492677644245
388_chr17,0,0.0321206296543187,-1.8698222360719,-1.86933648120819,-0.304206509904948,-0.304085679831377,-0.940861492387818,-0.941091594553319,-0.853027340875967,-0.856242635167694,-0.85169252024206,-0.847554207002021,-0.846029327049978,-0.849303542989143,-0.85152512616867,-0.733222793335819,-0.732987694210036,-0.579069456865618
389_chr17,0,0.00855171262553744,-1.86226041389481,-1.86160661133249,-0.266354427845467,-0.266406115832665,-0.968767226026242,-0.968941591866039,-0.760697649697508,-0.76369929909762,-0.759375417365618,-0.755532620562054,-0.754124123823039,-0.757264730887874,-0.759264061000332,-0.648429539136255,-0.648118611773075,-0.479767557048099
390_chr17,0,0.19747947158461,-1.2871687144658,-1.28769782186919,-0.190087919139126,-0.188691549574299,-0.200928575381711,-0.201576728333085,-0.908495886206992,-0.911863694987103,-0.907760111864595,-0.902044884563472,-0.900698904688633,-0.904376976096498,-0.908077413550257,-0.750566396340874,-0.751803170620551,-0.745978914171114
391_chr17,0,0.0255412734690038,-1.95713333249037,-1.95662375745886,-0.347048888539308,-0.346985383006956,-1.02519417626986,-1.02540492056257,-0.910571236749778,-0.913916284844766,-0.909143241628735,-0.905017593729393,-0.903385178420281,-0.906697147627431,-0.908868006888399,-0.790795632336746,-0.790407158984582,-0.625872053792934
392_chr17,0,0.0634477425916192,-1.94046928969382,-1.94022254633662,-0.390710520895954,-0.390366595767095,-0.955638543986319,-0.955940154975372,-1.03220908969456,-1.03583669556132,-1.03079201683702,-1.02621359260186,-1.02443913323751,-1.02794179568056,-1.03046646127781,-0.900981303575275,-0.900757404468776,-0.761558614133895
393_chr17,0,0.196211219412405,-2.00098827413049,-2.00169277005007,-0.614635954108422,-0.613322073524511,-0.813787668122508,-0.814402479859082,-1.56900120364234,-1.57387023021365,-1.56749384121646,-1.56123677957888,-1.55877866895394,-1.56304899166804,-1.56682787530275,-1.39490486295439,-1.39508160473403,-1.33586228736146
394_chr17,0,-0.0605435293375311,-1.80702903743162,-1.80587404424045,-0.135638842074693,-0.1361928995994,-1.02227545369322,-1.02228782608209,-0.459215478416341,-0.46152077446573,-0.457965899957426,-0.455015265424734,-0.453999733323401,-0.456720899890541,-0.458064482151039,-0.369808548314531,-0.369324203042057,-0.16109734069921
395_chr17,0,-0.0455718730108897,-1.78540283955447,-1.78434777030241,-0.143897962080819,-0.14433972220369,-0.981925869539839,-0.981974770046716,-0.493240358648885,-0.495625390674858,-0.492011361134484,-0.488893644853166,-0.487845568508203,-0.490629425202005,-0.492110843595768,-0.399659321389609,-0.399262219520107,-0.202150624665517
396_chr17,0,-0.000257121660876103,-1.84394103613519,-1.84322042536707,-0.242953714359804,-0.243068292622489,-0.965935231758239,-0.966089424446913,-0.711754013069633,-0.714642998993712,-0.71045323774716,-0.706732988143898,-0.705392249833928,-0.708469917649951,-0.71038422003455,-0.602662122358782,-0.602345760301121,-0.429741880561326
397_chr17,0,-0.0352567972576365,-1.79364820951031,-1.79266796189802,-0.16341220258492,-0.163778965071365,-0.97393774465416,-0.974010828804807,-0.538247964768605,-0.540736953845159,-0.537008120918302,-0.533757215706072,-0.532650474540046,-0.535496948577456,-0.537076262116757,-0.441254032474183,-0.440882819780556,-0.249724195993356
398_chr17,0,-0.00632810973625297,-1.80573252692939,-1.80495926625184,-0.211546234744721,-0.211701534393217,-0.942085191262252,-0.94222656757645,-0.65418575631001,-0.65694291134461,-0.652927430833314,-0.649311617504,-0.648057637636164,-0.651070456747095,-0.652922920358636,-0.547876501891018,-0.547594217491846,-0.373944062464589
399_chr17,0,0.0245612923275292,-1.81946145802444,-1.81890942652421,-0.263435758023941,-0.2633653470268,-0.908780414196612,-0.908994676275371,-0.778750738858977,-0.781795984007939,-0.77747178646169,-0.773465687767232,-0.772053196982331,-0.775244328511339,-0.777388560127372,-0.662475637040967,-0.662287087708356,-0.507271260720311
400_chr17,0,-0.0423509422429255,-1.74427791025301,-1.74323492007761,-0.123890995829499,-0.124304858533827,-0.942025942405711,-0.942084250830032,-0.466577528515038,-0.468902466970739,-0.465392394853003,-0.462267214509767,-0.461269248131922,-0.464035980899876,-0.465542436084772,-0.372944772030502,-0.372620362075694,-0.18058704209193
401_chr17,0,0.0225987679767472,-1.78545899398106,-1.78488435187387,-0.24035138687745,-0.240291920428079,-0.88253788104467,-0.882748919855567,-0.739967884388603,-0.742924657073682,-0.738726064916993,-0.734770633806908,-0.733420091795441,-0.736572088690729,-0.738693589574104,-0.625094681009145,-0.624949157870102,-0.471190185102486
402_chr17,0,-0.0847447099558048,-1.76520818338965,-1.7638718402641,-0.0764306567910844,-0.0771583697347178,-1.02177867508255,-1.02173526274063,-0.332677421667675,-0.334691211406426,-0.331477592834451,-0.328856996623391,-0.328014297757676,-0.330569688336907,-0.331680744554339,-0.251799316890406,-0.25128745974769,-0.0307495864454919
403_chr17,0,0.110978663481945,-1.97846319652085,-1.97856122440192,-0.480630347354108,-0.479940840010517,-0.918829998796189,-0.919243045792727,-1.2396000015126,-1.24370663191252,-1.23813294973624,-1.2329408031504,-1.23089602168318,-1.23468721908968,-1.23766297651886,-1.09264590879093,-1.09254130462708,-0.980773257762728
405_chr17,0,0.20516787583865,-2.01942581372039,-2.02019819009141,-0.638316320100524,-0.636938474473343,-0.816505187059249,-0.817140518515218,-1.61858983026393,-1.62357301008741,-1.61706085539318,-1.61067933786618,-1.6081526281049,-1.61248678741748,-1.61635210168491,-1.44126836058917,-1.44145090807301,-1.38656972589064
406_chr17,0,0.0100607938725895,-1.81883301951501,-1.81817863771641,-0.242551048889748,-0.242587190030475,-0.92939341740635,-0.929573217423498,-0.725695198994248,-0.728617524127663,-0.724419640531789,-0.720592212610133,-0.719245024304413,-0.722357331740315,-0.724365334113023,-0.613963433961074,-0.613722283065726,-0.449530388098161
407_chr17,0,0.0360039010234078,-1.8729263343687,-1.87246874727985,-0.311552950517873,-0.31140388641275,-0.937854238015354,-0.938093444491254,-0.869971157132559,-0.873225587679588,-0.868632253226102,-0.864443798932864,-0.8628968336927,-0.86619462290883,-0.868453060244831,-0.74888177195353,-0.748656419212345,-0.596979270800282
408_chr17,0,0.0244314095595022,-1.1629588940851,-1.16223642181077,0.128856157192681,0.128992902433838,-0.347022402406072,-0.34726424533992,-0.166590832870269,-0.168244532631627,-0.166021755629393,-0.162529912771026,-0.162146002731948,-0.164785439006689,-0.166845352015583,-0.0655893017406188,-0.066370882854855,0.040361754158722
409_chr17,0,-0.102983559232211,-1.79590626694044,-1.79444931787841,-0.0689688014302858,-0.0698337640170967,-1.07465917518622,-1.0745710784652,-0.295282858099334,-0.297208729957136,-0.294053250846253,-0.291632798984194,-0.290822930835176,-0.293305603720404,-0.294249295417825,-0.219388763596336,-0.218764189356033,0.0156352403597286
410_chr17,0,-0.0978115799827206,-1.7885983182784,-1.78717593013068,-0.0719191915999478,-0.0727453775866658,-1.06085975180235,-1.06078426685159,-0.307188534675848,-0.309142296350969,-0.30596586105372,-0.303487563402334,-0.302666197794244,-0.305170663748651,-0.306161991741146,-0.229848710441748,-0.229254033786733,0.00131760905434231
411_chr17,0,-0.0271990943686099,-2.18720455420994,-2.18638271704122,-0.409867691395414,-0.410215546864301,-1.29905750253675,-1.29913303235737,-0.934097056487663,-0.937487153359595,-0.932430167010161,-0.92877292355699,-0.927014179388698,-0.930234468314456,-0.931939253900287,-0.825454771036387,-0.824531448911832,-0.609503505077979
412_chr17,0,-0.0675444830946117,-1.84737131295606,-1.84617739998145,-0.149831926571668,-0.150441594341072,-1.06701912381434,-1.06701313092639,-0.471471079681435,-0.473803115562425,-0.470179191226854,-0.46728308030269,-0.466235430448812,-0.468952653520855,-0.470235608109865,-0.383314595096335,-0.382744760528076,-0.167093175457374
413_chr17,0,-0.0558627888800629,-1.77717678183511,-1.77604706618991,-0.124429427667469,-0.12494600976793,-0.989895284706281,-0.989920058212116,-0.448338168967453,-0.450619487430177,-0.447119992384756,-0.444135153080352,-0.443145604152198,-0.44586699016421,-0.447250742701625,-0.358162033089142,-0.357739102681174,-0.154688479758195
414_chr17,0,-0.0458748521930024,-1.85308212356002,-1.85204239564309,-0.18389212632559,-0.184343051027496,-1.0402993415273,-1.04034464623693,-0.55520354909054,-0.557729383648235,-0.553901429299079,-0.550734585538194,-0.549581875409094,-0.552420898471737,-0.553908038840559,-0.460146756756933,-0.459648475575957,-0.257358123013854
415_chr17,0,-0.0518150635162837,-1.84833380748867,-1.8472509915361,-0.172654330774632,-0.173148444864554,-1.04489951616806,-1.04493089408181,-0.529284719418172,-0.531750687537289,-0.527988845778351,-0.524898702413515,-0.523779775985348,-0.526582739181594,-0.528013504021439,-0.436193333662073,-0.435680143509088,-0.229961613879983
416_chr17,0,-0.0232563133211365,-1.13194878781176,-1.13088224267585,0.214826559737262,0.214615854044181,-0.390037598414286,-0.390167335706132,0.0348603776114622,0.0336722256750504,0.035386997894443,0.0382686452599264,0.0383924734830234,0.0360365574255024,0.0344283245124064,0.120248677189411,0.119597295114407,0.254374912101764
417_chr17,0,-0.0344905203123562,-1.10878449464201,-1.10763279811693,0.24455141125796,0.244260479049909,-0.386596227316123,-0.386700228644422,0.097094419278466,0.0960495293678396,0.0975938899133548,0.100319404077155,0.100357129327489,0.0980813147949364,0.0965814954514994,0.17843659553481,0.177792438774813,0.31800849189312
418_chr17,0,0.0756894408461355,-1.18981568629672,-1.18946137509763,0.0403165885624228,0.0408274615333184,-0.295244312720116,-0.295606929550524,-0.37709138042263,-0.379231768998689,-0.376483668696002,-0.372341002215366,-0.371687677492207,-0.374626426341009,-0.377171016463204,-0.259457919512625,-0.260389020465116,-0.184278074259275
420_chr17,0,-0.00294840143771169,-1.12695641917449,-1.12603169895004,0.189085032319766,0.189024154540012,-0.35614245054577,-0.356320701346293,-0.0339721328010341,-0.0353199961117885,-0.0334471090228377,-0.0303198194908187,-0.0301137309350583,-0.0325751112304253,-0.0343733895271567,0.0576428375108318,0.0569091048548085,0.17840302362584
421_chr17,0,0.189630595969553,-1.28089470497409,-1.28136687961636,-0.175239279138523,-0.173899976252974,-0.207006843745902,-0.207636595047457,-0.874249011960456,-0.877537718465524,-0.873521490736447,-0.867907608629198,-0.8666062675815,-0.87023669263629,-0.873862640397581,-0.718916438419422,-0.720133513287666,-0.709779563546036
422_chr17,0,-0.0298861039744849,-1.10542372969267,-1.10430361361041,0.24004624855366,0.239789515302813,-0.377003347464451,-0.377118442955436,0.0835647166169538,0.0824883359566586,0.0840614153128034,0.0868408834726919,0.0868937695181695,0.0845959137005781,0.0830532874585082,0.166266950518038,0.165600827149173,0.302640861882833
423_chr17,0,-0.0263761959103116,-1.10822937951943,-1.10713472297649,0.23340614316326,0.233174929338076,-0.374285230348828,-0.374408554801801,0.0682499905356724,0.0671382364376156,0.0687503799113349,0.071575168233077,0.071648016141507,0.0693288535371748,0.0677529165401491,0.15211352931639,0.151438596644582,0.286453015507353
424_chr17,0,-0.0155799607487581,-1.11685936490846,-1.11584302015279,0.212981636885161,0.212828919053489,-0.365924489542979,-0.36607312571556,0.0211429492157076,0.0199223888624536,0.0216546908679631,0.0246188808822811,0.0247531301045796,0.0223684292935529,0.0206900307113975,0.108578581722398,0.107876552242232,0.236660316372952
425_chr17,0,0.0776644126205256,-1.19139438269428,-1.19105439718995,0.0365803024588423,0.0371055348216252,-0.293714869645057,-0.294082116786962,-0.385708743382013,-0.387869036052385,-0.385098954966103,-0.380930787521101,-0.38026623056189,-0.383216968414862,-0.385780301991193,-0.267421833915293,-0.26835789172829,-0.193386728701273
427_chr17,0,0.0699393301691297,-1.18521932743779,-1.18482330712091,0.0511947483898874,0.0516638141341295,-0.299697271020486,-0.300046406745028,-0.352002013879311,-0.354084451882751,-0.351400348412872,-0.347331927736341,-0.346711305556723,-0.349615148539135,-0.352105167281046,-0.236271061942631,-0.237187731045063,-0.157758317450971
428_chr17,0,0.0413244275022837,-1.16234596573085,-1.16174238378375,0.105328921128868,0.105589937013089,-0.321857012893658,-0.322139061121303,-0.227147063785772,-0.228941116036639,-0.226575486983103,-0.222876543796175,-0.222418662849372,-0.22514879996326,-0.227367249195829,-0.120883774673774,-0.121728624987326,-0.0257851603337249
429_chr17,0,0.0109311191784904,-1.13805103302202,-1.13722698956587,0.162827512756637,0.162867548558697,-0.345393974558998,-0.345604765826533,-0.0945324245495005,-0.0960201679795358,-0.0939928064099687,-0.0906863036024799,-0.090401278196147,-0.0929469136857883,-0.094876915464075,0.0016747899818319,0.000906221968425047,0.114390079869914
430_chr17,0,0.0551756081571138,-1.17341792599138,-1.17291481524527,0.0791250155997341,0.0794867390149192,-0.31113048373075,-0.311445005982508,-0.287583700231127,-0.289517346986428,-0.286997558866684,-0.283119768331717,-0.282583111711904,-0.28539733198322,-0.287747235737163,-0.176737543594103,-0.177617158136307,-0.0896673989735648
431_chr17,0,0.0487097733340328,-1.16824945205429,-1.16769944059941,0.0913571948697314,0.0916719072555405,-0.316137707845478,-0.316437070979671,-0.259371425894643,-0.261239908890235,-0.258792083376671,-0.254997780122664,-0.254497896576746,-0.257272866200708,-0.259561405999972,-0.150664586126795,-0.151527972466811,-0.0598466917380551
432_chr17,0,-0.0256574064581647,-1.10880394485419,-1.1077145021368,0.232046324721153,0.231820336985557,-0.37372859072275,-0.373853600374017,0.0651137079412347,0.0639947097634228,0.0656148531263572,0.0684489225043876,0.068525858376455,0.0662023323833134,0.0646195737206292,0.149215068819552,0.148538332102192,0.28313792775721
433_chr17,0,0.0663549268560713,-1.18235412973163,-1.18193210951519,0.0579757851934861,0.0584187898807951,-0.302473078197309,-0.302813810306122,-0.336362243862356,-0.338408557652515,-0.335764347407727,-0.331742208780562,-0.331141972139937,-0.334024056114538,-0.336480057104918,-0.221817244657748,-0.222724917486182,-0.141226895795851
434_chr17,0,0.105427801361808,-1.21358708557653,-1.21344848514397,-0.0159429613606572,-0.0152158702248917,-0.272214550905753,-0.272646889174395,-0.506848296295349,-0.509288393019201,-0.506209314585347,-0.501682664454088,-0.50086020906819,-0.503979483701126,-0.506806305500567,-0.379375459952225,-0.380381199391535,-0.321432667110341
435_chr17,0,0.00499936255612543,-1.13330947522745,-1.13244240506284,0.174049313556706,0.174046221442192,-0.349987601772638,-0.350184486066292,-0.0686504851392891,-0.0700784473386302,-0.0681171042612516,-0.0648871926821619,-0.0646359028924315,-0.0671455298396722,-0.0690192363282556,0.0255941201771011,0.0248404399157693,0.141747595560913
436_chr17,0,0.0256920468107578,-1.14985020077715,-1.14913322748086,0.134902532003214,0.135049889817283,-0.333962925851689,-0.334208324040599,-0.158938545524933,-0.160575052040884,-0.158383406221704,-0.154886309353866,-0.154517334280174,-0.157152575517717,-0.159222665763932,-0.0578474602557222,-0.0586530758159136,0.0463120491916347
437_chr17,0,0.0193315532498265,-1.1447659315225,-1.14400282162292,0.14693542483327,0.14703653752079,-0.338888572363131,-0.339119058406541,-0.131185905043633,-0.132758309446652,-0.130637453820192,-0.127222484060068,-0.126889682954028,-0.129486313015041,-0.131496039047,-0.0321992829324689,-0.0329889346800436,0.0756469180127186
438_chr17,0,0.0234223563329481,-1.14803592057965,-1.14730248381112,0.139196372098366,0.139327227714553,-0.335720602811343,-0.335960679722223,-0.149035241130225,-0.150648873327707,-0.148482488413959,-0.145014697937608,-0.144658631250528,-0.147280094403262,-0.149328644169798,-0.0486951164499945,-0.049495035453285,0.0567799589211528
439_chr17,0,0.0144989011946148,-1.14090294447167,-1.1401047803505,0.156077920412936,0.156143896423763,-0.342631039124356,-0.342850195039072,-0.110099671125669,-0.111623371256788,-0.109556301451675,-0.10620373121009,-0.105898414794891,-0.108465708393282,-0.110429570178812,-0.0127120032636401,-0.0134895258342707,0.0979353163484005
440_chr17,0,0.0481678141710971,-1.18193262167819,-1.18138232426301,0.0839512122971251,0.084260537389919,-0.328640631015336,-0.328938123831669,-0.270159509922401,-0.272052429120811,-0.26956547377442,-0.265767144911532,-0.26524823906995,-0.268031766443888,-0.270316949614592,-0.161304439042878,-0.162145594702986,-0.0691115609063688
441_chr17,0,0.169321774339067,-1.30020806284113,-1.30054210420013,-0.158049938747733,-0.156861938315948,-0.253161676774712,-0.253742304014444,-0.81875665308325,-0.821915972088917,-0.818012050792732,-0.812632638835741,-0.811391137196576,-0.814928112518606,-0.818365819083427,-0.669318740629938,-0.670432288611195,-0.645739007463901
442_chr17,0,0.0507730213067694,-1.19112423801626,-1.19059467354242,0.0747765712694657,0.0751041093330083,-0.332708347097357,-0.333011645795824,-0.288150641787681,-0.290084873682066,-0.287546179417145,-0.283708660454483,-0.283163805980759,-0.285969114790634,-0.288279922523428,-0.178268644378473,-0.17910582813928,-0.0870515510206671
443_chr17,0,0.176748906179309,-1.29182323443048,-1.29220745115436,-0.163546808405608,-0.162303339733496,-0.235151031473345,-0.235749680006963,-0.837819218398781,-0.841023056231998,-0.837082291973161,-0.831618164168416,-0.830356848379136,-0.833926889844216,-0.837433270724406,-0.686256240421497,-0.687409603328008,-0.668057729543527
444_chr17,0,0.0411986305740888,-1.20500585642607,-1.20441240381798,0.0800274440768463,0.080283162535042,-0.358556153900478,-0.358836090633365,-0.26643980937248,-0.268323159396307,-0.265822129627795,-0.262091419301416,-0.261567296043717,-0.264332557790077,-0.266555225700273,-0.159225959853536,-0.160007275012972,-0.0608409675847557
445_chr17,0,-0.0584497158139236,-1.08963267884535,-1.08830719142065,0.289877835851101,0.289412703949682,-0.40515053078467,-0.405198359898351,0.201635196280497,0.200831771130599,0.202109473742931,0.204525625211708,0.20442708758327,0.202296716595019,0.201024281808586,0.275050119133239,0.274466096088302,0.428509328088335
446_chr17,0,0.0806240780255618,-1.20080150676288,-1.20048480779032,0.0267756031849371,0.0273216326240908,-0.297450029102502,-0.297823916033724,-0.40518327839028,-0.407388312385974,-0.404562764378631,-0.400350883012897,-0.39965846772686,-0.402633081815605,-0.405225395351762,-0.285753738498592,-0.286686814327484,-0.212904967775596
447_chr17,0,0.0319261525231283,-1.16894982715601,-1.16828171889911,0.114677471528401,0.114868708662912,-0.341218378837886,-0.341477793159313,-0.199292525746256,-0.201021758774844,-0.198715567758634,-0.195126952290285,-0.194700417478943,-0.197385350355612,-0.199516392163825,-0.0958112483052718,-0.0966116400151225,0.00579567849500817
448_chr17,0,0.00418117152912456,-1.13969676457381,-1.13882557780601,0.171391629076317,0.171381866445115,-0.356648380944486,-0.356843047861853,-0.0716411592106794,-0.0730757888693239,-0.0711010251653015,-0.0678761795941352,-0.0676185172404451,-0.0701290870645615,-0.0719959197961302,0.0224961169793567,0.0217549005122435,0.139652992215021
449_chr17,0,0.00895691608162563,-1.16484199186013,-1.16401095388431,0.149618414167776,0.14964118843908,-0.371205911848313,-0.371410869422843,-0.112350995415283,-0.113878927429221,-0.111782778809664,-0.108479613786868,-0.108161393713889,-0.110718854627287,-0.112633711156662,-0.0161387206069876,-0.0168603913203751,0.0998528074814353
450_chr17,0,0.0490893846588739,-1.18977842075178,-1.18923664381748,0.0779617044914094,0.078277001368148,-0.334012176572507,-0.334311527993232,-0.280804456756193,-0.282721720680168,-0.280201764735101,-0.276385984998649,-0.275850705853798,-0.278645794200245,-0.280940623392636,-0.171479515377794,-0.172312473482257,-0.0792865466644401
451_chr17,0,-0.0478332527274333,-1.10519403713752,-1.1039473844637,0.265567707698762,0.265179039554861,-0.402985069184101,-0.40305748797685,0.148720419745512,0.147795015280511,0.149213510457573,0.151772267283126,0.151745187273889,0.149544431363443,0.148170345565234,0.22581212092963,0.225211912458338,0.373649472836456
452_chr17,0,0.0183302435386167,-1.15808191865539,-1.1573151908412,0.140398449652285,0.14049083525499,-0.35174722239663,-0.351974761177105,-0.139969712123538,-0.141561923318082,-0.139407050278694,-0.135993986073928,-0.13564477513173,-0.138247174469634,-0.140249184410256,-0.0409868418083472,-0.0417531099802515,0.0685005932541158
453_chr17,0,0.0617985984743095,-1.46438814175628,-1.46400684041971,-0.104029780748485,-0.103649184481561,-0.55053216363656,-0.550850077261748,-0.582657654773341,-0.585263104129197,-0.58175565876887,-0.57756926857337,-0.576547610393759,-0.579641799518305,-0.582090719159186,-0.462991564000714,-0.463465441706022,-0.358291596183945
454_chr17,0,0.0257787870190781,-1.16403592210604,-1.16332322319579,0.126307164977314,0.12645370657162,-0.345978976291451,-0.346223978145047,-0.172469823528778,-0.174137102384469,-0.171899329516095,-0.168390089232088,-0.167998516267457,-0.170646131754777,-0.172718832038885,-0.0710224926830358,-0.0718074554973058,0.0341475915861942
455_chr17,0,0.192102699823291,-1.28287078458135,-1.28336089092557,-0.179916048394217,-0.178558771627481,-0.205092415312567,-0.205727962449305,-0.88503550342185,-0.888349124201085,-0.884305382772551,-0.878659580699103,-0.877344180081345,-0.88098961196499,-0.884639021208517,-0.728884997839345,-0.730108277289406,-0.721181012437826
456_chr17,0,0.175078194786653,-1.27630353458874,-1.27667196988638,-0.151914344923015,-0.150681569629808,-0.224303568649595,-0.224898902787503,-0.817313425105727,-0.820470383413827,-0.81659359228129,-0.811162113199293,-0.809932510015566,-0.813480504855546,-0.816969234446051,-0.66663234680034,-0.667802487222793,-0.648531401204812
457_chr17,0,0.0708165516766424,-1.19296184711976,-1.19257400807795,0.0453296528595373,0.0458043748926236,-0.305045101321923,-0.305395994556428,-0.362390254521142,-0.364496446633642,-0.361780053155535,-0.3576948072097,-0.357058170164375,-0.359973247972241,-0.362472483256501,-0.24620567945414,-0.247114139974272,-0.167672236046716
458_chr17,0,0.115729785796907,-1.22886330243562,-1.22880124692698,-0.0396379880386342,-0.038836716159105,-0.270263725813435,-0.27071991790182,-0.558359455252419,-0.560918290415046,-0.557702027474198,-0.553036858919996,-0.552144787314031,-0.555332509499965,-0.558257993480403,-0.427314673880772,-0.42833585937211,-0.374813996136115
459_chr17,0,-0.0521297252811535,-1.09468457194887,-1.09340492733389,0.277921567357268,0.277502386097757,-0.400256250329566,-0.400318896629598,0.174059282018349,0.173192162951779,0.174540204971505,0.177037960570254,0.176975366557024,0.174806630264605,0.173474215657586,0.249565267004557,0.248965381803069,0.3993612609685
460_chr17,0,0.0113760734912672,-1.15252309328678,-1.15170592256567,0.153554470030283,0.153596294073449,-0.357132619474005,-0.357343854237412,-0.109626692463024,-0.111148818374177,-0.109071342950736,-0.105748071443198,-0.105438410878644,-0.10799859514554,-0.109934606589868,-0.0129447119324455,-0.0136935262595372,0.100573523466883
462_chr17,0,0.00244879074559778,-1.13127067215127,-1.13038510110797,0.178874529863811,0.178852893352542,-0.351962796782327,-0.352153701273064,-0.0575216156889522,-0.058923872800996,-0.056990916745518,-0.0537939383160038,-0.0535571543663127,-0.0560512981474304,-0.057900798454249,0.0358790953044914,0.0351318165668872,0.153510942031408
463_chr17,0,0.0176905999891396,-1.14345423328215,-1.14267922053118,0.150039808877656,0.150128990715711,-0.340159347284372,-0.340385986121028,-0.124025959757281,-0.125581826360171,-0.123479234001563,-0.120085452336969,-0.119761983807026,-0.122348652512773,-0.124342805090681,-0.0255822712483775,-0.0263678044680242,0.0832150647583521
464_chr17,0,0.0305208050568633,-1.15371007530632,-1.15302812798741,0.125767402799636,0.12594986897975,-0.330223474505394,-0.330480193693981,-0.1800077896475,-0.181692961192894,-0.179447572889177,-0.175888126779916,-0.175491689160603,-0.178156243223522,-0.180272160762002,-0.0773190384533584,-0.0781367734176612,0.0240416092703821
465_chr17,0,0.118666665533991,-1.2382859752409,-1.23824704970379,-0.0494197462558954,-0.0485978464278842,-0.274045430509312,-0.27450820753182,-0.577766027793397,-0.580369446151719,-0.577097861872566,-0.572389247242687,-0.571469394030552,-0.574680882468992,-0.577635134435656,-0.445585371571079,-0.446603467973613,-0.394255283945497
466_chr17,0,0.129089704852905,-1.24661764602109,-1.24665432525041,-0.069138234119531,-0.0682405516863316,-0.265973697275402,-0.266460911061722,-0.623244709623543,-0.625953173107235,-0.622565583842768,-0.617722386249374,-0.616743254196134,-0.620018015367619,-0.623071187107195,-0.487615437027134,-0.488659693576675,-0.442326787863912
468_chr17,0,0.144017214244021,-1.24443358570935,-1.24457489821377,-0.088947086769827,-0.0879394242813671,-0.242330422398901,-0.242853233354,-0.675224868308999,-0.678053875559821,-0.674545309705103,-0.669520390557766,-0.668478466012766,-0.671831996465426,-0.675025050785182,-0.534984155240069,-0.536086747879581,-0.499408692703022
469_chr17,0,0.0838960059878053,-1.21049200082664,-1.21020086213811,0.0163599948823598,0.0169290882991222,-0.300972268223009,-0.301353525607251,-0.426051761527925,-0.428304755391102,-0.425420157069361,-0.421160503463413,-0.420438401054985,-0.423438815295971,-0.426063076590907,-0.30537549113588,-0.306306318792955,-0.233891512354699
470_chr17,0,0.066209874297115,-1.18223818176961,-1.18181510939704,0.0582501981584431,0.0586921482147109,-0.302585408730176,-0.302925800763986,-0.335729338336859,-0.337774190263182,-0.33513159440547,-0.331111328706407,-0.330511917021664,-0.333393120459258,-0.335847744829465,-0.221232331911958,-0.222139640681873,-0.140557907179106
471_chr17,0,0.134034875432397,-1.24349550095068,-1.24356622360629,-0.0742678763827345,-0.0733335140160323,-0.256088033307665,-0.256587141587603,-0.638229761977067,-0.640973078880272,-0.637553086337207,-0.632651561271708,-0.631655383323367,-0.634954225981404,-0.638053434271467,-0.50112847156668,-0.502195599879606,-0.459237853824398
472_chr17,0,-0.106056281857153,-1.05157830496157,-1.0499074975974,0.379940769130963,0.379129505022956,-0.442017656536189,-0.4419538722927,0.409356169392142,0.409032531139848,0.409780388394633,0.411581840777585,0.411212550830392,0.409371174007114,0.408550548962352,0.467019757327345,0.466555219082192,0.64807285040341
473_chr17,0,-0.0532037288493039,-1.09382606572312,-1.09253863069437,0.279953386069267,0.27952639607126,-0.401087972251467,-0.401148100555478,0.178745464720521,0.1778891696407,0.179225258355411,0.181709146350038,0.181640444167692,0.179478227580224,0.178156005795646,0.253896099776864,0.253298910151049,0.404314611440952
474_chr17,0,-0.0277764967237437,-1.10711004714297,-1.10600523335005,0.236055256703971,0.235813861736757,-0.375369640976805,-0.37548968243149,0.0743599008230689,0.0732622591897165,0.0748588177778449,0.0776655253241509,0.0777304093165987,0.0754197471944043,0.0738570997412662,0.157760129415069,0.157088711272374,0.29291126285539
475_chr17,0,0.0602342180012201,-1.17746153271077,-1.17699511519819,0.0695550491277792,0.0699535520869044,-0.307213032405208,-0.307539414542571,-0.309655852178734,-0.311640480446145,-0.30906439166949,-0.305121284034274,-0.304555857636281,-0.307400786039885,-0.309798698490881,-0.197135979823601,-0.198028290660344,-0.112997924312888
476_chr17,0,0.0326254444688264,-1.15539242170788,-1.15472574064349,0.12178580919413,0.121983577538301,-0.328593615174813,-0.328855268680028,-0.189190929349387,-0.190897311801132,-0.188628499555837,-0.185041878205217,-0.184633470892471,-0.187310801102883,-0.189446692705197,-0.0858058271471016,-0.0866288444167593,0.0143349221282318
477_chr17,0,-0.0532160137157811,-1.08677493433187,-1.08548559194977,0.284182179352525,0.28375582174501,-0.395070324095845,-0.395130722729545,0.185359741061025,0.184518483114811,0.185831908280456,0.188310139124103,0.188230341221046,0.186074108888301,0.184752894971662,0.260342930038823,0.259735360979291,0.41023940518966
478_chr17,0,0.046479458470961,-1.16646664680846,-1.16590045749709,0.0955765434890692,0.0958750399645723,-0.317864891831983,-0.318159026004079,-0.249639928494013,-0.251485934005136,-0.249062931159415,-0.24529742587639,-0.244810226776567,-0.247571657344153,-0.249839030357701,-0.141671021311932,-0.142528809921488,-0.049560384030773
479_chr17,0,0.0856258606185386,-1.19775837707475,-1.19747614088883,0.0215186960576363,0.0221018135777038,-0.287549423806338,-0.287935336523453,-0.42044680291824,-0.422687332386871,-0.419828643013713,-0.415557676832886,-0.414847840814813,-0.417846908387977,-0.420485800024094,-0.299525730892275,-0.300481770655224,-0.230105267979757
480_chr17,0,-0.0491217793852031,-1.09004766616139,-1.0887880217993,0.276436635323743,0.276040045592403,-0.391899697342709,-0.391969694888422,0.167495433466933,0.166612913145571,0.167971905787157,0.170503001651521,0.170446488844001,0.168265402590255,0.166905332374811,0.243833260292654,0.243215415365528,0.391356621037812
481_chr17,0,0.0253260994573954,-1.14955768025815,-1.14883805251882,0.135594837599041,0.135739534726246,-0.334246320102024,-0.334490860329185,-0.15734181325319,-0.158974631690795,-0.1567870587448,-0.153294687013057,-0.152927793187872,-0.155560812953492,-0.15762743017922,-0.0563718070662169,-0.0571765041575945,0.047999814064513
482_chr17,0,0.0927488931706323,-1.20345218291821,-1.20322161450365,0.00804321864330304,0.00867812546849756,-0.28203325747349,-0.282435870104975,-0.45152661766235,-0.453838934238806,-0.450900967865791,-0.446538028624062,-0.44578768185841,-0.448829989577116,-0.451536482297805,-0.328248785200132,-0.329222702625535,-0.262956999299391
483_chr17,0,-0.326904575080378,-0.868001607299082,-0.864727032095142,0.801950980808572,0.799534720682627,-0.607018201189489,-0.606436938353109,1.37954069174241,1.38145771267831,1.37972507454417,1.37866942083251,1.37703307687363,1.37653826236258,1.37781448759112,1.36396998130141,1.36404932637317,1.67250277650674
484_chr17,0,-0.320824666960358,-0.872861590196572,-0.869631116335754,0.790448904417181,0.788076849370248,-0.602309843585731,-0.601742835063681,1.35301232525672,1.35486807186647,1.35320310110176,1.3522259515603,1.35062418579846,1.350092463396,1.35131098730421,1.33945324213997,1.3395173276233,1.64446197976094
485_chr17,0,-0.299145720934683,-0.890190685446129,-0.887117462421731,0.74943629561622,0.747221861293654,-0.585521394098255,-0.585005211757275,1.25842092455794,1.26005818714077,1.25863449588565,1.25793726630926,1.2564587949875,1.25579547122361,1.25680825126459,1.25203464065548,1.25204431548203,1.54447775184681
486_chr17,0,-0.263644466227713,-0.918568662104553,-0.915752951691239,0.682274401790023,0.680318085803849,-0.55802877426867,-0.557595824442674,1.10351886403714,1.10479833906517,1.10376976505032,1.10353092999022,1.10225436457829,1.10137553156195,1.10205138722355,1.10887869415547,1.10879926656058,1.38074444407181
487_chr17,0,-0.0282977823221061,-1.1066933567847,-1.10558476178414,0.237041433905293,0.236796248836221,-0.375773331125131,-0.375892150428325,0.0766344179907765,0.0755420299604621,0.0771327868120402,0.0799327634847002,0.0799946827750859,0.0776871851007552,0.0761294849045004,0.159862171549815,0.159192061749866,0.295315454369741
488_chr17,0,0.0376430600584529,-1.16644457108009,-1.16581610413608,0.108087843810677,0.108321371932747,-0.330735072028783,-0.33100819017728,-0.217644885695672,-0.219416749837285,-0.217069566365033,-0.213412658706669,-0.212964688908812,-0.215678388077002,-0.217862790599228,-0.112436249880155,-0.113261450288636,-0.0146746713711776
489_chr17,0,0.113370208483009,-1.22697717107237,-1.22689800008654,-0.0351740984567377,-0.0343899823136997,-0.272091012273729,-0.272541672344844,-0.548063949054179,-0.550599004003841,-0.547409002379223,-0.5427743008412,-0.541895648834296,-0.545069047280204,-0.54797213771065,-0.417799868657715,-0.418815131990697,-0.36393152446732
490_chr17,0,-0.00526743536859353,-1.13214400768645,-1.1312042843147,0.189266668663169,0.189188208215122,-0.363965501409729,-0.364138016115246,-0.0304142028794625,-0.0317536079048915,-0.02988400407515,-0.0267811595325194,-0.0265772341407482,-0.0290304464932487,-0.0308076072951571,0.0605968622829813,0.059879360294715,0.183230372056904
491_chr17,0,-0.0673380573439302,-1.19237680447405,-1.19101521017903,0.241083603365705,0.240542588016215,-0.506061413228306,-0.506083737023825,0.138066779102375,0.137120274583877,0.138650485958065,0.141037651190203,0.141060573463328,0.138891964028557,0.137689979453879,0.211089719748784,0.210690411931916,0.377956014990014
492_chr17,0,-0.17462266539134,-1.03973733503913,-1.03758026851474,0.483992625736268,0.482678433216763,-0.531895422981088,-0.531669059825113,0.66849607608779,0.668772456808797,0.668894656586424,0.669844328604799,0.669152364021109,0.667691155084443,0.667515819983371,0.704470454449391,0.704241532548271,0.928495269727935
493_chr17,0,-0.0247675588287998,-1.13788428656985,-1.13680862406841,0.213418964936297,0.213196539272236,-0.397322570972552,-0.397448461683488,0.0347984700536528,0.0336104189119428,0.0353312252635711,0.0381989376666896,0.0383253568907582,0.0359726193438186,0.0343778246790913,0.119852504657227,0.119215476934657,0.25539153070788
494_chr17,0,0.0643736452011822,-1.20913943031467,-1.2087103642334,0.0447800779443508,0.0452057696349593,-0.328290497211321,-0.328625379031485,-0.354149928968395,-0.356236360003571,-0.353523441490806,-0.349504732047136,-0.348871340997673,-0.351765207425867,-0.354205995988335,-0.239602211532206,-0.240462969294583,-0.155731521571439
496_chr17,0,0.12313751881934,-1.24896889838842,-1.24896423848086,-0.062123849260493,-0.0612701719417064,-0.27666836666023,-0.277141323562985,-0.603897503857016,-0.606561037203782,-0.6032169499806,-0.598445055906177,-0.597488643592317,-0.60073323881309,-0.603730821241997,-0.470072644544581,-0.47109145151864,-0.420799714036512
498_chr17,0,-0.0820897238404101,-1.08492022039261,-1.08342692005362,0.326128633518692,0.325490168802083,-0.435598934261009,-0.435590736914684,0.291567262822277,0.29097204379102,0.292032019581618,0.294154006113146,0.293943231703827,0.291944462018302,0.290894587126328,0.357489660310404,0.356985940603445,0.52571712215931
499_chr17,0,-0.0140166657671144,-1.13222537232127,-1.13122401231887,0.201592897745146,0.201450099254041,-0.376797077325559,-0.376948778938144,0.00116904323300648,-9.71704247949567e-05,0.00169769219689009,0.00469309099891602,0.00485833570647509,0.00245229726626306,0.000757275414720038,0.0894494612528738,0.0887643786043797,0.217685924889322
503_chr17,0,-0.0829652358485928,-1.96872088464851,-1.96744963394081,-0.200499225010633,-0.201234713511813,-1.1933841382132,-1.19333631256855,-0.528737436503728,-0.531197182318268,-0.527317224144535,-0.524515839873549,-0.523346571377885,-0.526082375901688,-0.527235900484381,-0.442581411270474,-0.441775238809121,-0.207375948273307
504_chr17,0,-0.203733648888386,-1.5416302398005,-1.53939762350148,0.22540216249256,0.223822485911803,-1.00396371688964,-1.00364679302466,0.306200190394049,0.305657674526107,0.307135998842015,0.308119885183355,0.30808470027383,0.306359446430786,0.306393914579552,0.344728264583239,0.34534883647885,0.625092665406122
505_chr17,0,-0.0614445947125574,-2.2027703967566,-2.20171124393687,-0.370728177084564,-0.371329421902344,-1.36233309104077,-1.36232650826263,-0.824683167624532,-0.827819078572156,-0.82300585800799,-0.819757263015278,-0.818126043957431,-0.821174485649104,-0.822559699866302,-0.726375162228038,-0.725302404492394,-0.487347440879802
506_chr17,0,-0.0228919739231098,-1.11805580861169,-1.11698824353464,0.222609078583733,0.222402475719061,-0.377614166566796,-0.377745360629382,0.0464866661280485,0.0453248841361118,0.0469983326724108,0.0498736080236886,0.0499772975640376,0.0476310744196637,0.0460211791626835,0.131666392619957,0.130993125379867,0.264515499001231
508_chr17,0,-0.153018361847927,2.04358400853762,2.04638501612528,2.29500599591549,2.2941666811523,2.13885245774743,2.13889644932232,3.46317587979696,3.46980150382509,3.46024462835273,3.45905201936611,3.45362776972614,3.45463769747626,3.45464979497239,3.43435451678382,3.42948728560566,3.41284644902114
509_chr17,0,-0.0240299880458007,-1.20436525303373,-1.20331195540311,0.172668774187595,0.172444957528863,-0.453152535161452,-0.45327735588205,-0.0298134256676752,-0.0311484665118384,-0.0292086490888197,-0.026279958839341,-0.0260461667893028,-0.0284586835094554,-0.0300688185157543,0.0570135407680898,0.0564720793573881,0.197076815189379
510_chr17,0,0.0245689737378366,-1.99251773564535,-1.99201044575828,-0.366807661816964,-0.366754932005905,-1.05690044579806,-1.05710737430842,-0.940022049898905,-0.943433888401642,-0.93855597700081,-0.934414645061053,-0.932731134734273,-0.936067551590567,-0.938233760530517,-0.819729077556959,-0.819284700549196,-0.651524372968241
511_chr17,0,0.0664416308915525,-1.18242343672135,-1.18200204542304,0.0578117569845296,0.0582553920693154,-0.30240593349764,-0.302746868883632,-0.336740558202578,-0.33878774581044,-0.336142570578372,-0.332119312423046,-0.331518582671478,-0.334401192980205,-0.336858016834554,-0.222166871688317,-0.223074762129892,-0.141626778522363
512_chr17,0,-0.223320620047217,2.09978021508528,2.10309116853889,2.42800503608732,2.42665457595531,2.08440950146918,2.08461831633856,3.76992460584122,3.77725874773063,3.76691943134249,3.76481907501263,3.75899499608433,3.76043169148632,3.76111099201254,3.71784270323464,3.71315191938178,3.73708347596661
513_chr17,0,0.0509894641427453,-1.17007172603002,-1.16953825058597,0.0870444359738818,0.0873757232668002,-0.314372286503324,-0.314676994361273,-0.269318364574267,-0.271209822673326,-0.26873662495395,-0.264912886183531,-0.264400037376227,-0.267188845791691,-0.269499020978697,-0.159857255460381,-0.160726363456515,-0.0703607234221653
515_chr17,0,-0.00618611154066628,-1.12436835116149,-1.12342014581829,0.195210188852106,0.195125770711527,-0.35864977412387,-0.35882043412917,-0.0198450837585042,-0.0211603168878627,-0.0193234644430738,-0.0162379804350792,-0.0160503056736903,-0.0184920315514967,-0.0202595823858882,0.070698642386092,0.0699730358600452,0.193335481341742
516_chr17,0,0.188310058430015,-1.26585659973239,-1.26631558505601,-0.164389739334298,-0.163058604496666,-0.196060836463583,-0.196688085782333,-0.855459042538251,-0.858704825787482,-0.854748028634818,-0.849162116289625,-0.847890180496481,-0.851500853915145,-0.855112499237644,-0.700887828785274,-0.70212226187048,-0.692036331662086
519_chr17,0,0.0661856585341013,-1.18926013633259,-1.18883870655168,0.054090457403686,0.0545315096849897,-0.308631323434076,-0.308971359562654,-0.342184352060729,-0.344243873261238,-0.341579020094413,-0.337553568542878,-0.336943268727067,-0.339830234843457,-0.342285520672666,-0.227531976329199,-0.228428814054705,-0.146314358460717
520_chr17,0,-0.120015412915611,2.01720305602789,2.01976467276519,2.2325704405967,2.23197107978288,2.16441035804534,2.1643769743707,3.31917463716271,3.32546765197753,3.31627808842726,3.31551161566982,3.31027506335171,3.31108464773618,3.3107835310043,3.30127278683669,3.2963227235815,3.26063543451982
521_chr17,0,0.0156253952154715,-1.14180340901282,-1.1410134160512,0.153946799345551,0.154020965736268,-0.341758667933215,-0.341980464907557,-0.11501488458602,-0.116549937711408,-0.114470330399878,-0.111103214794022,-0.110791491681311,-0.113365623626298,-0.115340176394498,-0.0172544995532338,-0.0180348494421048,0.0927398776590915
522_chr17,0,0.0196671061298838,-1.18779460281993,-1.18704496871554,0.120761158154674,0.120860327743953,-0.375230438254145,-0.375459894435126,-0.172491650917487,-0.174158002653633,-0.171896611641197,-0.168443917762806,-0.168042250515994,-0.170676805819008,-0.172695128965331,-0.072401824007061,-0.073129098514102,0.0384633456792987
523_chr17,0,-0.0213425909013005,-1.13347852445372,-1.13242586073303,0.211206146232592,0.211009354606814,-0.388555587612635,-0.38868981161717,0.026510262987506,0.0253028242379711,0.0270388955558718,0.0299452530300601,0.0300799651464034,0.0277124318969975,0.0260860368162845,0.112531745869343,0.111875560659831,0.245548742307224
524_chr17,0,-0.0881730957120138,1.99174985608292,1.99408050075138,2.17233058865737,2.17196274320861,2.18906945048016,2.18896141265131,3.18023756050705,3.18620966314833,3.17737449407231,3.17701917139148,3.17196371554669,3.17258000214399,3.17197668615042,3.17287121073297,3.16784122839914,3.11377730327912
525_chr17,0,0.170224636804454,-1.26538252489012,-1.26571393607892,-0.138526746587216,-0.137328538261201,-0.222035063513294,-0.222619317640163,-0.789575298710928,-0.792668428729039,-0.78886818291647,-0.783504871819689,-0.78231389807798,-0.78582651986674,-0.789268295524769,-0.640663473138315,-0.641831842180071,-0.620278448419975
526_chr17,0,-0.0177182409715885,-1.12219143914495,-1.1211614023607,0.212821320206084,0.212652333908866,-0.373607562453504,-0.373750886307248,0.0239121993552525,0.0226982756213645,0.02442930609674,0.0273713850253374,0.0275044990822959,0.0251268689544237,0.0234678724254431,0.110803731744258,0.110117479269205,0.240654020958011
527_chr17,0,0.0428554979465969,-1.16356982899117,-1.16297735284726,0.102432415316041,0.102704563126703,-0.320671332612629,-0.320956970427312,-0.233827559125562,-0.235637041759243,-0.233254372397312,-0.229535659928945,-0.229069071341423,-0.231808502770389,-0.234041482615002,-0.127057692762669,-0.127906385816009,-0.0328465228222661
528_chr17,0,-0.281369343382597,-0.904400257231923,-0.901455977295222,0.715806634027577,0.713721446094715,-0.571755142904583,-0.571280637192308,1.18085753886518,1.18231564815581,1.18108980211204,1.18062210228203,1.17924473036402,1.17847349565813,1.17931756912737,1.18035283180631,1.1803178907933,1.46249233694008
529_chr17,0,0.0166283320502288,-1.14260510794773,-1.1418223899088,0.152049425921249,0.152130884346838,-0.340981980986833,-0.341206129341594,-0.119390982939683,-0.120936143829449,-0.118845374162177,-0.115465308570496,-0.115147881465749,-0.117728101707314,-0.119712172839678,-0.0212987614545246,-0.0220816285530341,0.0881142900059326
530_chr17,0,0.140108638945179,-1.24130926068158,-1.24142222186605,-0.0815527757405596,-0.080573531260481,-0.245357272454014,-0.245870919773777,-0.658170643817812,-0.660960259796116,-0.65749519509363,-0.652520743725483,-0.651501048379376,-0.65483085194836,-0.657986811964896,-0.519223140566338,-0.520315923312472,-0.481382175960178
531_chr17,0,0.192455497754487,-1.2831527940917,-1.28364545949805,-0.180583477683482,-0.179223635835149,-0.204819204140762,-0.205455578410494,-0.886574861028808,-0.889892037364323,-0.88584436941133,-0.880194011987984,-0.878876604906289,-0.882524178438702,-0.886176935908228,-0.730307627044438,-0.731531791960385,-0.72280813161228
532_chr17,0,-0.260573356658099,-0.921023557752646,-0.918230124001121,0.676464423057002,0.674530436132139,-0.555650468246831,-0.555224718621938,1.09011874045432,1.09136726432886,1.09037287074926,1.09017369005623,1.08891459093322,1.08801711484264,1.08866382416296,1.0964946924949,1.0964075569105,1.36658035515374
533_chr17,0,-0.0428902048281277,-1.1020701952998,-1.10085757065514,0.260442081159016,0.260090077515285,-0.393101049046698,-0.393185357356451,0.133744629248714,0.132784392756925,0.134235267587854,0.136852324477328,0.136842278290895,0.134617453779561,0.133197351576145,0.212307645926746,0.211684571019653,0.356748196767936
534_chr17,0,0.147381864155426,-1.24712312323239,-1.2472888416287,-0.0953123902493043,-0.0942802644610303,-0.239724795030588,-0.240255494390661,-0.689905791800568,-0.692768708553308,-0.689222695256283,-0.684154331529835,-0.683093271247036,-0.686467226701379,-0.689692213204731,-0.54855183465546,-0.549662872023388,-0.514926602254286
535_chr17,0,0.126984215494778,-1.23081823478954,-1.23083599639361,-0.0567237621864902,-0.0558399412167936,-0.255520991662888,-0.256003868837186,-0.600905055533817,-0.603562401387777,-0.60024340718383,-0.595438419227298,-0.594493366275652,-0.597743498444007,-0.600774901222717,-0.466299961461344,-0.467359804022151,-0.420851772685392
536_chr17,0,0.0616370652533618,-1.17858290058651,-1.1781266587948,0.066901118189834,0.0673098208053353,-0.306126649782947,-0.306456320888711,-0.315776873301686,-0.317775639697235,-0.315183937693968,-0.311222716403533,-0.310649311607223,-0.313502755951042,-0.315913982112882,-0.202792848231011,-0.203688679988017,-0.119467915945355
537_chr17,0,-0.067341479116397,-1.07548372418348,-1.07409192104307,0.310904981555218,0.310375922179553,-0.40600926282859,-0.406036544378954,0.246993159779074,0.24629426062462,0.247450474025424,0.249746315938503,0.249586182425706,0.247515698287329,0.246328541989294,0.317302730076012,0.316730613655591,0.475386656828912
538_chr17,0,-0.30807736856591,-0.883051160657714,-0.879913150855446,0.76633334263196,0.764053969139024,-0.59243817478119,-0.591901052236788,1.29739224073656,1.29911951795105,1.29759642040756,1.2967838648144,1.29525459662768,1.2946454921504,1.29574303792318,1.28805078940871,1.28808288122976,1.58567089340229
540_chr17,0,-0.0969564550251878,1.99877084640085,2.00116520222006,2.18894710124257,2.18851539478066,2.18226750614279,2.18218006085614,3.21856185262392,3.22462247542252,3.21568955045813,3.21522081646896,3.21011540711779,3.21078501282212,3.21026505523123,3.20828939880282,3.20328146128373,3.15428653275827
541_chr17,0,-0.1229149501861,2.01952080512328,2.0221034540021,2.23805583585703,2.23743539342954,2.16216491977795,2.16213833405401,3.33182614205917,3.33814837889328,3.32892654445079,3.32812263267899,3.32286958985328,3.32369677578774,3.32342317709159,3.312964937038,3.30802215115354,3.27400822464323
542_chr17,0,-0.0969564550251878,1.99877084640085,2.00116520222006,2.18894710124257,2.18851539478066,2.18226750614279,2.18218006085614,3.21856185262392,3.22462247542252,3.21568955045813,3.21522081646896,3.21011540711779,3.21078501282212,3.21026505523123,3.20828939880282,3.20328146128373,3.15428653275827
543_chr17,0,-0.0952074388077475,1.99737276788775,1.99975443700796,2.18563828180885,2.1852192918878,2.18362196638198,2.18353042053551,3.21093039795557,3.21697339387757,3.20805993488605,3.20761378430836,3.2025183221186,3.20317731047488,3.20264075385929,3.20123663196069,3.19622430469308,3.14621999502609
544_chr17,0,0.146482879467815,-1.23939666957162,-1.23955405747186,-0.0894261088167681,-0.0883998009802824,-0.234422461312208,-0.234951350717085,-0.679453770534695,-0.682292784718068,-0.678779196591979,-0.67372791301176,-0.672682938969973,-0.676045555570752,-0.679261123224092,-0.538559860750976,-0.539679002606389,-0.504940198099905
545_chr17,0,0.0100734354364893,-1.13736544234609,-1.136535177578,0.164450093842635,0.164483893698882,-0.346058175676606,-0.346266956108876,-0.0907901067072787,-0.0922692062577841,-0.0902513904250068,-0.0869559620859364,-0.0866758145752637,-0.0892162435226687,-0.0911381054601286,0.0051333305009571,0.00436691513536136,0.11834575403585
546_chr17,0,-0.179610848519208,2.06484074924372,2.06783464862448,2.34531412674447,2.344281466465,2.11825890035315,2.1183652378807,3.57920645431479,3.58610008185042,3.57624724078383,3.57471126787484,3.56913577906713,3.57030713567295,3.57057160895528,3.5415865746544,3.53678608632728,3.53549213691556
547_chr17,0,-0.117724150983414,2.01537153265873,2.01791652945266,2.2282357912473,2.22765308947055,2.1661847402116,2.16614598468476,3.30917721038386,3.31544713347951,3.30628307091783,3.3055461830839,3.30032266183551,3.30111833718633,3.30079547525105,3.29203345788084,3.28707764392788,3.25006803631843
548_chr17,0,-0.0969564550251878,1.99877084640085,2.00116520222006,2.18894710124257,2.18851539478066,2.18226750614279,2.18218006085614,3.21856185262392,3.22462247542252,3.21568955045813,3.21522081646896,3.21011540711779,3.21078501282212,3.21026505523123,3.20828939880282,3.20328146128373,3.15428653275827
550_chr17,0,-0.144119061716719,2.03647034076773,2.03920679621399,2.27817014446536,2.27739553368416,2.14574418811798,2.145767315328,3.42434570495115,3.4308816403511,3.42142381115013,3.42034611050724,3.41497247376264,3.41592837859063,3.41585601734866,3.39846880671565,3.39357923973,3.37180249552168
551_chr17,0,-0.283312960830601,-0.90284662395818,-0.89988824575909,0.719483603468772,0.717384284111361,-0.573260304793456,-0.572781242279747,1.18933809399048,1.19081579138131,1.18956831351724,1.18907551757198,1.18768709173904,1.18692765570187,1.18779017505725,1.18819031241649,1.18816024956969,1.4714563838854
552_chr17,0,-0.113374440669187,2.01189458575117,2.01440803139938,2.22000693328974,2.21945585687383,2.16955321079172,2.1695042573907,3.29019818849002,3.29642427448103,3.28730862275861,3.28662789866797,3.28142911548097,3.28219838605185,3.28183424322495,3.27449360183424,3.26952687081019,3.23000698598402
553_chr17,0,-0.0997509935060529,2.00100466456969,2.00341929090911,2.19423385795848,2.19378183329571,2.18010338026364,2.18002248675855,3.23075521797012,3.23684400459273,3.22787997733797,3.22737516008567,3.22225385738541,3.22294042724787,3.22244699120252,3.21955814985292,3.21455722617454,3.16717506396522
554_chr17,0,0.0649206624774458,-1.1953240339571,-1.19489525533742,0.0522578812156049,0.0526890109423575,-0.315667013791077,-0.316003783576892,-0.343256946721908,-0.34531870391438,-0.342645294899125,-0.338630652166223,-0.338016468027933,-0.340901693041705,-0.343345868987873,-0.228858948754209,-0.229742151360612,-0.146376415078206
555_chr17,0,-0.0879705816327004,1.99158797617577,1.99391715188405,2.17194746898441,2.17158109595113,2.18922627993982,2.18911776731771,3.17935393404289,3.18532399571357,3.17649108055236,3.17613837274653,3.17108406865792,3.17169912589986,3.171093887948,3.1720545890405,3.167024098429,3.11284329966853
556_chr17,0,0.0598279043851465,-1.19836227122844,-1.19789838743557,0.0576463852820055,0.0580397585216765,-0.325696131328367,-0.326020659155148,-0.327659669234539,-0.329685157747946,-0.327045685624823,-0.323091249421259,-0.322494897206924,-0.325355173400327,-0.327751916429962,-0.214781730133651,-0.215641640190042,-0.128813059738484
557_chr17,0,-0.100691131127962,2.00175616486765,2.00417761060813,2.19601242673487,2.19555356663034,2.1793753258205,2.17929663646338,3.23485730551629,3.24095556700236,3.23198107632636,3.23146411995576,3.22633747042076,3.22702974735915,3.22654523368252,3.22334917899303,3.21835061490839,3.17151101895806
558_chr17,0,-0.0952074388077475,1.99737276788775,1.99975443700796,2.18563828180885,2.1852192918878,2.18362196638198,2.18353042053551,3.21093039795557,3.21697339387757,3.20805993488605,3.20761378430836,3.2025183221186,3.20317731047488,3.20264075385929,3.20123663196069,3.19622430469308,3.14621999502609
559_chr17,0,-0.109673153636182,2.0089359568831,2.01142255480167,2.21300477382291,2.21248060828829,2.17241953419686,2.17236190314682,3.27404842159519,3.28023720539933,3.27116274777921,3.27052981494815,3.26535208205168,3.2660988840758,3.26569961421334,3.25956846037511,3.25459243971778,3.21293649160457
560_chr17,0,-0.0997509935060529,2.00100466456969,2.00341929090911,2.19423385795848,2.19378183329571,2.18010338026364,2.18002248675855,3.23075521797012,3.23684400459273,3.22787997733797,3.22737516008567,3.22225385738541,3.22294042724787,3.22244699120252,3.21955814985292,3.21455722617454,3.16717506396522
561_chr17,0,0.0803133120386439,-1.19351178407849,-1.19319101268395,0.0315690682660121,0.0321135599343241,-0.291663528494716,-0.292036985968124,-0.397266644120049,-0.399453632839717,-0.396654070377735,-0.392451700170676,-0.391772078153864,-0.394738896067615,-0.397327369003099,-0.278103307190366,-0.279046013313521,-0.205603566310864
563_chr17,0,-0.230310688908853,2.10536773622034,2.10872939297723,2.4412289704693,2.43982768776888,2.07899630389682,2.07922150694785,3.80042426222765,3.80782885119468,3.79741173764865,3.79522112509373,3.78935729162083,3.79083642001646,3.79158205973639,3.74602959218398,3.74135635227617,3.76932197304896
564_chr17,0,0.0270313048609803,-1.15092073853708,-1.15021347970977,0.132368900228299,0.132525995361874,-0.332925787510174,-0.333174325582918,-0.164782108893633,-0.166432112675159,-0.164225561356183,-0.160711171901049,-0.160334580079235,-0.162977951240737,-0.165060751704975,-0.0632479103347365,-0.0640568872165539,0.0401353336829238
565_chr17,0,-0.0116368165025274,1.93057047628756,1.9323459558706,2.02753791863632,2.02772654414122,2.24834011132991,2.24805263457534,2.84628802965237,2.85148878693085,2.84350544136561,2.84413836011391,2.83951818823911,2.83966986375565,2.83834018080449,2.86424483731998,2.85902276127392,2.76078870433533
566_chr17,0,0.0278943492976813,-1.16572699971603,-1.16502964629064,0.122304907301887,0.12246683047694,-0.344340658155049,-0.344590619933879,-0.181700622801103,-0.183389222645614,-0.181127904267763,-0.177591347705631,-0.177187742926063,-0.179848200867795,-0.181940978879116,-0.0795533269555979,-0.080343599489856,0.0243905277151044
567_chr17,0,0.0913894081788048,-1.18838294497708,-1.18813890473385,0.0189664399181431,0.0195928955208773,-0.271117411589915,-0.271517430926486,-0.432566709440475,-0.434835710242186,-0.431957607917866,-0.427623141330236,-0.426902421324571,-0.429924740977863,-0.43261656162927,-0.310063123105661,-0.311054300996204,-0.24503414009676
568_chr17,0,-0.27469939459402,-0.909731889947371,-0.906835991284586,0.703188308391986,0.701151615536251,-0.566589850358143,-0.566130982307609,1.15175465730657,1.15314554574297,1.1519939340264,1.15161235701019,1.15027291902127,1.14946119460061,1.15024196697317,1.15345680123453,1.15340511972621,1.43173024735035
569_chr17,0,-0.301780484703651,-0.888084583412457,-0.884992248812896,0.754420787741051,0.752187196888767,-0.587561788423438,-0.587039428891914,1.26991714744267,1.27158096361336,1.27012794830766,1.26939669848962,1.26790324250379,1.26725591299067,1.26829369823653,1.26265911306536,1.26267540072387,1.55662939523687
570_chr17,0,-0.00466181132474053,-1.12558680263046,-1.12464965398179,0.192326491075611,0.192253155637296,-0.357469336793176,-0.357643570512746,-0.0264960386683559,-0.0278266339490392,-0.0259728165462612,-0.0228676506744585,-0.0226713067765987,-0.0251222858710238,-0.0269043030646601,0.0645520246971634,0.0638225924235099,0.186305343436597
571_chr17,0,-0.298038430939237,-0.898117110689581,-0.895053737769641,0.743135952501331,0.740928847222442,-0.590691056458144,-0.590177171021552,1.24702882973868,1.24864001954392,1.24725117888333,1.24657374523555,1.24511259724558,1.2444366420327,1.24543802206815,1.24117229052094,1.24118959649501,1.53350274752733
572_chr17,0,0.0579947606956484,-1.18271273090735,-1.18223188746608,0.0695861410212963,0.0699676398884723,-0.314974458125914,-0.315295290735273,-0.306445137681844,-0.308422109650407,-0.305848418471403,-0.301928728326998,-0.301365012517696,-0.30420225604584,-0.306579806223351,-0.194502841375318,-0.195379121268793,-0.108537586687248
573_chr17,0,-0.00068142937991178,-1.12876852639922,-1.12786024992862,0.184796334979077,0.184751939632437,-0.35438687876489,-0.354570444470121,-0.0438635759569106,-0.0452342861894444,-0.0433361684501792,-0.0401796076270897,-0.0399606261451595,-0.0424357680232514,-0.0442555610005182,0.048501455514558,0.0477620331244295,0.167947651365879
574_chr17,0,-0.0450039314077325,-1.09333927359195,-1.0921094985343,0.268646418585262,0.268279768417418,-0.38871078388331,-0.388790435703112,0.149528092822592,0.14860407214382,0.150008895073436,0.152593160859467,0.152560067445128,0.150353983924478,0.148954833305099,0.227228370419783,0.226600190358619,0.372364929734759
575_chr17,0,0.00717535272811198,-1.14209016742329,-1.14124069930812,0.16572718477871,0.165739191887094,-0.354329649224041,-0.354531335984328,-0.0847056224563896,-0.0861704279715965,-0.0841623400196854,-0.0808988333855862,-0.0806241422568808,-0.0831528881639896,-0.0850481371487448,0.0104223227692204,0.00967359139038804,0.125843700238316
576_chr17,0,-0.34374142340019,-0.854543049494159,-0.851146346190549,0.833803224582958,0.831264549085662,-0.620056869084629,-0.619436132341154,1.45300464446584,1.45509134996191,1.45317132326651,1.45189827107118,1.4501661710832,1.44977356413143,1.45120957933691,1.43186321429259,1.43198481713713,1.75015504233968
577_chr17,0,0.0126864340142301,-1.13945414634429,-1.13864283527494,0.159506777486784,0.159559575624963,-0.344034636590282,-0.344249543184715,-0.102191361878987,-0.103696795664142,-0.101649898020162,-0.0983207304730267,-0.0980257220832228,-0.100582013156481,-0.102528673736451,-0.00540337553062509,-0.0061763491010618,0.106294492640267
578_chr17,0,0.0404594865971308,-1.1616545740316,-1.16104471813186,0.106965231442892,0.107219958616774,-0.322526834050028,-0.322806854428026,-0.223373080878891,-0.225158416111331,-0.222802413564414,-0.219114638550868,-0.218661676773313,-0.221386563290583,-0.223596803808276,-0.117395970229515,-0.118238649680947,-0.0217960158203967
579_chr17,0,-0.0216552621616135,-1.14037210518089,-1.1393190180968,0.207531067732593,0.207331270588134,-0.394912369142388,-0.395045556617372,0.0212186354624957,0.0199992180768729,0.0217546632625418,0.0246625618432224,0.0248066815991574,0.0224350509529825,0.0208107190611444,0.107302419347358,0.106657580262301,0.241037485131134
580_chr17,0,0.102171253399312,-1.21098395949466,-1.21082173730068,-0.00978216703655899,-0.00907875322570506,-0.274736462760101,-0.27516116606825,-0.492639052319631,-0.495046329011002,-0.492003494880466,-0.487518893508902,-0.486714959053734,-0.489814464914475,-0.492610380471018,-0.366243692927601,-0.367241258956946,-0.306413328379119
581_chr17,0,0.0495972847628219,-1.16895888553258,-1.16841531174835,0.0896781852448076,0.0899993504440573,-0.315450407790663,-0.315751851690984,-0.263243890408643,-0.265121317892157,-0.262663614669499,-0.258857851810037,-0.258352920729772,-0.261133277964006,-0.263430240683525,-0.154243404387349,-0.155109018237857,-0.0639399324734375
582_chr17,0,0.0321355687404064,-1.15500083887225,-1.15433060443548,0.122712564654796,0.122906771268287,-0.328972981123323,-0.32923348611733,-0.187053462368072,-0.188754907770677,-0.186491547680454,-0.18291125163719,-0.182505630389485,-0.185179986824663,-0.187311229265218,-0.0838304427797545,-0.0846522305403723,0.0165942499766403
584_chr17,0,-0.082898062530016,1.98753325107144,1.98982563265372,2.1623511887341,2.16202169637456,2.1931545027708,2.1930340976529,3.15722109204835,3.1631400320271,3.15436357232826,3.15407636121993,3.14905090601548,3.14963517068941,3.1489817920348,3.15160006484754,3.14655684303151,3.08944862423269
585_chr17,0,-0.1229149501861,2.01952080512328,2.0221034540021,2.23805583585703,2.23743539342954,2.16216491977795,2.16213833405401,3.33182614205917,3.33814837889328,3.32892654445079,3.32812263267899,3.32286958985328,3.32369677578774,3.32342317709159,3.312964937038,3.30802215115354,3.27400822464323
586_chr17,0,0.113619073173248,-1.22013478993759,-1.22005560587805,-0.031439352466897,-0.0306527051979653,-0.265871126604513,-0.266322669269151,-0.542589142424625,-0.545111792149385,-0.541941547565514,-0.537309131198361,-0.536440089679061,-0.539609089170436,-0.542513650170762,-0.412406102922016,-0.413432401131968,-0.359211163663248
587_chr17,0,0.0459918396075472,-1.16607686800097,-1.16550714168766,0.0964990293730914,0.0967939805268627,-0.31824251003574,-0.318535500987838,-0.247512308855916,-0.24935340006296,-0.246935824254149,-0.243176615137692,-0.242692189267465,-0.245450659760046,-0.247713405030595,-0.139704737570711,-0.140561302335593,-0.0473114649404689
588_chr17,0,0.133793119619103,-1.28626991593965,-1.28634998032099,-0.09947374406299,-0.0985455434614382,-0.293054345483326,-0.293551061600444,-0.677209617685346,-0.680041502587357,-0.676486736979765,-0.671554780229328,-0.67049269498602,-0.67382613226557,-0.676928484955479,-0.539191325483292,-0.540194321244063,-0.493931544946545
589_chr17,0,0.0379723189317116,-1.19521369544726,-1.19459497776985,0.0904392555360307,0.0906722558362572,-0.354880353259364,-0.355153032354568,-0.245641661547733,-0.247477218876185,-0.245035173639297,-0.241351754417618,-0.240857275144788,-0.243596897720338,-0.245788033308746,-0.139662654773081,-0.14044653681358,-0.0399496914015374
591_chr17,0,-0.153018361847927,2.04358400853762,2.04638501612528,2.29500599591549,2.2941666811523,2.13885245774743,2.13889644932232,3.46317587979696,3.46980150382509,3.46024462835273,3.45905201936611,3.45362776972614,3.45463769747626,3.45464979497239,3.43435451678382,3.42948728560566,3.41284644902114
592_chr17,0,0.0247648358086204,-1.1632254188148,-1.16250536508778,0.128225375589975,0.128364545067386,-0.346764192909425,-0.347006817559455,-0.168045666324649,-0.16970272641125,-0.167476238484981,-0.163980090405138,-0.163594284074485,-0.166235744402806,-0.168298821790903,-0.0669338162000215,-0.067716234160347,0.0388239780119983
593_chr17,0,-0.198557806902926,2.07998602642334,2.08311735984032,2.38115831359927,2.37998789600902,2.1035861365855,2.10373689516269,3.66187741674879,3.66896199488509,3.6588982804291,3.65711766315768,3.65143441751425,3.65272079103627,3.65316508027855,3.6179886563021,3.61323572178355,3.62287632077181
594_chr17,0,-0.0623463732236411,1.97110523002708,1.97324853746482,2.12347114388676,2.12329107632636,2.20906999042383,2.20890140197263,3.06754823267992,3.07326004931262,3.06471232312838,3.06469047677283,3.05978190497326,3.0602414112623,3.0593929869615,3.0687270351726,3.06363223193228,2.99466335260577
596_chr17,0,0.0561225949986872,-1.17417490122247,-1.17367865955905,0.0773334893499287,0.0777020980053724,-0.310397125165429,-0.310713867623124,-0.291715672868619,-0.293658863514952,-0.291128535744414,-0.287238517653582,-0.286696475245536,-0.289516444170752,-0.291875335295888,-0.180556191660135,-0.181438182986523,-0.0940349428609579
597_chr17,0,0.126362311971054,-1.23736242682095,-1.2373774956168,-0.0597527867945242,-0.058874209197483,-0.262029763314173,-0.262510883307259,-0.604752187749092,-0.60741817928049,-0.604083579834814,-0.59928112340916,-0.598328581549716,-0.601580848152075,-0.604607240038781,-0.470189478185851,-0.471237349602403,-0.423851662406415
598_chr17,0,-0.108766578424042,2.00821128474344,2.01069130670992,2.21128969899962,2.21077212488515,2.17312159748617,2.17306184097505,3.27009277637824,3.27627242356647,3.26720805582905,3.26658682875626,3.2614142518154,3.26215555050314,3.26174767679574,3.25591276894565,3.25093447293081,3.20875532788358
599_chr17,0,-0.200621161361547,2.0816353716408,2.08478167184695,2.38506180360884,2.3838763840243,2.10198824884399,2.10214384494544,3.67088041846981,3.67798579143583,3.66789911252616,3.66609185308739,3.66039687255001,3.6616957716005,3.66215964309208,3.62630896675104,3.62156121091928,3.63239259994027
601_chr17,0,0.0353784067893607,-1.15759300591592,-1.15694629379407,0.116577706984634,0.116795491242614,-0.326461686399103,-0.326729794210777,-0.201202886095895,-0.20293701336019,-0.200637561553459,-0.197015393773797,-0.196591329567609,-0.199285371549382,-0.201447390119008,-0.0969069256836996,-0.0977368524446112,0.00163814195407896
602_chr17,0,0.0138284757139096,-1.85520037772244,-1.85458193852511,-0.269601093534777,-0.269613259897052,-0.955027167328011,-0.955214383629631,-0.77321347626411,-0.776244419183348,-0.771897889889914,-0.767995766134635,-0.766574918955926,-0.769738092948718,-0.771786074584735,-0.659461157797088,-0.659180148316226,-0.494705259157287
603_chr17,0,-0.00939855155886726,-1.12884179429178,-1.12787210537303,0.197081986438413,0.196973489957914,-0.367164689940627,-0.367327519264795,-0.0123889692530401,-0.0136867402018006,-0.0118631143309167,-0.00881361102998168,-0.00863318049155781,-0.0110613150328858,-0.0127992695089891,0.0772552551539252,0.0765481216007697,0.202283256925887
