sequenceID,min.log.lambda,max.log.lambda,possible.fp,fp,possible.fn,fn,labels,errors
H3K4me1_TDH_BP/samples/bcell/ERS206573/problems/chr1:149509645-205922707,-Inf,2.49371537218918,14,14,3,0,14,14
H3K4me1_TDH_BP/samples/bcell/ERS206573/problems/chr1:149509645-205922707,2.49371537218918,7.20019307487017,14,14,3,0,14,14
H3K4me1_TDH_BP/samples/bcell/ERS206573/problems/chr1:149509645-205922707,7.20019307487017,8.82402158027295,14,9,3,0,14,9
H3K4me1_TDH_BP/samples/bcell/ERS206573/problems/chr1:149509645-205922707,8.82402158027295,9.38615065614629,14,3,3,0,14,3
H3K4me1_TDH_BP/samples/bcell/ERS206573/problems/chr1:149509645-205922707,9.38615065614629,9.70499354690208,14,3,3,0,14,3
H3K4me1_TDH_BP/samples/bcell/ERS206573/problems/chr1:149509645-205922707,9.70499354690208,10.0729261822175,14,1,3,0,14,1
H3K4me1_TDH_BP/samples/bcell/ERS206573/problems/chr1:149509645-205922707,10.0729261822175,10.4609806241389,14,1,3,0,14,1
H3K4me1_TDH_BP/samples/bcell/ERS206573/problems/chr1:149509645-205922707,10.4609806241389,10.6729912756928,14,1,3,0,14,1
H3K4me1_TDH_BP/samples/bcell/ERS206573/problems/chr1:149509645-205922707,10.6729912756928,10.6893737238617,14,1,3,0,14,1
H3K4me1_TDH_BP/samples/bcell/ERS206573/problems/chr1:149509645-205922707,10.6893737238617,10.6904389458624,14,0,3,0,14,0
H3K4me1_TDH_BP/samples/bcell/ERS206573/problems/chr1:149509645-205922707,10.6904389458624,10.6938352900867,14,0,3,0,14,0
H3K4me1_TDH_BP/samples/bcell/ERS206573/problems/chr1:149509645-205922707,10.6938352900867,10.6995196097373,14,0,3,0,14,0
H3K4me1_TDH_BP/samples/bcell/ERS206573/problems/chr1:149509645-205922707,10.6995196097373,10.7055658073782,14,0,3,0,14,0
H3K4me1_TDH_BP/samples/bcell/ERS206573/problems/chr1:149509645-205922707,10.7055658073782,10.7373730483783,14,0,3,0,14,0
H3K4me1_TDH_BP/samples/bcell/ERS206573/problems/chr1:149509645-205922707,10.7373730483783,10.8305585086963,14,0,3,0,14,0
H3K4me1_TDH_BP/samples/bcell/ERS206573/problems/chr1:149509645-205922707,10.8305585086963,11.0028951698595,14,0,3,0,14,0
H3K4me1_TDH_BP/samples/bcell/ERS206573/problems/chr1:149509645-205922707,11.0028951698595,11.2275870495582,14,0,3,0,14,0
H3K4me1_TDH_BP/samples/bcell/ERS206573/problems/chr1:149509645-205922707,11.2275870495582,11.3883161635194,14,0,3,0,14,0
H3K4me1_TDH_BP/samples/bcell/ERS206573/problems/chr1:149509645-205922707,11.3883161635194,11.4534626820511,14,0,3,0,14,0
H3K4me1_TDH_BP/samples/bcell/ERS206573/problems/chr1:149509645-205922707,11.4534626820511,11.4803009533464,14,0,3,0,14,0
H3K4me1_TDH_BP/samples/bcell/ERS206573/problems/chr1:149509645-205922707,11.4803009533464,11.4886440752052,14,0,3,0,14,0
H3K4me1_TDH_BP/samples/bcell/ERS206573/problems/chr1:149509645-205922707,11.4886440752052,11.4941818007926,14,0,3,2,14,2
H3K4me1_TDH_BP/samples/bcell/ERS206573/problems/chr1:149509645-205922707,11.4941818007926,11.4988201914161,14,0,3,2,14,2
H3K4me1_TDH_BP/samples/bcell/ERS206573/problems/chr1:149509645-205922707,11.4988201914161,11.5316212827787,14,0,3,2,14,2
H3K4me1_TDH_BP/samples/bcell/ERS206573/problems/chr1:149509645-205922707,11.5316212827787,11.9952208154615,14,0,3,2,14,2
H3K4me1_TDH_BP/samples/bcell/ERS206573/problems/chr1:149509645-205922707,11.9952208154615,13.8480563647601,14,0,3,2,14,2
H3K4me1_TDH_BP/samples/bcell/ERS206573/problems/chr1:149509645-205922707,13.8480563647601,Inf,14,0,3,3,14,3
H3K4me1_TDH_BP/samples/bcell/ERS206573/problems/chr2:162200000-234003741,-Inf,2.4994171120827,8,8,4,0,8,8
H3K4me1_TDH_BP/samples/bcell/ERS206573/problems/chr2:162200000-234003741,2.4994171120827,6.98898486410064,8,8,4,0,8,8
H3K4me1_TDH_BP/samples/bcell/ERS206573/problems/chr2:162200000-234003741,6.98898486410064,8.45064762930057,8,8,4,0,8,8
H3K4me1_TDH_BP/samples/bcell/ERS206573/problems/chr2:162200000-234003741,8.45064762930057,8.94589168837732,8,7,4,0,8,7
H3K4me1_TDH_BP/samples/bcell/ERS206573/problems/chr2:162200000-234003741,8.94589168837732,9.53173085108383,8,6,4,0,8,6
H3K4me1_TDH_BP/samples/bcell/ERS206573/problems/chr2:162200000-234003741,9.53173085108383,10.1783750232227,8,1,4,0,8,1
H3K4me1_TDH_BP/samples/bcell/ERS206573/problems/chr2:162200000-234003741,10.1783750232227,10.5332165811871,8,1,4,0,8,1
H3K4me1_TDH_BP/samples/bcell/ERS206573/problems/chr2:162200000-234003741,10.5332165811871,10.6751762138113,8,1,4,0,8,1
H3K4me1_TDH_BP/samples/bcell/ERS206573/problems/chr2:162200000-234003741,10.6751762138113,10.7028809193819,8,1,4,0,8,1
H3K4me1_TDH_BP/samples/bcell/ERS206573/problems/chr2:162200000-234003741,10.7028809193819,10.7170538749917,8,1,4,0,8,1
H3K4me1_TDH_BP/samples/bcell/ERS206573/problems/chr2:162200000-234003741,10.7170538749917,10.7185178946267,8,1,4,0,8,1
H3K4me1_TDH_BP/samples/bcell/ERS206573/problems/chr2:162200000-234003741,10.7185178946267,10.7209198565106,8,1,4,0,8,1
H3K4me1_TDH_BP/samples/bcell/ERS206573/problems/chr2:162200000-234003741,10.7209198565106,10.7211563889459,8,1,4,0,8,1
H3K4me1_TDH_BP/samples/bcell/ERS206573/problems/chr2:162200000-234003741,10.7211563889459,10.7272713548959,8,0,4,0,8,0
H3K4me1_TDH_BP/samples/bcell/ERS206573/problems/chr2:162200000-234003741,10.7272713548959,10.7632417244749,8,0,4,0,8,0
H3K4me1_TDH_BP/samples/bcell/ERS206573/problems/chr2:162200000-234003741,10.7632417244749,10.8559020323185,8,0,4,0,8,0
H3K4me1_TDH_BP/samples/bcell/ERS206573/problems/chr2:162200000-234003741,10.8559020323185,11.2111738306499,8,0,4,0,8,0
H3K4me1_TDH_BP/samples/bcell/ERS206573/problems/chr2:162200000-234003741,11.2111738306499,11.5805843903836,8,0,4,0,8,0
H3K4me1_TDH_BP/samples/bcell/ERS206573/problems/chr2:162200000-234003741,11.5805843903836,11.7295415954138,8,0,4,0,8,0
H3K4me1_TDH_BP/samples/bcell/ERS206573/problems/chr2:162200000-234003741,11.7295415954138,11.7312777958652,8,0,4,0,8,0
H3K4me1_TDH_BP/samples/bcell/ERS206573/problems/chr2:162200000-234003741,11.7312777958652,11.7379457094949,8,0,4,2,8,2
H3K4me1_TDH_BP/samples/bcell/ERS206573/problems/chr2:162200000-234003741,11.7379457094949,11.7472672866196,8,0,4,2,8,2
H3K4me1_TDH_BP/samples/bcell/ERS206573/problems/chr2:162200000-234003741,11.7472672866196,11.7744462854134,8,0,4,2,8,2
H3K4me1_TDH_BP/samples/bcell/ERS206573/problems/chr2:162200000-234003741,11.7744462854134,11.8248673192966,8,0,4,2,8,2
H3K4me1_TDH_BP/samples/bcell/ERS206573/problems/chr2:162200000-234003741,11.8248673192966,11.929221428897,8,0,4,2,8,2
H3K4me1_TDH_BP/samples/bcell/ERS206573/problems/chr2:162200000-234003741,11.929221428897,13.3977909178109,8,0,4,2,8,2
H3K4me1_TDH_BP/samples/bcell/ERS206573/problems/chr2:162200000-234003741,13.3977909178109,Inf,8,0,4,4,8,4
H3K4me1_TDH_BP/samples/bcell/ERS206573/problems/chr2:16329724-21153113,-Inf,2.51389757963527,7,7,2,0,7,7
H3K4me1_TDH_BP/samples/bcell/ERS206573/problems/chr2:16329724-21153113,2.51389757963527,6.99994420939629,7,7,2,0,7,7
H3K4me1_TDH_BP/samples/bcell/ERS206573/problems/chr2:16329724-21153113,6.99994420939629,8.47476188634633,7,7,2,0,7,7
H3K4me1_TDH_BP/samples/bcell/ERS206573/problems/chr2:16329724-21153113,8.47476188634633,9.21301888398416,7,6,2,0,7,6
H3K4me1_TDH_BP/samples/bcell/ERS206573/problems/chr2:16329724-21153113,9.21301888398416,10.1779033415834,7,2,2,0,7,2
H3K4me1_TDH_BP/samples/bcell/ERS206573/problems/chr2:16329724-21153113,10.1779033415834,10.2995880758287,7,2,2,0,7,2
H3K4me1_TDH_BP/samples/bcell/ERS206573/problems/chr2:16329724-21153113,10.2995880758287,10.3291910200183,7,1,2,0,7,1
H3K4me1_TDH_BP/samples/bcell/ERS206573/problems/chr2:16329724-21153113,10.3291910200183,10.3390842665724,7,1,2,0,7,1
H3K4me1_TDH_BP/samples/bcell/ERS206573/problems/chr2:16329724-21153113,10.3390842665724,10.3546319502812,7,0,2,0,7,0
H3K4me1_TDH_BP/samples/bcell/ERS206573/problems/chr2:16329724-21153113,10.3546319502812,10.5030791447978,7,0,2,0,7,0
H3K4me1_TDH_BP/samples/bcell/ERS206573/problems/chr2:16329724-21153113,10.5030791447978,10.8521955644997,7,0,2,0,7,0
H3K4me1_TDH_BP/samples/bcell/ERS206573/problems/chr2:16329724-21153113,10.8521955644997,11.5983903647298,7,0,2,0,7,0
H3K4me1_TDH_BP/samples/bcell/ERS206573/problems/chr2:16329724-21153113,11.5983903647298,12.394137481717,7,0,2,0,7,0
H3K4me1_TDH_BP/samples/bcell/ERS206573/problems/chr2:16329724-21153113,12.394137481717,12.7544814193943,7,0,2,0,7,0
H3K4me1_TDH_BP/samples/bcell/ERS206573/problems/chr2:16329724-21153113,12.7544814193943,12.8825327092467,7,0,2,0,7,0
H3K4me1_TDH_BP/samples/bcell/ERS206573/problems/chr2:16329724-21153113,12.8825327092467,13.0337495128995,7,0,2,0,7,0
H3K4me1_TDH_BP/samples/bcell/ERS206573/problems/chr2:16329724-21153113,13.0337495128995,13.0525728274735,7,0,2,2,7,2
H3K4me1_TDH_BP/samples/bcell/ERS206573/problems/chr2:16329724-21153113,13.0525728274735,14.5605772878552,7,0,2,2,7,2
H3K4me1_TDH_BP/samples/bcell/ERS206573/problems/chr2:16329724-21153113,14.5605772878552,Inf,7,0,2,2,7,2
H3K4me1_TDH_BP/samples/bcell/ERS206573/problems/chr3:60000-66170270,-Inf,2.49400585257367,11,11,0,0,11,11
H3K4me1_TDH_BP/samples/bcell/ERS206573/problems/chr3:60000-66170270,2.49400585257367,7.13526314925185,11,11,0,0,11,11
H3K4me1_TDH_BP/samples/bcell/ERS206573/problems/chr3:60000-66170270,7.13526314925185,8.71503422539911,11,10,0,0,11,10
H3K4me1_TDH_BP/samples/bcell/ERS206573/problems/chr3:60000-66170270,8.71503422539911,9.38124560859305,11,9,0,0,11,9
H3K4me1_TDH_BP/samples/bcell/ERS206573/problems/chr3:60000-66170270,9.38124560859305,9.894973110979,11,11,0,0,11,11
H3K4me1_TDH_BP/samples/bcell/ERS206573/problems/chr3:60000-66170270,9.894973110979,10.1774082899051,11,11,0,0,11,11
H3K4me1_TDH_BP/samples/bcell/ERS206573/problems/chr3:60000-66170270,10.1774082899051,10.2899508282715,11,4,0,0,11,4
H3K4me1_TDH_BP/samples/bcell/ERS206573/problems/chr3:60000-66170270,10.2899508282715,10.3086268909207,11,4,0,0,11,4
H3K4me1_TDH_BP/samples/bcell/ERS206573/problems/chr3:60000-66170270,10.3086268909207,10.3140248791638,11,4,0,0,11,4
H3K4me1_TDH_BP/samples/bcell/ERS206573/problems/chr3:60000-66170270,10.3140248791638,10.3143962897301,11,4,0,0,11,4
H3K4me1_TDH_BP/samples/bcell/ERS206573/problems/chr3:60000-66170270,10.3143962897301,10.3156950103347,11,0,0,0,11,0
H3K4me1_TDH_BP/samples/bcell/ERS206573/problems/chr3:60000-66170270,10.3156950103347,10.3192643929617,11,0,0,0,11,0
H3K4me1_TDH_BP/samples/bcell/ERS206573/problems/chr3:60000-66170270,10.3192643929617,10.3269646040489,11,0,0,0,11,0
H3K4me1_TDH_BP/samples/bcell/ERS206573/problems/chr3:60000-66170270,10.3269646040489,10.3616269186235,11,0,0,0,11,0
H3K4me1_TDH_BP/samples/bcell/ERS206573/problems/chr3:60000-66170270,10.3616269186235,10.4334938503923,11,0,0,0,11,0
H3K4me1_TDH_BP/samples/bcell/ERS206573/problems/chr3:60000-66170270,10.4334938503923,12.4309559591584,11,0,0,0,11,0
H3K4me1_TDH_BP/samples/bcell/ERS206573/problems/chr3:60000-66170270,12.4309559591584,Inf,11,0,0,0,11,0
H3K4me1_TDH_BP/samples/bcell/ERS206573/problems/chr4:75452279-190000000,-Inf,2.51018035670711,11,11,3,0,11,11
H3K4me1_TDH_BP/samples/bcell/ERS206573/problems/chr4:75452279-190000000,2.51018035670711,6.85190200705167,11,11,3,0,11,11
H3K4me1_TDH_BP/samples/bcell/ERS206573/problems/chr4:75452279-190000000,6.85190200705167,8.53210143041425,11,11,3,0,11,11
H3K4me1_TDH_BP/samples/bcell/ERS206573/problems/chr4:75452279-190000000,8.53210143041425,9.91036464625668,11,6,3,0,11,6
H3K4me1_TDH_BP/samples/bcell/ERS206573/problems/chr4:75452279-190000000,9.91036464625668,10.4715921901156,11,1,3,0,11,1
H3K4me1_TDH_BP/samples/bcell/ERS206573/problems/chr4:75452279-190000000,10.4715921901156,10.6774535302354,11,1,3,0,11,1
H3K4me1_TDH_BP/samples/bcell/ERS206573/problems/chr4:75452279-190000000,10.6774535302354,10.762812895207,11,1,3,0,11,1
H3K4me1_TDH_BP/samples/bcell/ERS206573/problems/chr4:75452279-190000000,10.762812895207,10.7877078547292,11,1,3,0,11,1
H3K4me1_TDH_BP/samples/bcell/ERS206573/problems/chr4:75452279-190000000,10.7877078547292,10.8041171527423,11,1,3,0,11,1
H3K4me1_TDH_BP/samples/bcell/ERS206573/problems/chr4:75452279-190000000,10.8041171527423,10.818467658717,11,1,3,0,11,1
H3K4me1_TDH_BP/samples/bcell/ERS206573/problems/chr4:75452279-190000000,10.818467658717,10.8207029721541,11,1,3,0,11,1
H3K4me1_TDH_BP/samples/bcell/ERS206573/problems/chr4:75452279-190000000,10.8207029721541,10.8207419603263,11,0,3,0,11,0
H3K4me1_TDH_BP/samples/bcell/ERS206573/problems/chr4:75452279-190000000,10.8207419603263,10.8217949455797,11,0,3,0,11,0
H3K4me1_TDH_BP/samples/bcell/ERS206573/problems/chr4:75452279-190000000,10.8217949455797,10.8643061398277,11,0,3,0,11,0
H3K4me1_TDH_BP/samples/bcell/ERS206573/problems/chr4:75452279-190000000,10.8643061398277,11.2205553143431,11,0,3,0,11,0
H3K4me1_TDH_BP/samples/bcell/ERS206573/problems/chr4:75452279-190000000,11.2205553143431,11.5921505959741,11,0,3,0,11,0
H3K4me1_TDH_BP/samples/bcell/ERS206573/problems/chr4:75452279-190000000,11.5921505959741,11.6743406910324,11,0,3,0,11,0
H3K4me1_TDH_BP/samples/bcell/ERS206573/problems/chr4:75452279-190000000,11.6743406910324,11.7017762558008,11,0,3,0,11,0
H3K4me1_TDH_BP/samples/bcell/ERS206573/problems/chr4:75452279-190000000,11.7017762558008,11.710584435995,11,0,3,0,11,0
H3K4me1_TDH_BP/samples/bcell/ERS206573/problems/chr4:75452279-190000000,11.710584435995,11.7108152968304,11,0,3,2,11,2
H3K4me1_TDH_BP/samples/bcell/ERS206573/problems/chr4:75452279-190000000,11.7108152968304,11.7124099030853,11,0,3,2,11,2
H3K4me1_TDH_BP/samples/bcell/ERS206573/problems/chr4:75452279-190000000,11.7124099030853,11.721561349233,11,0,3,2,11,2
H3K4me1_TDH_BP/samples/bcell/ERS206573/problems/chr4:75452279-190000000,11.721561349233,11.7707793638281,11,0,3,2,11,2
H3K4me1_TDH_BP/samples/bcell/ERS206573/problems/chr4:75452279-190000000,11.7707793638281,11.9777094013289,11,0,3,2,11,2
H3K4me1_TDH_BP/samples/bcell/ERS206573/problems/chr4:75452279-190000000,11.9777094013289,12.5561920712267,11,0,3,3,11,3
H3K4me1_TDH_BP/samples/bcell/ERS206573/problems/chr4:75452279-190000000,12.5561920712267,14.4093746649077,11,0,3,3,11,3
H3K4me1_TDH_BP/samples/bcell/ERS206573/problems/chr4:75452279-190000000,14.4093746649077,Inf,11,0,3,3,11,3
H3K4me1_TDH_BP/samples/bcell/ERS206573/problems/chr5:91686128-138787073,-Inf,2.52081211823867,15,15,3,0,15,15
H3K4me1_TDH_BP/samples/bcell/ERS206573/problems/chr5:91686128-138787073,2.52081211823867,7.0005321646993,15,15,3,0,15,15
H3K4me1_TDH_BP/samples/bcell/ERS206573/problems/chr5:91686128-138787073,7.0005321646993,8.46166992684843,15,14,3,0,15,14
H3K4me1_TDH_BP/samples/bcell/ERS206573/problems/chr5:91686128-138787073,8.46166992684843,8.96096342990647,15,11,3,0,15,11
H3K4me1_TDH_BP/samples/bcell/ERS206573/problems/chr5:91686128-138787073,8.96096342990647,9.3677891328725,15,10,3,0,15,10
H3K4me1_TDH_BP/samples/bcell/ERS206573/problems/chr5:91686128-138787073,9.3677891328725,9.65907359288289,15,10,3,0,15,10
H3K4me1_TDH_BP/samples/bcell/ERS206573/problems/chr5:91686128-138787073,9.65907359288289,9.79055192597013,15,10,3,0,15,10
H3K4me1_TDH_BP/samples/bcell/ERS206573/problems/chr5:91686128-138787073,9.79055192597013,9.83128370117275,15,11,3,0,15,11
H3K4me1_TDH_BP/samples/bcell/ERS206573/problems/chr5:91686128-138787073,9.83128370117275,9.85113228659085,15,11,3,0,15,11
H3K4me1_TDH_BP/samples/bcell/ERS206573/problems/chr5:91686128-138787073,9.85113228659085,9.85816680175551,15,11,3,0,15,11
H3K4me1_TDH_BP/samples/bcell/ERS206573/problems/chr5:91686128-138787073,9.85816680175551,9.86249511262285,15,11,3,0,15,11
H3K4me1_TDH_BP/samples/bcell/ERS206573/problems/chr5:91686128-138787073,9.86249511262285,9.86371591515431,15,11,3,0,15,11
H3K4me1_TDH_BP/samples/bcell/ERS206573/problems/chr5:91686128-138787073,9.86371591515431,9.86398999958436,15,11,3,0,15,11
H3K4me1_TDH_BP/samples/bcell/ERS206573/problems/chr5:91686128-138787073,9.86398999958436,9.86405276794586,15,0,3,0,15,0
H3K4me1_TDH_BP/samples/bcell/ERS206573/problems/chr5:91686128-138787073,9.86405276794586,9.91632771110948,15,0,3,0,15,0
H3K4me1_TDH_BP/samples/bcell/ERS206573/problems/chr5:91686128-138787073,9.91632771110948,10.3772033784518,15,0,3,0,15,0
H3K4me1_TDH_BP/samples/bcell/ERS206573/problems/chr5:91686128-138787073,10.3772033784518,11.0333845832833,15,0,3,0,15,0
H3K4me1_TDH_BP/samples/bcell/ERS206573/problems/chr5:91686128-138787073,11.0333845832833,11.1746896492269,15,0,3,0,15,0
H3K4me1_TDH_BP/samples/bcell/ERS206573/problems/chr5:91686128-138787073,11.1746896492269,11.1757933950987,15,0,3,0,15,0
H3K4me1_TDH_BP/samples/bcell/ERS206573/problems/chr5:91686128-138787073,11.1757933950987,11.1763546567703,15,0,3,2,15,2
H3K4me1_TDH_BP/samples/bcell/ERS206573/problems/chr5:91686128-138787073,11.1763546567703,11.1797413630645,15,0,3,2,15,2
H3K4me1_TDH_BP/samples/bcell/ERS206573/problems/chr5:91686128-138787073,11.1797413630645,11.1901386701814,15,0,3,2,15,2
H3K4me1_TDH_BP/samples/bcell/ERS206573/problems/chr5:91686128-138787073,11.1901386701814,11.2134734479366,15,0,3,2,15,2
H3K4me1_TDH_BP/samples/bcell/ERS206573/problems/chr5:91686128-138787073,11.2134734479366,11.2600958216169,15,0,3,2,15,2
H3K4me1_TDH_BP/samples/bcell/ERS206573/problems/chr5:91686128-138787073,11.2600958216169,11.3524099959293,15,0,3,2,15,2
H3K4me1_TDH_BP/samples/bcell/ERS206573/problems/chr5:91686128-138787073,11.3524099959293,11.7086365342873,15,0,3,2,15,2
H3K4me1_TDH_BP/samples/bcell/ERS206573/problems/chr5:91686128-138787073,11.7086365342873,13.4213585654014,15,0,3,2,15,2
H3K4me1_TDH_BP/samples/bcell/ERS206573/problems/chr5:91686128-138787073,13.4213585654014,Inf,15,0,3,3,15,3
H3K4me1_TDH_BP/samples/bcell/ERS353040/problems/chr1:149509645-205922707,-Inf,2.11764210267918,14,14,3,0,14,14
H3K4me1_TDH_BP/samples/bcell/ERS353040/problems/chr1:149509645-205922707,2.11764210267918,6.43325424618725,14,14,3,0,14,14
H3K4me1_TDH_BP/samples/bcell/ERS353040/problems/chr1:149509645-205922707,6.43325424618725,7.95276932821037,14,13,3,0,14,13
H3K4me1_TDH_BP/samples/bcell/ERS353040/problems/chr1:149509645-205922707,7.95276932821037,8.64320943731629,14,11,3,0,14,11
H3K4me1_TDH_BP/samples/bcell/ERS353040/problems/chr1:149509645-205922707,8.64320943731629,9.52688325873337,14,3,3,0,14,3
H3K4me1_TDH_BP/samples/bcell/ERS353040/problems/chr1:149509645-205922707,9.52688325873337,9.86545041223758,14,1,3,0,14,1
H3K4me1_TDH_BP/samples/bcell/ERS353040/problems/chr1:149509645-205922707,9.86545041223758,10.0342896676079,14,1,3,0,14,1
H3K4me1_TDH_BP/samples/bcell/ERS353040/problems/chr1:149509645-205922707,10.0342896676079,10.1136315095237,14,1,3,0,14,1
H3K4me1_TDH_BP/samples/bcell/ERS353040/problems/chr1:149509645-205922707,10.1136315095237,10.1469575101668,14,1,3,0,14,1
H3K4me1_TDH_BP/samples/bcell/ERS353040/problems/chr1:149509645-205922707,10.1469575101668,10.1470096438648,14,1,3,0,14,1
H3K4me1_TDH_BP/samples/bcell/ERS353040/problems/chr1:149509645-205922707,10.1470096438648,10.1473053412617,14,0,3,0,14,0
H3K4me1_TDH_BP/samples/bcell/ERS353040/problems/chr1:149509645-205922707,10.1473053412617,10.1490063027097,14,0,3,0,14,0
H3K4me1_TDH_BP/samples/bcell/ERS353040/problems/chr1:149509645-205922707,10.1490063027097,10.1548434592169,14,0,3,0,14,0
H3K4me1_TDH_BP/samples/bcell/ERS353040/problems/chr1:149509645-205922707,10.1548434592169,10.1660742605016,14,0,3,0,14,0
H3K4me1_TDH_BP/samples/bcell/ERS353040/problems/chr1:149509645-205922707,10.1660742605016,10.1861436543255,14,0,3,0,14,0
H3K4me1_TDH_BP/samples/bcell/ERS353040/problems/chr1:149509645-205922707,10.1861436543255,10.4424886719217,14,0,3,0,14,0
H3K4me1_TDH_BP/samples/bcell/ERS353040/problems/chr1:149509645-205922707,10.4424886719217,10.8278650060629,14,0,3,0,14,0
H3K4me1_TDH_BP/samples/bcell/ERS353040/problems/chr1:149509645-205922707,10.8278650060629,11.0380762722216,14,0,3,0,14,0
H3K4me1_TDH_BP/samples/bcell/ERS353040/problems/chr1:149509645-205922707,11.0380762722216,11.1397626371213,14,0,3,0,14,0
H3K4me1_TDH_BP/samples/bcell/ERS353040/problems/chr1:149509645-205922707,11.1397626371213,11.1674478334006,14,0,3,0,14,0
H3K4me1_TDH_BP/samples/bcell/ERS353040/problems/chr1:149509645-205922707,11.1674478334006,11.1691029477751,14,0,3,0,14,0
H3K4me1_TDH_BP/samples/bcell/ERS353040/problems/chr1:149509645-205922707,11.1691029477751,11.1701948804405,14,0,3,0,14,0
H3K4me1_TDH_BP/samples/bcell/ERS353040/problems/chr1:149509645-205922707,11.1701948804405,11.1806437365632,14,0,3,2,14,2
H3K4me1_TDH_BP/samples/bcell/ERS353040/problems/chr1:149509645-205922707,11.1806437365632,11.1909498910632,14,0,3,2,14,2
H3K4me1_TDH_BP/samples/bcell/ERS353040/problems/chr1:149509645-205922707,11.1909498910632,11.2081445197155,14,0,3,2,14,2
H3K4me1_TDH_BP/samples/bcell/ERS353040/problems/chr1:149509645-205922707,11.2081445197155,11.8654121996278,14,0,3,2,14,2
H3K4me1_TDH_BP/samples/bcell/ERS353040/problems/chr1:149509645-205922707,11.8654121996278,13.9528902136807,14,0,3,2,14,2
H3K4me1_TDH_BP/samples/bcell/ERS353040/problems/chr1:149509645-205922707,13.9528902136807,Inf,14,0,3,3,14,3
H3K4me1_TDH_BP/samples/bcell/ERS353040/problems/chr2:162200000-234003741,-Inf,2.07363734554297,8,8,4,0,8,8
H3K4me1_TDH_BP/samples/bcell/ERS353040/problems/chr2:162200000-234003741,2.07363734554297,6.19573587551336,8,8,4,0,8,8
H3K4me1_TDH_BP/samples/bcell/ERS353040/problems/chr2:162200000-234003741,6.19573587551336,7.96751343712833,8,8,4,0,8,8
H3K4me1_TDH_BP/samples/bcell/ERS353040/problems/chr2:162200000-234003741,7.96751343712833,9.12794668178362,8,5,4,0,8,5
H3K4me1_TDH_BP/samples/bcell/ERS353040/problems/chr2:162200000-234003741,9.12794668178362,9.70331026463287,8,4,4,0,8,4
H3K4me1_TDH_BP/samples/bcell/ERS353040/problems/chr2:162200000-234003741,9.70331026463287,9.96592803559403,8,3,4,0,8,3
H3K4me1_TDH_BP/samples/bcell/ERS353040/problems/chr2:162200000-234003741,9.96592803559403,10.170950214087,8,2,4,0,8,2
H3K4me1_TDH_BP/samples/bcell/ERS353040/problems/chr2:162200000-234003741,10.170950214087,10.2443528092704,8,2,4,0,8,2
H3K4me1_TDH_BP/samples/bcell/ERS353040/problems/chr2:162200000-234003741,10.2443528092704,10.2561479674749,8,2,4,0,8,2
H3K4me1_TDH_BP/samples/bcell/ERS353040/problems/chr2:162200000-234003741,10.2561479674749,10.2580439159924,8,2,4,0,8,2
H3K4me1_TDH_BP/samples/bcell/ERS353040/problems/chr2:162200000-234003741,10.2580439159924,10.2583670477238,8,2,4,0,8,2
H3K4me1_TDH_BP/samples/bcell/ERS353040/problems/chr2:162200000-234003741,10.2583670477238,10.2596438030924,8,0,4,0,8,0
H3K4me1_TDH_BP/samples/bcell/ERS353040/problems/chr2:162200000-234003741,10.2596438030924,10.2686115374664,8,0,4,0,8,0
H3K4me1_TDH_BP/samples/bcell/ERS353040/problems/chr2:162200000-234003741,10.2686115374664,10.2880105183138,8,0,4,0,8,0
H3K4me1_TDH_BP/samples/bcell/ERS353040/problems/chr2:162200000-234003741,10.2880105183138,10.332926860919,8,0,4,0,8,0
H3K4me1_TDH_BP/samples/bcell/ERS353040/problems/chr2:162200000-234003741,10.332926860919,10.4271626777842,8,0,4,0,8,0
H3K4me1_TDH_BP/samples/bcell/ERS353040/problems/chr2:162200000-234003741,10.4271626777842,10.5191216449335,8,0,4,0,8,0
H3K4me1_TDH_BP/samples/bcell/ERS353040/problems/chr2:162200000-234003741,10.5191216449335,10.5706779921993,8,0,4,0,8,0
H3K4me1_TDH_BP/samples/bcell/ERS353040/problems/chr2:162200000-234003741,10.5706779921993,10.5975303138913,8,0,4,0,8,0
H3K4me1_TDH_BP/samples/bcell/ERS353040/problems/chr2:162200000-234003741,10.5975303138913,10.6142024151284,8,0,4,0,8,0
H3K4me1_TDH_BP/samples/bcell/ERS353040/problems/chr2:162200000-234003741,10.6142024151284,10.6151635081369,8,0,4,0,8,0
H3K4me1_TDH_BP/samples/bcell/ERS353040/problems/chr2:162200000-234003741,10.6151635081369,10.6163736191201,8,0,4,2,8,2
H3K4me1_TDH_BP/samples/bcell/ERS353040/problems/chr2:162200000-234003741,10.6163736191201,10.6298681732325,8,0,4,2,8,2
H3K4me1_TDH_BP/samples/bcell/ERS353040/problems/chr2:162200000-234003741,10.6298681732325,10.9332314755291,8,0,4,2,8,2
H3K4me1_TDH_BP/samples/bcell/ERS353040/problems/chr2:162200000-234003741,10.9332314755291,11.4726347649189,8,0,4,2,8,2
H3K4me1_TDH_BP/samples/bcell/ERS353040/problems/chr2:162200000-234003741,11.4726347649189,11.8783305113399,8,0,4,2,8,2
H3K4me1_TDH_BP/samples/bcell/ERS353040/problems/chr2:162200000-234003741,11.8783305113399,12.4502844468361,8,0,4,2,8,2
H3K4me1_TDH_BP/samples/bcell/ERS353040/problems/chr2:162200000-234003741,12.4502844468361,13.0535310176552,8,0,4,4,8,4
H3K4me1_TDH_BP/samples/bcell/ERS353040/problems/chr2:162200000-234003741,13.0535310176552,14.344365237443,8,0,4,4,8,4
H3K4me1_TDH_BP/samples/bcell/ERS353040/problems/chr2:162200000-234003741,14.344365237443,Inf,8,0,4,4,8,4
H3K4me1_TDH_BP/samples/bcell/ERS353040/problems/chr2:16329724-21153113,-Inf,2.12042996908695,7,7,2,0,7,7
H3K4me1_TDH_BP/samples/bcell/ERS353040/problems/chr2:16329724-21153113,2.12042996908695,6.20221017867794,7,7,2,0,7,7
H3K4me1_TDH_BP/samples/bcell/ERS353040/problems/chr2:16329724-21153113,6.20221017867794,7.95842661145643,7,7,2,0,7,7
H3K4me1_TDH_BP/samples/bcell/ERS353040/problems/chr2:16329724-21153113,7.95842661145643,9.05630721039273,7,7,2,0,7,7
H3K4me1_TDH_BP/samples/bcell/ERS353040/problems/chr2:16329724-21153113,9.05630721039273,9.83456536282105,7,6,2,0,7,6
H3K4me1_TDH_BP/samples/bcell/ERS353040/problems/chr2:16329724-21153113,9.83456536282105,10.2463324770766,7,2,2,0,7,2
H3K4me1_TDH_BP/samples/bcell/ERS353040/problems/chr2:16329724-21153113,10.2463324770766,10.4441526297768,7,1,2,0,7,1
H3K4me1_TDH_BP/samples/bcell/ERS353040/problems/chr2:16329724-21153113,10.4441526297768,10.590356778742,7,1,2,0,7,1
H3K4me1_TDH_BP/samples/bcell/ERS353040/problems/chr2:16329724-21153113,10.590356778742,10.6481368984161,7,1,2,0,7,1
H3K4me1_TDH_BP/samples/bcell/ERS353040/problems/chr2:16329724-21153113,10.6481368984161,10.6888552992284,7,0,2,0,7,0
H3K4me1_TDH_BP/samples/bcell/ERS353040/problems/chr2:16329724-21153113,10.6888552992284,11.3473320760085,7,0,2,0,7,0
H3K4me1_TDH_BP/samples/bcell/ERS353040/problems/chr2:16329724-21153113,11.3473320760085,12.3509585490874,7,0,2,0,7,0
H3K4me1_TDH_BP/samples/bcell/ERS353040/problems/chr2:16329724-21153113,12.3509585490874,12.4751201555109,7,0,2,0,7,0
H3K4me1_TDH_BP/samples/bcell/ERS353040/problems/chr2:16329724-21153113,12.4751201555109,12.5746179904655,7,0,2,2,7,2
H3K4me1_TDH_BP/samples/bcell/ERS353040/problems/chr2:16329724-21153113,12.5746179904655,12.971266943385,7,0,2,2,7,2
H3K4me1_TDH_BP/samples/bcell/ERS353040/problems/chr2:16329724-21153113,12.971266943385,14.0510613010447,7,0,2,2,7,2
H3K4me1_TDH_BP/samples/bcell/ERS353040/problems/chr2:16329724-21153113,14.0510613010447,Inf,7,0,2,2,7,2
H3K4me1_TDH_BP/samples/bcell/ERS353040/problems/chr3:60000-66170270,-Inf,2.10283522528047,11,11,0,0,11,11
H3K4me1_TDH_BP/samples/bcell/ERS353040/problems/chr3:60000-66170270,2.10283522528047,6.33642978499209,11,11,0,0,11,11
H3K4me1_TDH_BP/samples/bcell/ERS353040/problems/chr3:60000-66170270,6.33642978499209,8.12790105533759,11,11,0,0,11,11
H3K4me1_TDH_BP/samples/bcell/ERS353040/problems/chr3:60000-66170270,8.12790105533759,9.53260833030397,11,11,0,0,11,11
H3K4me1_TDH_BP/samples/bcell/ERS353040/problems/chr3:60000-66170270,9.53260833030397,10.203046598179,11,11,0,0,11,11
H3K4me1_TDH_BP/samples/bcell/ERS353040/problems/chr3:60000-66170270,10.203046598179,10.4730929641769,11,7,0,0,11,7
H3K4me1_TDH_BP/samples/bcell/ERS353040/problems/chr3:60000-66170270,10.4730929641769,10.4896016168962,11,7,0,0,11,7
H3K4me1_TDH_BP/samples/bcell/ERS353040/problems/chr3:60000-66170270,10.4896016168962,10.4986178438321,11,7,0,0,11,7
H3K4me1_TDH_BP/samples/bcell/ERS353040/problems/chr3:60000-66170270,10.4986178438321,10.5002356780554,11,0,0,0,11,0
H3K4me1_TDH_BP/samples/bcell/ERS353040/problems/chr3:60000-66170270,10.5002356780554,10.5037084806877,11,0,0,0,11,0
H3K4me1_TDH_BP/samples/bcell/ERS353040/problems/chr3:60000-66170270,10.5037084806877,10.5094487880339,11,0,0,0,11,0
H3K4me1_TDH_BP/samples/bcell/ERS353040/problems/chr3:60000-66170270,10.5094487880339,10.5386801824785,11,0,0,0,11,0
H3K4me1_TDH_BP/samples/bcell/ERS353040/problems/chr3:60000-66170270,10.5386801824785,10.641770416122,11,0,0,0,11,0
H3K4me1_TDH_BP/samples/bcell/ERS353040/problems/chr3:60000-66170270,10.641770416122,10.8655087478899,11,0,0,0,11,0
H3K4me1_TDH_BP/samples/bcell/ERS353040/problems/chr3:60000-66170270,10.8655087478899,12.5298072448024,11,0,0,0,11,0
H3K4me1_TDH_BP/samples/bcell/ERS353040/problems/chr3:60000-66170270,12.5298072448024,Inf,11,0,0,0,11,0
H3K4me1_TDH_BP/samples/bcell/ERS353040/problems/chr4:75452279-190000000,-Inf,2.05882602010974,11,11,3,0,11,11
H3K4me1_TDH_BP/samples/bcell/ERS353040/problems/chr4:75452279-190000000,2.05882602010974,6.0612905728537,11,11,3,0,11,11
H3K4me1_TDH_BP/samples/bcell/ERS353040/problems/chr4:75452279-190000000,6.0612905728537,7.8103942497981,11,10,3,0,11,10
H3K4me1_TDH_BP/samples/bcell/ERS353040/problems/chr4:75452279-190000000,7.8103942497981,8.72721787613069,11,9,3,0,11,9
H3K4me1_TDH_BP/samples/bcell/ERS353040/problems/chr4:75452279-190000000,8.72721787613069,9.12505269579129,11,8,3,0,11,8
H3K4me1_TDH_BP/samples/bcell/ERS353040/problems/chr4:75452279-190000000,9.12505269579129,9.28508617860006,11,7,3,0,11,7
H3K4me1_TDH_BP/samples/bcell/ERS353040/problems/chr4:75452279-190000000,9.28508617860006,9.37493029788889,11,6,3,0,11,6
H3K4me1_TDH_BP/samples/bcell/ERS353040/problems/chr4:75452279-190000000,9.37493029788889,9.44205658416745,11,5,3,0,11,5
H3K4me1_TDH_BP/samples/bcell/ERS353040/problems/chr4:75452279-190000000,9.44205658416745,9.73942206133068,11,5,3,2,11,7
H3K4me1_TDH_BP/samples/bcell/ERS353040/problems/chr4:75452279-190000000,9.73942206133068,10.098776710801,11,5,3,2,11,7
H3K4me1_TDH_BP/samples/bcell/ERS353040/problems/chr4:75452279-190000000,10.098776710801,10.2148615029373,11,5,3,2,11,7
H3K4me1_TDH_BP/samples/bcell/ERS353040/problems/chr4:75452279-190000000,10.2148615029373,10.2720638375436,11,5,3,2,11,7
H3K4me1_TDH_BP/samples/bcell/ERS353040/problems/chr4:75452279-190000000,10.2720638375436,10.2990410013539,11,5,3,2,11,7
H3K4me1_TDH_BP/samples/bcell/ERS353040/problems/chr4:75452279-190000000,10.2990410013539,10.3145616499234,11,5,3,2,11,7
H3K4me1_TDH_BP/samples/bcell/ERS353040/problems/chr4:75452279-190000000,10.3145616499234,10.3199883586258,11,5,3,2,11,7
H3K4me1_TDH_BP/samples/bcell/ERS353040/problems/chr4:75452279-190000000,10.3199883586258,10.322240483966,11,5,3,2,11,7
H3K4me1_TDH_BP/samples/bcell/ERS353040/problems/chr4:75452279-190000000,10.322240483966,10.3234748285993,11,5,3,2,11,7
H3K4me1_TDH_BP/samples/bcell/ERS353040/problems/chr4:75452279-190000000,10.3234748285993,10.3757083320945,11,0,3,2,11,2
H3K4me1_TDH_BP/samples/bcell/ERS353040/problems/chr4:75452279-190000000,10.3757083320945,10.4502566212424,11,0,3,2,11,2
H3K4me1_TDH_BP/samples/bcell/ERS353040/problems/chr4:75452279-190000000,10.4502566212424,10.5100426699169,11,0,3,2,11,2
H3K4me1_TDH_BP/samples/bcell/ERS353040/problems/chr4:75452279-190000000,10.5100426699169,10.5847692069246,11,0,3,2,11,2
H3K4me1_TDH_BP/samples/bcell/ERS353040/problems/chr4:75452279-190000000,10.5847692069246,10.662270189456,11,0,3,2,11,2
H3K4me1_TDH_BP/samples/bcell/ERS353040/problems/chr4:75452279-190000000,10.662270189456,10.7358735552055,11,0,3,2,11,2
H3K4me1_TDH_BP/samples/bcell/ERS353040/problems/chr4:75452279-190000000,10.7358735552055,10.7791896700247,11,0,3,2,11,2
H3K4me1_TDH_BP/samples/bcell/ERS353040/problems/chr4:75452279-190000000,10.7791896700247,10.8367813835052,11,0,3,2,11,2
H3K4me1_TDH_BP/samples/bcell/ERS353040/problems/chr4:75452279-190000000,10.8367813835052,10.8766035608407,11,0,3,2,11,2
H3K4me1_TDH_BP/samples/bcell/ERS353040/problems/chr4:75452279-190000000,10.8766035608407,10.966058627557,11,0,3,2,11,2
H3K4me1_TDH_BP/samples/bcell/ERS353040/problems/chr4:75452279-190000000,10.966058627557,11.0470325450419,11,0,3,2,11,2
H3K4me1_TDH_BP/samples/bcell/ERS353040/problems/chr4:75452279-190000000,11.0470325450419,11.0767132852388,11,0,3,2,11,2
H3K4me1_TDH_BP/samples/bcell/ERS353040/problems/chr4:75452279-190000000,11.0767132852388,11.081286107621,11,0,3,2,11,2
H3K4me1_TDH_BP/samples/bcell/ERS353040/problems/chr4:75452279-190000000,11.081286107621,11.0893256259288,11,0,3,2,11,2
H3K4me1_TDH_BP/samples/bcell/ERS353040/problems/chr4:75452279-190000000,11.0893256259288,11.0895636549944,11,0,3,3,11,3
H3K4me1_TDH_BP/samples/bcell/ERS353040/problems/chr4:75452279-190000000,11.0895636549944,11.0936531926569,11,0,3,3,11,3
H3K4me1_TDH_BP/samples/bcell/ERS353040/problems/chr4:75452279-190000000,11.0936531926569,11.1086701116187,11,0,3,3,11,3
H3K4me1_TDH_BP/samples/bcell/ERS353040/problems/chr4:75452279-190000000,11.1086701116187,11.1870540485216,11,0,3,3,11,3
H3K4me1_TDH_BP/samples/bcell/ERS353040/problems/chr4:75452279-190000000,11.1870540485216,11.374786149581,11,0,3,3,11,3
H3K4me1_TDH_BP/samples/bcell/ERS353040/problems/chr4:75452279-190000000,11.374786149581,12.0494651498216,11,0,3,3,11,3
H3K4me1_TDH_BP/samples/bcell/ERS353040/problems/chr4:75452279-190000000,12.0494651498216,14.1134451013767,11,0,3,3,11,3
H3K4me1_TDH_BP/samples/bcell/ERS353040/problems/chr4:75452279-190000000,14.1134451013767,Inf,11,0,3,3,11,3
H3K4me1_TDH_BP/samples/bcell/ERS353040/problems/chr5:91686128-138787073,-Inf,2.07777006316308,15,15,3,0,15,15
H3K4me1_TDH_BP/samples/bcell/ERS353040/problems/chr5:91686128-138787073,2.07777006316308,6.18607836925643,15,15,3,0,15,15
H3K4me1_TDH_BP/samples/bcell/ERS353040/problems/chr5:91686128-138787073,6.18607836925643,7.96646822882253,15,15,3,0,15,15
H3K4me1_TDH_BP/samples/bcell/ERS353040/problems/chr5:91686128-138787073,7.96646822882253,9.13595202127592,15,12,3,0,15,12
H3K4me1_TDH_BP/samples/bcell/ERS353040/problems/chr5:91686128-138787073,9.13595202127592,9.82549254026335,15,11,3,0,15,11
H3K4me1_TDH_BP/samples/bcell/ERS353040/problems/chr5:91686128-138787073,9.82549254026335,10.2025534967572,15,11,3,0,15,11
H3K4me1_TDH_BP/samples/bcell/ERS353040/problems/chr5:91686128-138787073,10.2025534967572,10.325315899091,15,11,3,1,15,12
H3K4me1_TDH_BP/samples/bcell/ERS353040/problems/chr5:91686128-138787073,10.325315899091,10.3424421401178,15,11,3,1,15,12
H3K4me1_TDH_BP/samples/bcell/ERS353040/problems/chr5:91686128-138787073,10.3424421401178,10.3512426150087,15,11,3,1,15,12
H3K4me1_TDH_BP/samples/bcell/ERS353040/problems/chr5:91686128-138787073,10.3512426150087,10.3520668364762,15,0,3,0,15,0
H3K4me1_TDH_BP/samples/bcell/ERS353040/problems/chr5:91686128-138787073,10.3520668364762,10.3709166199522,15,0,3,0,15,0
H3K4me1_TDH_BP/samples/bcell/ERS353040/problems/chr5:91686128-138787073,10.3709166199522,10.4065967438511,15,0,3,0,15,0
H3K4me1_TDH_BP/samples/bcell/ERS353040/problems/chr5:91686128-138787073,10.4065967438511,10.4283234453725,15,0,3,0,15,0
H3K4me1_TDH_BP/samples/bcell/ERS353040/problems/chr5:91686128-138787073,10.4283234453725,10.4376135965584,15,0,3,0,15,0
H3K4me1_TDH_BP/samples/bcell/ERS353040/problems/chr5:91686128-138787073,10.4376135965584,10.4393009746643,15,0,3,0,15,0
H3K4me1_TDH_BP/samples/bcell/ERS353040/problems/chr5:91686128-138787073,10.4393009746643,10.4402948325491,15,0,3,0,15,0
H3K4me1_TDH_BP/samples/bcell/ERS353040/problems/chr5:91686128-138787073,10.4402948325491,10.4420328024986,15,0,3,0,15,0
H3K4me1_TDH_BP/samples/bcell/ERS353040/problems/chr5:91686128-138787073,10.4420328024986,10.5217624903389,15,0,3,2,15,2
H3K4me1_TDH_BP/samples/bcell/ERS353040/problems/chr5:91686128-138787073,10.5217624903389,10.9021466725228,15,0,3,2,15,2
H3K4me1_TDH_BP/samples/bcell/ERS353040/problems/chr5:91686128-138787073,10.9021466725228,11.3458989771,15,0,3,2,15,2
H3K4me1_TDH_BP/samples/bcell/ERS353040/problems/chr5:91686128-138787073,11.3458989771,11.5515698799029,15,0,3,2,15,2
H3K4me1_TDH_BP/samples/bcell/ERS353040/problems/chr5:91686128-138787073,11.5515698799029,11.8732970513261,15,0,3,2,15,2
H3K4me1_TDH_BP/samples/bcell/ERS353040/problems/chr5:91686128-138787073,11.8732970513261,12.3180410543796,15,0,3,2,15,2
H3K4me1_TDH_BP/samples/bcell/ERS353040/problems/chr5:91686128-138787073,12.3180410543796,12.6264317089271,15,0,3,2,15,2
H3K4me1_TDH_BP/samples/bcell/ERS353040/problems/chr5:91686128-138787073,12.6264317089271,12.8881391000639,15,0,3,2,15,2
H3K4me1_TDH_BP/samples/bcell/ERS353040/problems/chr5:91686128-138787073,12.8881391000639,13.1282081869561,15,0,3,3,15,3
H3K4me1_TDH_BP/samples/bcell/ERS353040/problems/chr5:91686128-138787073,13.1282081869561,13.4164612239909,15,0,3,3,15,3
H3K4me1_TDH_BP/samples/bcell/ERS353040/problems/chr5:91686128-138787073,13.4164612239909,14.5339591229149,15,0,3,3,15,3
H3K4me1_TDH_BP/samples/bcell/ERS353040/problems/chr5:91686128-138787073,14.5339591229149,Inf,15,0,3,3,15,3
H3K4me1_TDH_BP/samples/burkitt/ERS333897/problems/chr1:149509645-205922707,-Inf,2.24859249860469,14,14,1,0,14,14
H3K4me1_TDH_BP/samples/burkitt/ERS333897/problems/chr1:149509645-205922707,2.24859249860469,6.85550015309693,14,14,1,0,14,14
H3K4me1_TDH_BP/samples/burkitt/ERS333897/problems/chr1:149509645-205922707,6.85550015309693,8.64618943576834,14,12,1,0,14,12
H3K4me1_TDH_BP/samples/burkitt/ERS333897/problems/chr1:149509645-205922707,8.64618943576834,9.81671489566642,14,11,1,0,14,11
H3K4me1_TDH_BP/samples/burkitt/ERS333897/problems/chr1:149509645-205922707,9.81671489566642,10.5975323128309,14,1,1,0,14,1
H3K4me1_TDH_BP/samples/burkitt/ERS333897/problems/chr1:149509645-205922707,10.5975323128309,10.6072310169085,14,1,1,0,14,1
H3K4me1_TDH_BP/samples/burkitt/ERS333897/problems/chr1:149509645-205922707,10.6072310169085,10.608104692394,14,1,1,0,14,1
H3K4me1_TDH_BP/samples/burkitt/ERS333897/problems/chr1:149509645-205922707,10.608104692394,10.6100550729666,14,0,1,0,14,0
H3K4me1_TDH_BP/samples/burkitt/ERS333897/problems/chr1:149509645-205922707,10.6100550729666,10.617165367145,14,0,1,0,14,0
H3K4me1_TDH_BP/samples/burkitt/ERS333897/problems/chr1:149509645-205922707,10.617165367145,10.6238807525869,14,0,1,0,14,0
H3K4me1_TDH_BP/samples/burkitt/ERS333897/problems/chr1:149509645-205922707,10.6238807525869,10.6537274015171,14,0,1,0,14,0
H3K4me1_TDH_BP/samples/burkitt/ERS333897/problems/chr1:149509645-205922707,10.6537274015171,10.7316443587014,14,0,1,0,14,0
H3K4me1_TDH_BP/samples/burkitt/ERS333897/problems/chr1:149509645-205922707,10.7316443587014,10.8884615514444,14,0,1,0,14,0
H3K4me1_TDH_BP/samples/burkitt/ERS333897/problems/chr1:149509645-205922707,10.8884615514444,11.2228991979915,14,0,1,0,14,0
H3K4me1_TDH_BP/samples/burkitt/ERS333897/problems/chr1:149509645-205922707,11.2228991979915,11.9063660592289,14,0,1,0,14,0
H3K4me1_TDH_BP/samples/burkitt/ERS333897/problems/chr1:149509645-205922707,11.9063660592289,12.8902341746378,14,0,1,0,14,0
H3K4me1_TDH_BP/samples/burkitt/ERS333897/problems/chr1:149509645-205922707,12.8902341746378,13.6247469800243,14,0,1,0,14,0
H3K4me1_TDH_BP/samples/burkitt/ERS333897/problems/chr1:149509645-205922707,13.6247469800243,13.6585475559603,14,0,1,0,14,0
H3K4me1_TDH_BP/samples/burkitt/ERS333897/problems/chr1:149509645-205922707,13.6585475559603,13.7062481961625,14,0,1,1,14,1
H3K4me1_TDH_BP/samples/burkitt/ERS333897/problems/chr1:149509645-205922707,13.7062481961625,13.8123519262165,14,0,1,1,14,1
H3K4me1_TDH_BP/samples/burkitt/ERS333897/problems/chr1:149509645-205922707,13.8123519262165,13.9959411747325,14,0,1,1,14,1
H3K4me1_TDH_BP/samples/burkitt/ERS333897/problems/chr1:149509645-205922707,13.9959411747325,14.409870152394,14,0,1,1,14,1
H3K4me1_TDH_BP/samples/burkitt/ERS333897/problems/chr1:149509645-205922707,14.409870152394,15.4679145056676,14,0,1,1,14,1
H3K4me1_TDH_BP/samples/burkitt/ERS333897/problems/chr1:149509645-205922707,15.4679145056676,Inf,14,0,1,1,14,1
H3K4me1_TDH_BP/samples/burkitt/ERS333897/problems/chr2:162200000-234003741,-Inf,2.28108801593176,8,8,4,0,8,8
H3K4me1_TDH_BP/samples/burkitt/ERS333897/problems/chr2:162200000-234003741,2.28108801593176,6.45226266319926,8,8,4,0,8,8
H3K4me1_TDH_BP/samples/burkitt/ERS333897/problems/chr2:162200000-234003741,6.45226266319926,7.9455124796937,8,7,4,0,8,7
H3K4me1_TDH_BP/samples/burkitt/ERS333897/problems/chr2:162200000-234003741,7.9455124796937,8.64308603332968,8,6,4,0,8,6
H3K4me1_TDH_BP/samples/burkitt/ERS333897/problems/chr2:162200000-234003741,8.64308603332968,9.53895894527197,8,4,4,0,8,4
H3K4me1_TDH_BP/samples/burkitt/ERS333897/problems/chr2:162200000-234003741,9.53895894527197,9.76646717944929,8,2,4,0,8,2
H3K4me1_TDH_BP/samples/burkitt/ERS333897/problems/chr2:162200000-234003741,9.76646717944929,9.79555410885919,8,2,4,0,8,2
H3K4me1_TDH_BP/samples/burkitt/ERS333897/problems/chr2:162200000-234003741,9.79555410885919,9.80368118630639,8,2,4,0,8,2
H3K4me1_TDH_BP/samples/burkitt/ERS333897/problems/chr2:162200000-234003741,9.80368118630639,9.80636074382778,8,2,4,0,8,2
H3K4me1_TDH_BP/samples/burkitt/ERS333897/problems/chr2:162200000-234003741,9.80636074382778,9.80832177993799,8,0,4,0,8,0
H3K4me1_TDH_BP/samples/burkitt/ERS333897/problems/chr2:162200000-234003741,9.80832177993799,9.81226632447945,8,0,4,0,8,0
H3K4me1_TDH_BP/samples/burkitt/ERS333897/problems/chr2:162200000-234003741,9.81226632447945,9.8323028171646,8,0,4,0,8,0
H3K4me1_TDH_BP/samples/burkitt/ERS333897/problems/chr2:162200000-234003741,9.8323028171646,9.90062388340006,8,0,4,0,8,0
H3K4me1_TDH_BP/samples/burkitt/ERS333897/problems/chr2:162200000-234003741,9.90062388340006,10.0790715638971,8,0,4,0,8,0
H3K4me1_TDH_BP/samples/burkitt/ERS333897/problems/chr2:162200000-234003741,10.0790715638971,10.4549970445052,8,0,4,0,8,0
H3K4me1_TDH_BP/samples/burkitt/ERS333897/problems/chr2:162200000-234003741,10.4549970445052,10.8494537806079,8,0,4,0,8,0
H3K4me1_TDH_BP/samples/burkitt/ERS333897/problems/chr2:162200000-234003741,10.8494537806079,10.9824069703269,8,0,4,0,8,0
H3K4me1_TDH_BP/samples/burkitt/ERS333897/problems/chr2:162200000-234003741,10.9824069703269,10.9890756933895,8,0,4,0,8,0
H3K4me1_TDH_BP/samples/burkitt/ERS333897/problems/chr2:162200000-234003741,10.9890756933895,10.992319987841,8,0,4,0,8,0
H3K4me1_TDH_BP/samples/burkitt/ERS333897/problems/chr2:162200000-234003741,10.992319987841,10.9927142412336,8,0,4,2,8,2
H3K4me1_TDH_BP/samples/burkitt/ERS333897/problems/chr2:162200000-234003741,10.9927142412336,11.0032591624362,8,0,4,2,8,2
H3K4me1_TDH_BP/samples/burkitt/ERS333897/problems/chr2:162200000-234003741,11.0032591624362,11.0312552247434,8,0,4,2,8,2
H3K4me1_TDH_BP/samples/burkitt/ERS333897/problems/chr2:162200000-234003741,11.0312552247434,11.0779956534298,8,0,4,2,8,2
H3K4me1_TDH_BP/samples/burkitt/ERS333897/problems/chr2:162200000-234003741,11.0779956534298,11.1731238278368,8,0,4,2,8,2
H3K4me1_TDH_BP/samples/burkitt/ERS333897/problems/chr2:162200000-234003741,11.1731238278368,11.8542253519383,8,0,4,2,8,2
H3K4me1_TDH_BP/samples/burkitt/ERS333897/problems/chr2:162200000-234003741,11.8542253519383,13.5835690827807,8,0,4,4,8,4
H3K4me1_TDH_BP/samples/burkitt/ERS333897/problems/chr2:162200000-234003741,13.5835690827807,Inf,8,0,4,4,8,4
H3K4me1_TDH_BP/samples/burkitt/ERS333897/problems/chr2:16329724-21153113,-Inf,2.33022766489606,7,7,2,0,7,7
H3K4me1_TDH_BP/samples/burkitt/ERS333897/problems/chr2:16329724-21153113,2.33022766489606,6.45021011587056,7,7,2,0,7,7
H3K4me1_TDH_BP/samples/burkitt/ERS333897/problems/chr2:16329724-21153113,6.45021011587056,8.24734393347147,7,6,2,0,7,6
H3K4me1_TDH_BP/samples/burkitt/ERS333897/problems/chr2:16329724-21153113,8.24734393347147,10.2766690600741,7,4,2,0,7,4
H3K4me1_TDH_BP/samples/burkitt/ERS333897/problems/chr2:16329724-21153113,10.2766690600741,11.4888979115951,7,5,2,2,7,7
H3K4me1_TDH_BP/samples/burkitt/ERS333897/problems/chr2:16329724-21153113,11.4888979115951,11.7868637041081,7,5,2,2,7,7
H3K4me1_TDH_BP/samples/burkitt/ERS333897/problems/chr2:16329724-21153113,11.7868637041081,11.8051593911072,7,5,2,2,7,7
H3K4me1_TDH_BP/samples/burkitt/ERS333897/problems/chr2:16329724-21153113,11.8051593911072,11.8254876975322,7,5,2,2,7,7
H3K4me1_TDH_BP/samples/burkitt/ERS333897/problems/chr2:16329724-21153113,11.8254876975322,11.8828328143454,7,0,2,2,7,2
H3K4me1_TDH_BP/samples/burkitt/ERS333897/problems/chr2:16329724-21153113,11.8828328143454,12.0687437472679,7,0,2,2,7,2
H3K4me1_TDH_BP/samples/burkitt/ERS333897/problems/chr2:16329724-21153113,12.0687437472679,12.4014092171496,7,0,2,2,7,2
H3K4me1_TDH_BP/samples/burkitt/ERS333897/problems/chr2:16329724-21153113,12.4014092171496,12.5931379732518,7,0,2,2,7,2
H3K4me1_TDH_BP/samples/burkitt/ERS333897/problems/chr2:16329724-21153113,12.5931379732518,12.6953717225167,7,0,2,2,7,2
H3K4me1_TDH_BP/samples/burkitt/ERS333897/problems/chr2:16329724-21153113,12.6953717225167,13.1338708704796,7,0,2,2,7,2
H3K4me1_TDH_BP/samples/burkitt/ERS333897/problems/chr2:16329724-21153113,13.1338708704796,13.1346275056785,7,0,2,2,7,2
H3K4me1_TDH_BP/samples/burkitt/ERS333897/problems/chr2:16329724-21153113,13.1346275056785,13.6671872938227,7,0,2,2,7,2
H3K4me1_TDH_BP/samples/burkitt/ERS333897/problems/chr2:16329724-21153113,13.6671872938227,Inf,7,0,2,2,7,2
H3K4me1_TDH_BP/samples/burkitt/ERS333897/problems/chr3:60000-66170270,-Inf,2.33778333830406,11,11,0,0,11,11
H3K4me1_TDH_BP/samples/burkitt/ERS333897/problems/chr3:60000-66170270,2.33778333830406,6.70287774722458,11,11,0,0,11,11
H3K4me1_TDH_BP/samples/burkitt/ERS333897/problems/chr3:60000-66170270,6.70287774722458,8.69525718321407,11,11,0,0,11,11
H3K4me1_TDH_BP/samples/burkitt/ERS333897/problems/chr3:60000-66170270,8.69525718321407,10.0592946350089,11,11,0,0,11,11
H3K4me1_TDH_BP/samples/burkitt/ERS333897/problems/chr3:60000-66170270,10.0592946350089,10.0889031380133,11,8,0,0,11,8
H3K4me1_TDH_BP/samples/burkitt/ERS333897/problems/chr3:60000-66170270,10.0889031380133,10.1031606370945,11,8,0,0,11,8
H3K4me1_TDH_BP/samples/burkitt/ERS333897/problems/chr3:60000-66170270,10.1031606370945,10.1061216298994,11,8,0,0,11,8
H3K4me1_TDH_BP/samples/burkitt/ERS333897/problems/chr3:60000-66170270,10.1061216298994,10.1083696140065,11,8,0,0,11,8
H3K4me1_TDH_BP/samples/burkitt/ERS333897/problems/chr3:60000-66170270,10.1083696140065,10.1085305652222,11,8,0,0,11,8
H3K4me1_TDH_BP/samples/burkitt/ERS333897/problems/chr3:60000-66170270,10.1085305652222,10.1098865526614,11,0,0,0,11,0
H3K4me1_TDH_BP/samples/burkitt/ERS333897/problems/chr3:60000-66170270,10.1098865526614,10.1184284515643,11,0,0,0,11,0
H3K4me1_TDH_BP/samples/burkitt/ERS333897/problems/chr3:60000-66170270,10.1184284515643,10.1766935545396,11,0,0,0,11,0
H3K4me1_TDH_BP/samples/burkitt/ERS333897/problems/chr3:60000-66170270,10.1766935545396,10.3249215088125,11,0,0,0,11,0
H3K4me1_TDH_BP/samples/burkitt/ERS333897/problems/chr3:60000-66170270,10.3249215088125,10.6378021999397,11,0,0,0,11,0
H3K4me1_TDH_BP/samples/burkitt/ERS333897/problems/chr3:60000-66170270,10.6378021999397,11.3647502021548,11,0,0,0,11,0
H3K4me1_TDH_BP/samples/burkitt/ERS333897/problems/chr3:60000-66170270,11.3647502021548,13.1680958626615,11,0,0,0,11,0
H3K4me1_TDH_BP/samples/burkitt/ERS333897/problems/chr3:60000-66170270,13.1680958626615,Inf,11,0,0,0,11,0
H3K4me1_TDH_BP/samples/burkitt/ERS333897/problems/chr4:75452279-190000000,-Inf,2.3070940795563,11,11,4,0,11,11
H3K4me1_TDH_BP/samples/burkitt/ERS333897/problems/chr4:75452279-190000000,2.3070940795563,6.36578982314056,11,11,4,0,11,11
H3K4me1_TDH_BP/samples/burkitt/ERS333897/problems/chr4:75452279-190000000,6.36578982314056,8.11032956798069,11,11,4,0,11,11
H3K4me1_TDH_BP/samples/burkitt/ERS333897/problems/chr4:75452279-190000000,8.11032956798069,9.2510604292327,11,5,4,0,11,5
H3K4me1_TDH_BP/samples/burkitt/ERS333897/problems/chr4:75452279-190000000,9.2510604292327,9.66788500696527,11,3,4,0,11,3
H3K4me1_TDH_BP/samples/burkitt/ERS333897/problems/chr4:75452279-190000000,9.66788500696527,9.90145364663294,11,2,4,0,11,2
H3K4me1_TDH_BP/samples/burkitt/ERS333897/problems/chr4:75452279-190000000,9.90145364663294,9.91416533754217,11,2,4,0,11,2
H3K4me1_TDH_BP/samples/burkitt/ERS333897/problems/chr4:75452279-190000000,9.91416533754217,9.91670977293639,11,2,4,0,11,2
H3K4me1_TDH_BP/samples/burkitt/ERS333897/problems/chr4:75452279-190000000,9.91670977293639,9.9173843033479,11,2,4,0,11,2
H3K4me1_TDH_BP/samples/burkitt/ERS333897/problems/chr4:75452279-190000000,9.9173843033479,9.9184431164864,11,2,4,0,11,2
H3K4me1_TDH_BP/samples/burkitt/ERS333897/problems/chr4:75452279-190000000,9.9184431164864,9.92247555257394,11,1,4,0,11,1
H3K4me1_TDH_BP/samples/burkitt/ERS333897/problems/chr4:75452279-190000000,9.92247555257394,9.93294444708622,11,1,4,0,11,1
H3K4me1_TDH_BP/samples/burkitt/ERS333897/problems/chr4:75452279-190000000,9.93294444708622,9.97091353580855,11,1,4,0,11,1
H3K4me1_TDH_BP/samples/burkitt/ERS333897/problems/chr4:75452279-190000000,9.97091353580855,10.0224046847814,11,1,4,0,11,1
H3K4me1_TDH_BP/samples/burkitt/ERS333897/problems/chr4:75452279-190000000,10.0224046847814,10.0726872648266,11,1,4,0,11,1
H3K4me1_TDH_BP/samples/burkitt/ERS333897/problems/chr4:75452279-190000000,10.0726872648266,10.1187502372498,11,1,4,0,11,1
H3K4me1_TDH_BP/samples/burkitt/ERS333897/problems/chr4:75452279-190000000,10.1187502372498,10.1488750435261,11,1,4,0,11,1
H3K4me1_TDH_BP/samples/burkitt/ERS333897/problems/chr4:75452279-190000000,10.1488750435261,10.1870500308968,11,1,4,0,11,1
H3K4me1_TDH_BP/samples/burkitt/ERS333897/problems/chr4:75452279-190000000,10.1870500308968,10.2169339446135,11,1,4,0,11,1
H3K4me1_TDH_BP/samples/burkitt/ERS333897/problems/chr4:75452279-190000000,10.2169339446135,10.2538288242997,11,1,4,0,11,1
H3K4me1_TDH_BP/samples/burkitt/ERS333897/problems/chr4:75452279-190000000,10.2538288242997,10.3008364979993,11,1,4,0,11,1
H3K4me1_TDH_BP/samples/burkitt/ERS333897/problems/chr4:75452279-190000000,10.3008364979993,10.3339004243339,11,1,4,0,11,1
H3K4me1_TDH_BP/samples/burkitt/ERS333897/problems/chr4:75452279-190000000,10.3339004243339,10.3810468973943,11,1,4,0,11,1
H3K4me1_TDH_BP/samples/burkitt/ERS333897/problems/chr4:75452279-190000000,10.3810468973943,10.4238452348552,11,1,4,0,11,1
H3K4me1_TDH_BP/samples/burkitt/ERS333897/problems/chr4:75452279-190000000,10.4238452348552,10.4545136375111,11,1,4,0,11,1
H3K4me1_TDH_BP/samples/burkitt/ERS333897/problems/chr4:75452279-190000000,10.4545136375111,10.4884675350085,11,1,4,0,11,1
H3K4me1_TDH_BP/samples/burkitt/ERS333897/problems/chr4:75452279-190000000,10.4884675350085,10.5126857540678,11,1,4,0,11,1
H3K4me1_TDH_BP/samples/burkitt/ERS333897/problems/chr4:75452279-190000000,10.5126857540678,10.5245570703357,11,1,4,0,11,1
H3K4me1_TDH_BP/samples/burkitt/ERS333897/problems/chr4:75452279-190000000,10.5245570703357,10.5283238009998,11,1,4,0,11,1
H3K4me1_TDH_BP/samples/burkitt/ERS333897/problems/chr4:75452279-190000000,10.5283238009998,10.5332299110784,11,1,4,0,11,1
H3K4me1_TDH_BP/samples/burkitt/ERS333897/problems/chr4:75452279-190000000,10.5332299110784,10.5353027218717,11,1,4,0,11,1
H3K4me1_TDH_BP/samples/burkitt/ERS333897/problems/chr4:75452279-190000000,10.5353027218717,10.5371147611509,11,1,4,0,11,1
H3K4me1_TDH_BP/samples/burkitt/ERS333897/problems/chr4:75452279-190000000,10.5371147611509,10.5824076393316,11,1,4,1,11,2
H3K4me1_TDH_BP/samples/burkitt/ERS333897/problems/chr4:75452279-190000000,10.5824076393316,10.8074902709328,11,1,4,3,11,4
H3K4me1_TDH_BP/samples/burkitt/ERS333897/problems/chr4:75452279-190000000,10.8074902709328,11.6432755815469,11,0,4,3,11,3
H3K4me1_TDH_BP/samples/burkitt/ERS333897/problems/chr4:75452279-190000000,11.6432755815469,13.6022516618568,11,0,4,3,11,3
H3K4me1_TDH_BP/samples/burkitt/ERS333897/problems/chr4:75452279-190000000,13.6022516618568,Inf,11,0,4,4,11,4
H3K4me1_TDH_BP/samples/burkitt/ERS333897/problems/chr5:91686128-138787073,-Inf,2.31233067559411,15,15,1,0,15,15
H3K4me1_TDH_BP/samples/burkitt/ERS333897/problems/chr5:91686128-138787073,2.31233067559411,6.484770734998,15,15,1,0,15,15
H3K4me1_TDH_BP/samples/burkitt/ERS333897/problems/chr5:91686128-138787073,6.484770734998,8.27222002207417,15,14,1,0,15,14
H3K4me1_TDH_BP/samples/burkitt/ERS333897/problems/chr5:91686128-138787073,8.27222002207417,9.60808081221102,15,13,1,0,15,13
H3K4me1_TDH_BP/samples/burkitt/ERS333897/problems/chr5:91686128-138787073,9.60808081221102,9.90570529819528,15,1,1,0,15,1
H3K4me1_TDH_BP/samples/burkitt/ERS333897/problems/chr5:91686128-138787073,9.90570529819528,10.0342056659448,15,1,1,0,15,1
H3K4me1_TDH_BP/samples/burkitt/ERS333897/problems/chr5:91686128-138787073,10.0342056659448,10.0745039296735,15,1,1,0,15,1
H3K4me1_TDH_BP/samples/burkitt/ERS333897/problems/chr5:91686128-138787073,10.0745039296735,10.0952681136558,15,1,1,0,15,1
H3K4me1_TDH_BP/samples/burkitt/ERS333897/problems/chr5:91686128-138787073,10.0952681136558,10.1064858634532,15,1,1,0,15,1
H3K4me1_TDH_BP/samples/burkitt/ERS333897/problems/chr5:91686128-138787073,10.1064858634532,10.1134316468372,15,1,1,0,15,1
H3K4me1_TDH_BP/samples/burkitt/ERS333897/problems/chr5:91686128-138787073,10.1134316468372,10.1199965058973,15,1,1,0,15,1
H3K4me1_TDH_BP/samples/burkitt/ERS333897/problems/chr5:91686128-138787073,10.1199965058973,10.1698269484595,15,0,1,0,15,0
H3K4me1_TDH_BP/samples/burkitt/ERS333897/problems/chr5:91686128-138787073,10.1698269484595,10.7219403011043,15,0,1,0,15,0
H3K4me1_TDH_BP/samples/burkitt/ERS333897/problems/chr5:91686128-138787073,10.7219403011043,11.6291045116757,15,0,1,0,15,0
H3K4me1_TDH_BP/samples/burkitt/ERS333897/problems/chr5:91686128-138787073,11.6291045116757,12.1512220626348,15,0,1,0,15,0
H3K4me1_TDH_BP/samples/burkitt/ERS333897/problems/chr5:91686128-138787073,12.1512220626348,12.422276907207,15,0,1,0,15,0
H3K4me1_TDH_BP/samples/burkitt/ERS333897/problems/chr5:91686128-138787073,12.422276907207,12.4473935235333,15,0,1,0,15,0
H3K4me1_TDH_BP/samples/burkitt/ERS333897/problems/chr5:91686128-138787073,12.4473935235333,12.4994756701308,15,0,1,0,15,0
H3K4me1_TDH_BP/samples/burkitt/ERS333897/problems/chr5:91686128-138787073,12.4994756701308,12.5692731358991,15,0,1,1,15,1
H3K4me1_TDH_BP/samples/burkitt/ERS333897/problems/chr5:91686128-138787073,12.5692731358991,12.7023103103243,15,0,1,1,15,1
H3K4me1_TDH_BP/samples/burkitt/ERS333897/problems/chr5:91686128-138787073,12.7023103103243,14.009743043868,15,0,1,1,15,1
H3K4me1_TDH_BP/samples/burkitt/ERS333897/problems/chr5:91686128-138787073,14.009743043868,Inf,15,0,1,1,15,1
H3K4me1_TDH_BP/samples/burkitt/ERS333899/problems/chr1:149509645-205922707,-Inf,2.50544011185274,14,14,1,0,14,14
H3K4me1_TDH_BP/samples/burkitt/ERS333899/problems/chr1:149509645-205922707,2.50544011185274,7.1535726088835,14,14,1,0,14,14
H3K4me1_TDH_BP/samples/burkitt/ERS333899/problems/chr1:149509645-205922707,7.1535726088835,8.97984654945896,14,11,1,0,14,11
H3K4me1_TDH_BP/samples/burkitt/ERS333899/problems/chr1:149509645-205922707,8.97984654945896,10.2370730887339,14,1,1,0,14,1
H3K4me1_TDH_BP/samples/burkitt/ERS333899/problems/chr1:149509645-205922707,10.2370730887339,11.157817510422,14,1,1,0,14,1
H3K4me1_TDH_BP/samples/burkitt/ERS333899/problems/chr1:149509645-205922707,11.157817510422,11.3129380750645,14,1,1,0,14,1
H3K4me1_TDH_BP/samples/burkitt/ERS333899/problems/chr1:149509645-205922707,11.3129380750645,11.3802216180094,14,1,1,0,14,1
H3K4me1_TDH_BP/samples/burkitt/ERS333899/problems/chr1:149509645-205922707,11.3802216180094,11.4256171705965,14,1,1,0,14,1
H3K4me1_TDH_BP/samples/burkitt/ERS333899/problems/chr1:149509645-205922707,11.4256171705965,11.4295359618676,14,1,1,0,14,1
H3K4me1_TDH_BP/samples/burkitt/ERS333899/problems/chr1:149509645-205922707,11.4295359618676,11.4313801096303,14,0,1,0,14,0
H3K4me1_TDH_BP/samples/burkitt/ERS333899/problems/chr1:149509645-205922707,11.4313801096303,11.4417831693396,14,0,1,0,14,0
H3K4me1_TDH_BP/samples/burkitt/ERS333899/problems/chr1:149509645-205922707,11.4417831693396,11.4674779040162,14,0,1,0,14,0
H3K4me1_TDH_BP/samples/burkitt/ERS333899/problems/chr1:149509645-205922707,11.4674779040162,11.6913112334153,14,0,1,0,14,0
H3K4me1_TDH_BP/samples/burkitt/ERS333899/problems/chr1:149509645-205922707,11.6913112334153,12.3884392540371,14,0,1,0,14,0
H3K4me1_TDH_BP/samples/burkitt/ERS333899/problems/chr1:149509645-205922707,12.3884392540371,13.4836921539316,14,0,1,0,14,0
H3K4me1_TDH_BP/samples/burkitt/ERS333899/problems/chr1:149509645-205922707,13.4836921539316,14.2780516036195,14,0,1,0,14,0
H3K4me1_TDH_BP/samples/burkitt/ERS333899/problems/chr1:149509645-205922707,14.2780516036195,14.3166635335469,14,0,1,0,14,0
H3K4me1_TDH_BP/samples/burkitt/ERS333899/problems/chr1:149509645-205922707,14.3166635335469,14.413861968719,14,13,1,1,14,14
H3K4me1_TDH_BP/samples/burkitt/ERS333899/problems/chr1:149509645-205922707,14.413861968719,14.6232665408578,14,13,1,1,14,14
H3K4me1_TDH_BP/samples/burkitt/ERS333899/problems/chr1:149509645-205922707,14.6232665408578,15.0116855130396,14,13,1,1,14,14
H3K4me1_TDH_BP/samples/burkitt/ERS333899/problems/chr1:149509645-205922707,15.0116855130396,16.1101074808056,14,0,1,1,14,1
H3K4me1_TDH_BP/samples/burkitt/ERS333899/problems/chr1:149509645-205922707,16.1101074808056,Inf,14,0,1,1,14,1
H3K4me1_TDH_BP/samples/burkitt/ERS333899/problems/chr2:162200000-234003741,-Inf,2.52096175373584,8,8,4,0,8,8
H3K4me1_TDH_BP/samples/burkitt/ERS333899/problems/chr2:162200000-234003741,2.52096175373584,7.01647018919314,8,8,4,0,8,8
H3K4me1_TDH_BP/samples/burkitt/ERS333899/problems/chr2:162200000-234003741,7.01647018919314,8.63781816531914,8,8,4,0,8,8
H3K4me1_TDH_BP/samples/burkitt/ERS333899/problems/chr2:162200000-234003741,8.63781816531914,9.14993795322833,8,6,4,0,8,6
H3K4me1_TDH_BP/samples/burkitt/ERS333899/problems/chr2:162200000-234003741,9.14993795322833,9.30857213810632,8,5,4,0,8,5
H3K4me1_TDH_BP/samples/burkitt/ERS333899/problems/chr2:162200000-234003741,9.30857213810632,9.56736754784178,8,5,4,1,8,6
H3K4me1_TDH_BP/samples/burkitt/ERS333899/problems/chr2:162200000-234003741,9.56736754784178,10.1316197297982,8,5,4,1,8,6
H3K4me1_TDH_BP/samples/burkitt/ERS333899/problems/chr2:162200000-234003741,10.1316197297982,10.6291565317148,8,1,4,0,8,1
H3K4me1_TDH_BP/samples/burkitt/ERS333899/problems/chr2:162200000-234003741,10.6291565317148,10.7110976320545,8,1,4,0,8,1
H3K4me1_TDH_BP/samples/burkitt/ERS333899/problems/chr2:162200000-234003741,10.7110976320545,10.7552326336975,8,1,4,0,8,1
H3K4me1_TDH_BP/samples/burkitt/ERS333899/problems/chr2:162200000-234003741,10.7552326336975,10.7778332350425,8,1,4,0,8,1
H3K4me1_TDH_BP/samples/burkitt/ERS333899/problems/chr2:162200000-234003741,10.7778332350425,10.7833331256774,8,1,4,0,8,1
H3K4me1_TDH_BP/samples/burkitt/ERS333899/problems/chr2:162200000-234003741,10.7833331256774,10.7853083602089,8,0,4,0,8,0
H3K4me1_TDH_BP/samples/burkitt/ERS333899/problems/chr2:162200000-234003741,10.7853083602089,10.7890099450238,8,0,4,0,8,0
H3K4me1_TDH_BP/samples/burkitt/ERS333899/problems/chr2:162200000-234003741,10.7890099450238,10.797492973959,8,0,4,0,8,0
H3K4me1_TDH_BP/samples/burkitt/ERS333899/problems/chr2:162200000-234003741,10.797492973959,10.9249061037845,8,0,4,0,8,0
H3K4me1_TDH_BP/samples/burkitt/ERS333899/problems/chr2:162200000-234003741,10.9249061037845,11.3198844311076,8,0,4,0,8,0
H3K4me1_TDH_BP/samples/burkitt/ERS333899/problems/chr2:162200000-234003741,11.3198844311076,11.589172742642,8,0,4,0,8,0
H3K4me1_TDH_BP/samples/burkitt/ERS333899/problems/chr2:162200000-234003741,11.589172742642,11.5931096368827,8,0,4,0,8,0
H3K4me1_TDH_BP/samples/burkitt/ERS333899/problems/chr2:162200000-234003741,11.5931096368827,11.5987686026838,8,0,4,2,8,2
H3K4me1_TDH_BP/samples/burkitt/ERS333899/problems/chr2:162200000-234003741,11.5987686026838,11.6164169690436,8,0,4,2,8,2
H3K4me1_TDH_BP/samples/burkitt/ERS333899/problems/chr2:162200000-234003741,11.6164169690436,11.6436292996459,8,0,4,2,8,2
H3K4me1_TDH_BP/samples/burkitt/ERS333899/problems/chr2:162200000-234003741,11.6436292996459,11.6943423431063,8,0,4,2,8,2
H3K4me1_TDH_BP/samples/burkitt/ERS333899/problems/chr2:162200000-234003741,11.6943423431063,11.7790181258654,8,0,4,2,8,2
H3K4me1_TDH_BP/samples/burkitt/ERS333899/problems/chr2:162200000-234003741,11.7790181258654,11.9725879385944,8,0,4,2,8,2
H3K4me1_TDH_BP/samples/burkitt/ERS333899/problems/chr2:162200000-234003741,11.9725879385944,12.4044239348429,8,0,4,2,8,2
H3K4me1_TDH_BP/samples/burkitt/ERS333899/problems/chr2:162200000-234003741,12.4044239348429,14.1754312229781,8,0,4,2,8,2
H3K4me1_TDH_BP/samples/burkitt/ERS333899/problems/chr2:162200000-234003741,14.1754312229781,Inf,8,0,4,4,8,4
H3K4me1_TDH_BP/samples/burkitt/ERS333899/problems/chr2:16329724-21153113,-Inf,2.57619753185733,7,7,2,0,7,7
H3K4me1_TDH_BP/samples/burkitt/ERS333899/problems/chr2:16329724-21153113,2.57619753185733,6.75729965826915,7,7,2,0,7,7
H3K4me1_TDH_BP/samples/burkitt/ERS333899/problems/chr2:16329724-21153113,6.75729965826915,8.13595547736142,7,6,2,0,7,6
H3K4me1_TDH_BP/samples/burkitt/ERS333899/problems/chr2:16329724-21153113,8.13595547736142,8.82172959858653,7,5,2,0,7,5
H3K4me1_TDH_BP/samples/burkitt/ERS333899/problems/chr2:16329724-21153113,8.82172959858653,9.76272939533648,7,5,2,2,7,7
H3K4me1_TDH_BP/samples/burkitt/ERS333899/problems/chr2:16329724-21153113,9.76272939533648,10.1457267075619,7,2,2,2,7,4
H3K4me1_TDH_BP/samples/burkitt/ERS333899/problems/chr2:16329724-21153113,10.1457267075619,10.2984749030552,7,2,2,2,7,4
H3K4me1_TDH_BP/samples/burkitt/ERS333899/problems/chr2:16329724-21153113,10.2984749030552,10.3923501685098,7,2,2,2,7,4
H3K4me1_TDH_BP/samples/burkitt/ERS333899/problems/chr2:16329724-21153113,10.3923501685098,10.4273610591472,7,2,2,2,7,4
H3K4me1_TDH_BP/samples/burkitt/ERS333899/problems/chr2:16329724-21153113,10.4273610591472,10.4478918652983,7,2,2,2,7,4
H3K4me1_TDH_BP/samples/burkitt/ERS333899/problems/chr2:16329724-21153113,10.4478918652983,10.9854505558977,7,0,2,2,7,2
H3K4me1_TDH_BP/samples/burkitt/ERS333899/problems/chr2:16329724-21153113,10.9854505558977,11.7113704213636,7,0,2,2,7,2
H3K4me1_TDH_BP/samples/burkitt/ERS333899/problems/chr2:16329724-21153113,11.7113704213636,12.0687455520625,7,0,2,2,7,2
H3K4me1_TDH_BP/samples/burkitt/ERS333899/problems/chr2:16329724-21153113,12.0687455520625,12.7310001677211,7,0,2,2,7,2
H3K4me1_TDH_BP/samples/burkitt/ERS333899/problems/chr2:16329724-21153113,12.7310001677211,13.0281362918931,7,0,2,2,7,2
H3K4me1_TDH_BP/samples/burkitt/ERS333899/problems/chr2:16329724-21153113,13.0281362918931,13.4424981494999,7,0,2,2,7,2
H3K4me1_TDH_BP/samples/burkitt/ERS333899/problems/chr2:16329724-21153113,13.4424981494999,14.0580959475388,7,0,2,2,7,2
H3K4me1_TDH_BP/samples/burkitt/ERS333899/problems/chr2:16329724-21153113,14.0580959475388,14.3139643732372,7,0,2,2,7,2
H3K4me1_TDH_BP/samples/burkitt/ERS333899/problems/chr2:16329724-21153113,14.3139643732372,Inf,7,0,2,2,7,2
H3K4me1_TDH_BP/samples/burkitt/ERS333899/problems/chr3:60000-66170270,-Inf,2.57937330651451,11,11,0,0,11,11
H3K4me1_TDH_BP/samples/burkitt/ERS333899/problems/chr3:60000-66170270,2.57937330651451,7.16409807338057,11,11,0,0,11,11
H3K4me1_TDH_BP/samples/burkitt/ERS333899/problems/chr3:60000-66170270,7.16409807338057,8.89373828539719,11,11,0,0,11,11
H3K4me1_TDH_BP/samples/burkitt/ERS333899/problems/chr3:60000-66170270,8.89373828539719,9.59572104609598,11,11,0,0,11,11
H3K4me1_TDH_BP/samples/burkitt/ERS333899/problems/chr3:60000-66170270,9.59572104609598,9.85134051306949,11,6,0,0,11,6
H3K4me1_TDH_BP/samples/burkitt/ERS333899/problems/chr3:60000-66170270,9.85134051306949,9.95999382640298,11,1,0,0,11,1
H3K4me1_TDH_BP/samples/burkitt/ERS333899/problems/chr3:60000-66170270,9.95999382640298,9.99440446621531,11,1,0,0,11,1
H3K4me1_TDH_BP/samples/burkitt/ERS333899/problems/chr3:60000-66170270,9.99440446621531,10.0098023292662,11,1,0,0,11,1
H3K4me1_TDH_BP/samples/burkitt/ERS333899/problems/chr3:60000-66170270,10.0098023292662,10.0133653803216,11,1,0,0,11,1
H3K4me1_TDH_BP/samples/burkitt/ERS333899/problems/chr3:60000-66170270,10.0133653803216,10.0143541835795,11,1,0,0,11,1
H3K4me1_TDH_BP/samples/burkitt/ERS333899/problems/chr3:60000-66170270,10.0143541835795,10.0151030241083,11,1,0,0,11,1
H3K4me1_TDH_BP/samples/burkitt/ERS333899/problems/chr3:60000-66170270,10.0151030241083,10.0196352496111,11,0,0,0,11,0
H3K4me1_TDH_BP/samples/burkitt/ERS333899/problems/chr3:60000-66170270,10.0196352496111,10.071004123267,11,0,0,0,11,0
H3K4me1_TDH_BP/samples/burkitt/ERS333899/problems/chr3:60000-66170270,10.071004123267,10.5201478140013,11,0,0,0,11,0
H3K4me1_TDH_BP/samples/burkitt/ERS333899/problems/chr3:60000-66170270,10.5201478140013,13.0221329843933,11,0,0,0,11,0
H3K4me1_TDH_BP/samples/burkitt/ERS333899/problems/chr3:60000-66170270,13.0221329843933,Inf,11,0,0,0,11,0
H3K4me1_TDH_BP/samples/burkitt/ERS333899/problems/chr4:75452279-190000000,-Inf,2.60302854176017,11,11,4,0,11,11
H3K4me1_TDH_BP/samples/burkitt/ERS333899/problems/chr4:75452279-190000000,2.60302854176017,7.00649496634701,11,11,4,0,11,11
H3K4me1_TDH_BP/samples/burkitt/ERS333899/problems/chr4:75452279-190000000,7.00649496634701,8.48460334009091,11,9,4,0,11,9
H3K4me1_TDH_BP/samples/burkitt/ERS333899/problems/chr4:75452279-190000000,8.48460334009091,8.96534210320174,11,8,4,0,11,8
H3K4me1_TDH_BP/samples/burkitt/ERS333899/problems/chr4:75452279-190000000,8.96534210320174,9.24393757381625,11,6,4,0,11,6
H3K4me1_TDH_BP/samples/burkitt/ERS333899/problems/chr4:75452279-190000000,9.24393757381625,9.8115407860896,11,7,4,2,11,9
H3K4me1_TDH_BP/samples/burkitt/ERS333899/problems/chr4:75452279-190000000,9.8115407860896,10.3338280037693,11,1,4,2,11,3
H3K4me1_TDH_BP/samples/burkitt/ERS333899/problems/chr4:75452279-190000000,10.3338280037693,10.4963665321825,11,1,4,2,11,3
H3K4me1_TDH_BP/samples/burkitt/ERS333899/problems/chr4:75452279-190000000,10.4963665321825,10.5505043728151,11,1,4,2,11,3
H3K4me1_TDH_BP/samples/burkitt/ERS333899/problems/chr4:75452279-190000000,10.5505043728151,10.561858485745,11,1,4,2,11,3
H3K4me1_TDH_BP/samples/burkitt/ERS333899/problems/chr4:75452279-190000000,10.561858485745,10.5676098596055,11,1,4,2,11,3
H3K4me1_TDH_BP/samples/burkitt/ERS333899/problems/chr4:75452279-190000000,10.5676098596055,10.5712672151614,11,1,4,2,11,3
H3K4me1_TDH_BP/samples/burkitt/ERS333899/problems/chr4:75452279-190000000,10.5712672151614,10.5719653173376,11,1,4,2,11,3
H3K4me1_TDH_BP/samples/burkitt/ERS333899/problems/chr4:75452279-190000000,10.5719653173376,10.5721915212607,11,1,4,2,11,3
H3K4me1_TDH_BP/samples/burkitt/ERS333899/problems/chr4:75452279-190000000,10.5721915212607,10.5894545584772,11,0,4,2,11,2
H3K4me1_TDH_BP/samples/burkitt/ERS333899/problems/chr4:75452279-190000000,10.5894545584772,10.6458123147216,11,0,4,2,11,2
H3K4me1_TDH_BP/samples/burkitt/ERS333899/problems/chr4:75452279-190000000,10.6458123147216,10.7446259403707,11,0,4,2,11,2
H3K4me1_TDH_BP/samples/burkitt/ERS333899/problems/chr4:75452279-190000000,10.7446259403707,10.8378364644299,11,0,4,2,11,2
H3K4me1_TDH_BP/samples/burkitt/ERS333899/problems/chr4:75452279-190000000,10.8378364644299,10.907998374537,11,0,4,2,11,2
H3K4me1_TDH_BP/samples/burkitt/ERS333899/problems/chr4:75452279-190000000,10.907998374537,11.0081063330016,11,0,4,2,11,2
H3K4me1_TDH_BP/samples/burkitt/ERS333899/problems/chr4:75452279-190000000,11.0081063330016,11.0911784867405,11,0,4,2,11,2
H3K4me1_TDH_BP/samples/burkitt/ERS333899/problems/chr4:75452279-190000000,11.0911784867405,11.1629213291286,11,0,4,2,11,2
H3K4me1_TDH_BP/samples/burkitt/ERS333899/problems/chr4:75452279-190000000,11.1629213291286,11.2473798475636,11,0,4,2,11,2
H3K4me1_TDH_BP/samples/burkitt/ERS333899/problems/chr4:75452279-190000000,11.2473798475636,11.3103246164619,11,0,4,2,11,2
H3K4me1_TDH_BP/samples/burkitt/ERS333899/problems/chr4:75452279-190000000,11.3103246164619,11.3988224129107,11,0,4,2,11,2
H3K4me1_TDH_BP/samples/burkitt/ERS333899/problems/chr4:75452279-190000000,11.3988224129107,11.4663682319849,11,0,4,2,11,2
H3K4me1_TDH_BP/samples/burkitt/ERS333899/problems/chr4:75452279-190000000,11.4663682319849,11.5484418882989,11,0,4,2,11,2
H3K4me1_TDH_BP/samples/burkitt/ERS333899/problems/chr4:75452279-190000000,11.5484418882989,11.6193868407167,11,0,4,2,11,2
H3K4me1_TDH_BP/samples/burkitt/ERS333899/problems/chr4:75452279-190000000,11.6193868407167,11.6649881386979,11,0,4,2,11,2
H3K4me1_TDH_BP/samples/burkitt/ERS333899/problems/chr4:75452279-190000000,11.6649881386979,11.6780342371077,11,0,4,2,11,2
H3K4me1_TDH_BP/samples/burkitt/ERS333899/problems/chr4:75452279-190000000,11.6780342371077,11.681076103076,11,0,4,2,11,2
H3K4me1_TDH_BP/samples/burkitt/ERS333899/problems/chr4:75452279-190000000,11.681076103076,11.6897208788488,11,0,4,3,11,3
H3K4me1_TDH_BP/samples/burkitt/ERS333899/problems/chr4:75452279-190000000,11.6897208788488,11.7124627182001,11,0,4,3,11,3
H3K4me1_TDH_BP/samples/burkitt/ERS333899/problems/chr4:75452279-190000000,11.7124627182001,11.7949881386389,11,0,4,3,11,3
H3K4me1_TDH_BP/samples/burkitt/ERS333899/problems/chr4:75452279-190000000,11.7949881386389,12.2005123076595,11,0,4,3,11,3
H3K4me1_TDH_BP/samples/burkitt/ERS333899/problems/chr4:75452279-190000000,12.2005123076595,14.2638452657313,11,0,4,4,11,4
H3K4me1_TDH_BP/samples/burkitt/ERS333899/problems/chr4:75452279-190000000,14.2638452657313,Inf,11,0,4,4,11,4
H3K4me1_TDH_BP/samples/burkitt/ERS333899/problems/chr5:91686128-138787073,-Inf,2.52602540718714,15,15,1,0,15,15
H3K4me1_TDH_BP/samples/burkitt/ERS333899/problems/chr5:91686128-138787073,2.52602540718714,6.99055271409773,15,15,1,0,15,15
H3K4me1_TDH_BP/samples/burkitt/ERS333899/problems/chr5:91686128-138787073,6.99055271409773,8.58817157224519,15,15,1,0,15,15
H3K4me1_TDH_BP/samples/burkitt/ERS333899/problems/chr5:91686128-138787073,8.58817157224519,9.29488664360903,15,14,1,0,15,14
H3K4me1_TDH_BP/samples/burkitt/ERS333899/problems/chr5:91686128-138787073,9.29488664360903,9.82552380750398,15,14,1,0,15,14
H3K4me1_TDH_BP/samples/burkitt/ERS333899/problems/chr5:91686128-138787073,9.82552380750398,10.0315600470805,15,1,1,0,15,1
H3K4me1_TDH_BP/samples/burkitt/ERS333899/problems/chr5:91686128-138787073,10.0315600470805,10.0610977971739,15,1,1,0,15,1
H3K4me1_TDH_BP/samples/burkitt/ERS333899/problems/chr5:91686128-138787073,10.0610977971739,10.0613484785688,15,1,1,0,15,1
H3K4me1_TDH_BP/samples/burkitt/ERS333899/problems/chr5:91686128-138787073,10.0613484785688,10.0661045676136,15,0,1,0,15,0
H3K4me1_TDH_BP/samples/burkitt/ERS333899/problems/chr5:91686128-138787073,10.0661045676136,10.0693580914083,15,0,1,0,15,0
H3K4me1_TDH_BP/samples/burkitt/ERS333899/problems/chr5:91686128-138787073,10.0693580914083,10.0774387480771,15,0,1,0,15,0
H3K4me1_TDH_BP/samples/burkitt/ERS333899/problems/chr5:91686128-138787073,10.0774387480771,10.1019331884302,15,0,1,0,15,0
H3K4me1_TDH_BP/samples/burkitt/ERS333899/problems/chr5:91686128-138787073,10.1019331884302,10.1561731679489,15,0,1,0,15,0
H3K4me1_TDH_BP/samples/burkitt/ERS333899/problems/chr5:91686128-138787073,10.1561731679489,10.3078237491057,15,0,1,0,15,0
H3K4me1_TDH_BP/samples/burkitt/ERS333899/problems/chr5:91686128-138787073,10.3078237491057,11.3724408282289,15,0,1,0,15,0
H3K4me1_TDH_BP/samples/burkitt/ERS333899/problems/chr5:91686128-138787073,11.3724408282289,13.2257216807409,15,0,1,0,15,0
H3K4me1_TDH_BP/samples/burkitt/ERS333899/problems/chr5:91686128-138787073,13.2257216807409,14.2143732804273,15,0,1,0,15,0
H3K4me1_TDH_BP/samples/burkitt/ERS333899/problems/chr5:91686128-138787073,14.2143732804273,14.253902622647,15,0,1,0,15,0
H3K4me1_TDH_BP/samples/burkitt/ERS333899/problems/chr5:91686128-138787073,14.253902622647,14.441999091508,15,0,1,1,15,1
H3K4me1_TDH_BP/samples/burkitt/ERS333899/problems/chr5:91686128-138787073,14.441999091508,14.5933454049347,15,0,1,1,15,1
H3K4me1_TDH_BP/samples/burkitt/ERS333899/problems/chr5:91686128-138787073,14.5933454049347,14.9491086985098,15,0,1,1,15,1
H3K4me1_TDH_BP/samples/burkitt/ERS333899/problems/chr5:91686128-138787073,14.9491086985098,15.8238175147494,15,0,1,1,15,1
H3K4me1_TDH_BP/samples/burkitt/ERS333899/problems/chr5:91686128-138787073,15.8238175147494,Inf,15,0,1,1,15,1
H3K4me1_TDH_BP/samples/germinal/ERS333900/problems/chr1:149509645-205922707,-Inf,2.58692937039999,14,14,1,0,14,14
H3K4me1_TDH_BP/samples/germinal/ERS333900/problems/chr1:149509645-205922707,2.58692937039999,7.54110562945074,14,14,1,0,14,14
H3K4me1_TDH_BP/samples/germinal/ERS333900/problems/chr1:149509645-205922707,7.54110562945074,9.26180847526864,14,10,1,0,14,10
H3K4me1_TDH_BP/samples/germinal/ERS333900/problems/chr1:149509645-205922707,9.26180847526864,10.4689166582266,14,1,1,0,14,1
H3K4me1_TDH_BP/samples/germinal/ERS333900/problems/chr1:149509645-205922707,10.4689166582266,11.4835931307995,14,1,1,0,14,1
H3K4me1_TDH_BP/samples/germinal/ERS333900/problems/chr1:149509645-205922707,11.4835931307995,11.6707443306442,14,1,1,0,14,1
H3K4me1_TDH_BP/samples/germinal/ERS333900/problems/chr1:149509645-205922707,11.6707443306442,11.7521386882836,14,1,1,0,14,1
H3K4me1_TDH_BP/samples/germinal/ERS333900/problems/chr1:149509645-205922707,11.7521386882836,11.76985932107,14,1,1,0,14,1
H3K4me1_TDH_BP/samples/germinal/ERS333900/problems/chr1:149509645-205922707,11.76985932107,11.7757658461922,14,1,1,0,14,1
H3K4me1_TDH_BP/samples/germinal/ERS333900/problems/chr1:149509645-205922707,11.7757658461922,11.7782358481337,14,1,1,0,14,1
H3K4me1_TDH_BP/samples/germinal/ERS333900/problems/chr1:149509645-205922707,11.7782358481337,11.7824607367846,14,0,1,0,14,0
H3K4me1_TDH_BP/samples/germinal/ERS333900/problems/chr1:149509645-205922707,11.7824607367846,11.8181532923666,14,0,1,0,14,0
H3K4me1_TDH_BP/samples/germinal/ERS333900/problems/chr1:149509645-205922707,11.8181532923666,12.0828948646883,14,0,1,0,14,0
H3K4me1_TDH_BP/samples/germinal/ERS333900/problems/chr1:149509645-205922707,12.0828948646883,12.7239878662797,14,0,1,0,14,0
H3K4me1_TDH_BP/samples/germinal/ERS333900/problems/chr1:149509645-205922707,12.7239878662797,13.9315340471394,14,0,1,0,14,0
H3K4me1_TDH_BP/samples/germinal/ERS333900/problems/chr1:149509645-205922707,13.9315340471394,14.8010472869384,14,0,1,0,14,0
H3K4me1_TDH_BP/samples/germinal/ERS333900/problems/chr1:149509645-205922707,14.8010472869384,14.9117589921987,14,0,1,0,14,0
H3K4me1_TDH_BP/samples/germinal/ERS333900/problems/chr1:149509645-205922707,14.9117589921987,14.9195472469754,14,0,1,0,14,0
H3K4me1_TDH_BP/samples/germinal/ERS333900/problems/chr1:149509645-205922707,14.9195472469754,14.9228953576098,14,0,1,0,14,0
H3K4me1_TDH_BP/samples/germinal/ERS333900/problems/chr1:149509645-205922707,14.9228953576098,14.9672172529579,14,0,1,1,14,1
H3K4me1_TDH_BP/samples/germinal/ERS333900/problems/chr1:149509645-205922707,14.9672172529579,15.0592540645117,14,0,1,1,14,1
H3K4me1_TDH_BP/samples/germinal/ERS333900/problems/chr1:149509645-205922707,15.0592540645117,15.364184840114,14,0,1,1,14,1
H3K4me1_TDH_BP/samples/germinal/ERS333900/problems/chr1:149509645-205922707,15.364184840114,16.3740742756554,14,0,1,1,14,1
H3K4me1_TDH_BP/samples/germinal/ERS333900/problems/chr1:149509645-205922707,16.3740742756554,Inf,14,0,1,1,14,1
H3K4me1_TDH_BP/samples/germinal/ERS333900/problems/chr2:162200000-234003741,-Inf,2.60918161665535,8,8,2,0,8,8
H3K4me1_TDH_BP/samples/germinal/ERS333900/problems/chr2:162200000-234003741,2.60918161665535,7.36014292825468,8,8,2,0,8,8
H3K4me1_TDH_BP/samples/germinal/ERS333900/problems/chr2:162200000-234003741,7.36014292825468,8.82324211310719,8,8,2,0,8,8
H3K4me1_TDH_BP/samples/germinal/ERS333900/problems/chr2:162200000-234003741,8.82324211310719,9.68098774110575,8,7,2,0,8,7
H3K4me1_TDH_BP/samples/germinal/ERS333900/problems/chr2:162200000-234003741,9.68098774110575,10.7961809371841,8,1,2,0,8,1
H3K4me1_TDH_BP/samples/germinal/ERS333900/problems/chr2:162200000-234003741,10.7961809371841,11.185182881187,8,1,2,0,8,1
H3K4me1_TDH_BP/samples/germinal/ERS333900/problems/chr2:162200000-234003741,11.185182881187,11.4191183835782,8,1,2,0,8,1
H3K4me1_TDH_BP/samples/germinal/ERS333900/problems/chr2:162200000-234003741,11.4191183835782,11.4971703601039,8,1,2,0,8,1
H3K4me1_TDH_BP/samples/germinal/ERS333900/problems/chr2:162200000-234003741,11.4971703601039,11.5070946491548,8,1,2,0,8,1
H3K4me1_TDH_BP/samples/germinal/ERS333900/problems/chr2:162200000-234003741,11.5070946491548,11.5094885961977,8,0,2,0,8,0
H3K4me1_TDH_BP/samples/germinal/ERS333900/problems/chr2:162200000-234003741,11.5094885961977,11.5167787004143,8,0,2,0,8,0
H3K4me1_TDH_BP/samples/germinal/ERS333900/problems/chr2:162200000-234003741,11.5167787004143,11.5348487531629,8,0,2,0,8,0
H3K4me1_TDH_BP/samples/germinal/ERS333900/problems/chr2:162200000-234003741,11.5348487531629,11.5841539453379,8,0,2,0,8,0
H3K4me1_TDH_BP/samples/germinal/ERS333900/problems/chr2:162200000-234003741,11.5841539453379,12.1982827111636,8,0,2,0,8,0
H3K4me1_TDH_BP/samples/germinal/ERS333900/problems/chr2:162200000-234003741,12.1982827111636,13.0368510050034,8,0,2,0,8,0
H3K4me1_TDH_BP/samples/germinal/ERS333900/problems/chr2:162200000-234003741,13.0368510050034,13.5616377692916,8,0,2,0,8,0
H3K4me1_TDH_BP/samples/germinal/ERS333900/problems/chr2:162200000-234003741,13.5616377692916,13.8022349276876,8,0,2,0,8,0
H3K4me1_TDH_BP/samples/germinal/ERS333900/problems/chr2:162200000-234003741,13.8022349276876,13.8210114111899,8,0,2,0,8,0
H3K4me1_TDH_BP/samples/germinal/ERS333900/problems/chr2:162200000-234003741,13.8210114111899,13.8239380972329,8,0,2,0,8,0
H3K4me1_TDH_BP/samples/germinal/ERS333900/problems/chr2:162200000-234003741,13.8239380972329,13.8389802951367,8,0,2,2,8,2
H3K4me1_TDH_BP/samples/germinal/ERS333900/problems/chr2:162200000-234003741,13.8389802951367,13.9394827557169,8,0,2,2,8,2
H3K4me1_TDH_BP/samples/germinal/ERS333900/problems/chr2:162200000-234003741,13.9394827557169,14.0707605211396,8,0,2,2,8,2
H3K4me1_TDH_BP/samples/germinal/ERS333900/problems/chr2:162200000-234003741,14.0707605211396,15.2237648956382,8,0,2,2,8,2
H3K4me1_TDH_BP/samples/germinal/ERS333900/problems/chr2:162200000-234003741,15.2237648956382,Inf,8,0,2,2,8,2
H3K4me1_TDH_BP/samples/germinal/ERS333900/problems/chr2:16329724-21153113,-Inf,2.62517074927243,7,7,2,0,7,7
H3K4me1_TDH_BP/samples/germinal/ERS333900/problems/chr2:16329724-21153113,2.62517074927243,7.41597411166237,7,7,2,0,7,7
H3K4me1_TDH_BP/samples/germinal/ERS333900/problems/chr2:16329724-21153113,7.41597411166237,8.93566140034374,7,5,2,0,7,5
H3K4me1_TDH_BP/samples/germinal/ERS333900/problems/chr2:16329724-21153113,8.93566140034374,9.55691709313544,7,5,2,0,7,5
H3K4me1_TDH_BP/samples/germinal/ERS333900/problems/chr2:16329724-21153113,9.55691709313544,9.96048882406223,7,5,2,0,7,5
H3K4me1_TDH_BP/samples/germinal/ERS333900/problems/chr2:16329724-21153113,9.96048882406223,10.1958558592481,7,1,2,0,7,1
H3K4me1_TDH_BP/samples/germinal/ERS333900/problems/chr2:16329724-21153113,10.1958558592481,10.3342228642558,7,1,2,0,7,1
H3K4me1_TDH_BP/samples/germinal/ERS333900/problems/chr2:16329724-21153113,10.3342228642558,10.3532698725346,7,1,2,0,7,1
H3K4me1_TDH_BP/samples/germinal/ERS333900/problems/chr2:16329724-21153113,10.3532698725346,10.3673925050099,7,0,2,0,7,0
H3K4me1_TDH_BP/samples/germinal/ERS333900/problems/chr2:16329724-21153113,10.3673925050099,10.6129623525277,7,0,2,0,7,0
H3K4me1_TDH_BP/samples/germinal/ERS333900/problems/chr2:16329724-21153113,10.6129623525277,10.8812976353602,7,0,2,0,7,0
H3K4me1_TDH_BP/samples/germinal/ERS333900/problems/chr2:16329724-21153113,10.8812976353602,10.8940432225322,7,0,2,0,7,0
H3K4me1_TDH_BP/samples/germinal/ERS333900/problems/chr2:16329724-21153113,10.8940432225322,10.9164625434527,7,0,2,1,7,1
H3K4me1_TDH_BP/samples/germinal/ERS333900/problems/chr2:16329724-21153113,10.9164625434527,10.9629351858294,7,0,2,1,7,1
H3K4me1_TDH_BP/samples/germinal/ERS333900/problems/chr2:16329724-21153113,10.9629351858294,11.2057199693707,7,0,2,1,7,1
H3K4me1_TDH_BP/samples/germinal/ERS333900/problems/chr2:16329724-21153113,11.2057199693707,11.6264233450807,7,0,2,1,7,1
H3K4me1_TDH_BP/samples/germinal/ERS333900/problems/chr2:16329724-21153113,11.6264233450807,12.3330246972166,7,0,2,2,7,2
H3K4me1_TDH_BP/samples/germinal/ERS333900/problems/chr2:16329724-21153113,12.3330246972166,14.290666900481,7,0,2,2,7,2
H3K4me1_TDH_BP/samples/germinal/ERS333900/problems/chr2:16329724-21153113,14.290666900481,Inf,7,0,2,2,7,2
H3K4me1_TDH_BP/samples/germinal/ERS333900/problems/chr3:60000-66170270,-Inf,2.63070149040044,11,11,0,0,11,11
H3K4me1_TDH_BP/samples/germinal/ERS333900/problems/chr3:60000-66170270,2.63070149040044,7.52088064036356,11,11,0,0,11,11
H3K4me1_TDH_BP/samples/germinal/ERS333900/problems/chr3:60000-66170270,7.52088064036356,9.12424069394546,11,11,0,0,11,11
H3K4me1_TDH_BP/samples/germinal/ERS333900/problems/chr3:60000-66170270,9.12424069394546,9.71704470638514,11,10,0,0,11,10
H3K4me1_TDH_BP/samples/germinal/ERS333900/problems/chr3:60000-66170270,9.71704470638514,9.9597918529988,11,1,0,0,11,1
H3K4me1_TDH_BP/samples/germinal/ERS333900/problems/chr3:60000-66170270,9.9597918529988,10.0836677043002,11,1,0,0,11,1
H3K4me1_TDH_BP/samples/germinal/ERS333900/problems/chr3:60000-66170270,10.0836677043002,10.138824110318,11,1,0,0,11,1
H3K4me1_TDH_BP/samples/germinal/ERS333900/problems/chr3:60000-66170270,10.138824110318,10.1471708691488,11,1,0,0,11,1
H3K4me1_TDH_BP/samples/germinal/ERS333900/problems/chr3:60000-66170270,10.1471708691488,10.1504088623165,11,1,0,0,11,1
H3K4me1_TDH_BP/samples/germinal/ERS333900/problems/chr3:60000-66170270,10.1504088623165,10.1528997398151,11,1,0,0,11,1
H3K4me1_TDH_BP/samples/germinal/ERS333900/problems/chr3:60000-66170270,10.1528997398151,10.1541260115089,11,1,0,0,11,1
H3K4me1_TDH_BP/samples/germinal/ERS333900/problems/chr3:60000-66170270,10.1541260115089,10.1640722014653,11,0,0,0,11,0
H3K4me1_TDH_BP/samples/germinal/ERS333900/problems/chr3:60000-66170270,10.1640722014653,10.2030195381216,11,0,0,0,11,0
H3K4me1_TDH_BP/samples/germinal/ERS333900/problems/chr3:60000-66170270,10.2030195381216,10.6819073412197,11,0,0,0,11,0
H3K4me1_TDH_BP/samples/germinal/ERS333900/problems/chr3:60000-66170270,10.6819073412197,13.1691587173887,11,0,0,0,11,0
H3K4me1_TDH_BP/samples/germinal/ERS333900/problems/chr3:60000-66170270,13.1691587173887,Inf,11,0,0,0,11,0
H3K4me1_TDH_BP/samples/germinal/ERS333900/problems/chr4:75452279-190000000,-Inf,2.62546041317613,11,11,4,0,11,11
H3K4me1_TDH_BP/samples/germinal/ERS333900/problems/chr4:75452279-190000000,2.62546041317613,7.28619241597902,11,11,4,0,11,11
H3K4me1_TDH_BP/samples/germinal/ERS333900/problems/chr4:75452279-190000000,7.28619241597902,8.64483160237738,11,10,4,0,11,10
H3K4me1_TDH_BP/samples/germinal/ERS333900/problems/chr4:75452279-190000000,8.64483160237738,9.34297361727739,11,10,4,0,11,10
H3K4me1_TDH_BP/samples/germinal/ERS333900/problems/chr4:75452279-190000000,9.34297361727739,10.3043205930097,11,4,4,0,11,4
H3K4me1_TDH_BP/samples/germinal/ERS333900/problems/chr4:75452279-190000000,10.3043205930097,10.6698039293172,11,3,4,0,11,3
H3K4me1_TDH_BP/samples/germinal/ERS333900/problems/chr4:75452279-190000000,10.6698039293172,10.8322860557754,11,1,4,0,11,1
H3K4me1_TDH_BP/samples/germinal/ERS333900/problems/chr4:75452279-190000000,10.8322860557754,10.8561990766191,11,1,4,0,11,1
H3K4me1_TDH_BP/samples/germinal/ERS333900/problems/chr4:75452279-190000000,10.8561990766191,10.8685080945681,11,1,4,0,11,1
H3K4me1_TDH_BP/samples/germinal/ERS333900/problems/chr4:75452279-190000000,10.8685080945681,10.8797942031701,11,1,4,0,11,1
H3K4me1_TDH_BP/samples/germinal/ERS333900/problems/chr4:75452279-190000000,10.8797942031701,10.8816548958045,11,1,4,0,11,1
H3K4me1_TDH_BP/samples/germinal/ERS333900/problems/chr4:75452279-190000000,10.8816548958045,10.8820615107823,11,0,4,0,11,0
H3K4me1_TDH_BP/samples/germinal/ERS333900/problems/chr4:75452279-190000000,10.8820615107823,10.9172715588785,11,0,4,0,11,0
H3K4me1_TDH_BP/samples/germinal/ERS333900/problems/chr4:75452279-190000000,10.9172715588785,11.0210863919018,11,0,4,0,11,0
H3K4me1_TDH_BP/samples/germinal/ERS333900/problems/chr4:75452279-190000000,11.0210863919018,11.4096515386978,11,0,4,0,11,0
H3K4me1_TDH_BP/samples/germinal/ERS333900/problems/chr4:75452279-190000000,11.4096515386978,11.9000334764457,11,0,4,0,11,0
H3K4me1_TDH_BP/samples/germinal/ERS333900/problems/chr4:75452279-190000000,11.9000334764457,12.1250205346476,11,0,4,0,11,0
H3K4me1_TDH_BP/samples/germinal/ERS333900/problems/chr4:75452279-190000000,12.1250205346476,12.2416360601231,11,0,4,0,11,0
H3K4me1_TDH_BP/samples/germinal/ERS333900/problems/chr4:75452279-190000000,12.2416360601231,12.2904629677092,11,0,4,0,11,0
H3K4me1_TDH_BP/samples/germinal/ERS333900/problems/chr4:75452279-190000000,12.2904629677092,12.3151276193068,11,0,4,0,11,0
H3K4me1_TDH_BP/samples/germinal/ERS333900/problems/chr4:75452279-190000000,12.3151276193068,12.3193795477866,11,0,4,0,11,0
H3K4me1_TDH_BP/samples/germinal/ERS333900/problems/chr4:75452279-190000000,12.3193795477866,12.3414885743893,11,0,4,1,11,1
H3K4me1_TDH_BP/samples/germinal/ERS333900/problems/chr4:75452279-190000000,12.3414885743893,13.0283190219376,11,0,4,1,11,1
H3K4me1_TDH_BP/samples/germinal/ERS333900/problems/chr4:75452279-190000000,13.0283190219376,15.1829389344858,11,0,4,4,11,4
H3K4me1_TDH_BP/samples/germinal/ERS333900/problems/chr4:75452279-190000000,15.1829389344858,Inf,11,0,4,4,11,4
H3K4me1_TDH_BP/samples/germinal/ERS333900/problems/chr5:91686128-138787073,-Inf,2.63316006407191,15,15,1,0,15,15
H3K4me1_TDH_BP/samples/germinal/ERS333900/problems/chr5:91686128-138787073,2.63316006407191,7.38499350079135,15,15,1,0,15,15
H3K4me1_TDH_BP/samples/germinal/ERS333900/problems/chr5:91686128-138787073,7.38499350079135,9.19208415898044,15,14,1,0,15,14
H3K4me1_TDH_BP/samples/germinal/ERS333900/problems/chr5:91686128-138787073,9.19208415898044,10.7445001392882,15,3,1,0,15,3
H3K4me1_TDH_BP/samples/germinal/ERS333900/problems/chr5:91686128-138787073,10.7445001392882,10.9554393330559,15,1,1,0,15,1
H3K4me1_TDH_BP/samples/germinal/ERS333900/problems/chr5:91686128-138787073,10.9554393330559,11.0231198821135,15,1,1,0,15,1
H3K4me1_TDH_BP/samples/germinal/ERS333900/problems/chr5:91686128-138787073,11.0231198821135,11.0302981483269,15,1,1,0,15,1
H3K4me1_TDH_BP/samples/germinal/ERS333900/problems/chr5:91686128-138787073,11.0302981483269,11.0339046600056,15,1,1,0,15,1
H3K4me1_TDH_BP/samples/germinal/ERS333900/problems/chr5:91686128-138787073,11.0339046600056,11.034839703958,15,0,1,0,15,0
H3K4me1_TDH_BP/samples/germinal/ERS333900/problems/chr5:91686128-138787073,11.034839703958,11.0397676038319,15,0,1,0,15,0
H3K4me1_TDH_BP/samples/germinal/ERS333900/problems/chr5:91686128-138787073,11.0397676038319,11.0592686084204,15,0,1,0,15,0
H3K4me1_TDH_BP/samples/germinal/ERS333900/problems/chr5:91686128-138787073,11.0592686084204,11.1114917180169,15,0,1,0,15,0
H3K4me1_TDH_BP/samples/germinal/ERS333900/problems/chr5:91686128-138787073,11.1114917180169,11.4221376127264,15,0,1,0,15,0
H3K4me1_TDH_BP/samples/germinal/ERS333900/problems/chr5:91686128-138787073,11.4221376127264,12.2918475275282,15,0,1,0,15,0
H3K4me1_TDH_BP/samples/germinal/ERS333900/problems/chr5:91686128-138787073,12.2918475275282,12.9530142185834,15,0,1,0,15,0
H3K4me1_TDH_BP/samples/germinal/ERS333900/problems/chr5:91686128-138787073,12.9530142185834,13.1651083313002,15,0,1,0,15,0
H3K4me1_TDH_BP/samples/germinal/ERS333900/problems/chr5:91686128-138787073,13.1651083313002,13.2647836931406,15,0,1,0,15,0
H3K4me1_TDH_BP/samples/germinal/ERS333900/problems/chr5:91686128-138787073,13.2647836931406,13.2736980243829,15,0,1,0,15,0
H3K4me1_TDH_BP/samples/germinal/ERS333900/problems/chr5:91686128-138787073,13.2736980243829,13.273887481534,15,0,1,0,15,0
H3K4me1_TDH_BP/samples/germinal/ERS333900/problems/chr5:91686128-138787073,13.273887481534,13.2925415255224,15,0,1,1,15,1
H3K4me1_TDH_BP/samples/germinal/ERS333900/problems/chr5:91686128-138787073,13.2925415255224,13.3569028179133,15,0,1,1,15,1
H3K4me1_TDH_BP/samples/germinal/ERS333900/problems/chr5:91686128-138787073,13.3569028179133,13.8300860900073,15,0,1,1,15,1
H3K4me1_TDH_BP/samples/germinal/ERS333900/problems/chr5:91686128-138787073,13.8300860900073,15.5092644009455,15,0,1,1,15,1
H3K4me1_TDH_BP/samples/germinal/ERS333900/problems/chr5:91686128-138787073,15.5092644009455,Inf,15,0,1,1,15,1
H3K4me1_TDH_BP/samples/germinal/ERS333901/problems/chr1:149509645-205922707,-Inf,2.60695187083925,14,14,1,0,14,14
H3K4me1_TDH_BP/samples/germinal/ERS333901/problems/chr1:149509645-205922707,2.60695187083925,7.32352331314705,14,14,1,0,14,14
H3K4me1_TDH_BP/samples/germinal/ERS333901/problems/chr1:149509645-205922707,7.32352331314705,9.50412768157016,14,4,1,0,14,4
H3K4me1_TDH_BP/samples/germinal/ERS333901/problems/chr1:149509645-205922707,9.50412768157016,10.8777214907294,14,2,1,0,14,2
H3K4me1_TDH_BP/samples/germinal/ERS333901/problems/chr1:149509645-205922707,10.8777214907294,11.7363014845929,14,1,1,0,14,1
H3K4me1_TDH_BP/samples/germinal/ERS333901/problems/chr1:149509645-205922707,11.7363014845929,11.7956295001168,14,1,1,0,14,1
H3K4me1_TDH_BP/samples/germinal/ERS333901/problems/chr1:149509645-205922707,11.7956295001168,11.7983608665698,14,1,1,0,14,1
H3K4me1_TDH_BP/samples/germinal/ERS333901/problems/chr1:149509645-205922707,11.7983608665698,11.7987282856336,14,1,1,0,14,1
H3K4me1_TDH_BP/samples/germinal/ERS333901/problems/chr1:149509645-205922707,11.7987282856336,11.8017730053766,14,0,1,0,14,0
H3K4me1_TDH_BP/samples/germinal/ERS333901/problems/chr1:149509645-205922707,11.8017730053766,11.8080139306713,14,0,1,0,14,0
H3K4me1_TDH_BP/samples/germinal/ERS333901/problems/chr1:149509645-205922707,11.8080139306713,11.8217489851463,14,0,1,0,14,0
H3K4me1_TDH_BP/samples/germinal/ERS333901/problems/chr1:149509645-205922707,11.8217489851463,11.8652981323673,14,0,1,0,14,0
H3K4me1_TDH_BP/samples/germinal/ERS333901/problems/chr1:149509645-205922707,11.8652981323673,11.9821866601841,14,0,1,0,14,0
H3K4me1_TDH_BP/samples/germinal/ERS333901/problems/chr1:149509645-205922707,11.9821866601841,12.2979890903311,14,0,1,0,14,0
H3K4me1_TDH_BP/samples/germinal/ERS333901/problems/chr1:149509645-205922707,12.2979890903311,13.0049919492618,14,0,1,0,14,0
H3K4me1_TDH_BP/samples/germinal/ERS333901/problems/chr1:149509645-205922707,13.0049919492618,13.9179734828475,14,0,1,0,14,0
H3K4me1_TDH_BP/samples/germinal/ERS333901/problems/chr1:149509645-205922707,13.9179734828475,14.3104512744873,14,0,1,0,14,0
H3K4me1_TDH_BP/samples/germinal/ERS333901/problems/chr1:149509645-205922707,14.3104512744873,14.3662611421403,14,0,1,1,14,1
H3K4me1_TDH_BP/samples/germinal/ERS333901/problems/chr1:149509645-205922707,14.3662611421403,14.413559982438,14,0,1,1,14,1
H3K4me1_TDH_BP/samples/germinal/ERS333901/problems/chr1:149509645-205922707,14.413559982438,14.5002723511684,14,0,1,1,14,1
H3K4me1_TDH_BP/samples/germinal/ERS333901/problems/chr1:149509645-205922707,14.5002723511684,14.7957625909228,14,0,1,1,14,1
H3K4me1_TDH_BP/samples/germinal/ERS333901/problems/chr1:149509645-205922707,14.7957625909228,16.1083838373553,14,0,1,1,14,1
H3K4me1_TDH_BP/samples/germinal/ERS333901/problems/chr1:149509645-205922707,16.1083838373553,Inf,14,0,1,1,14,1
H3K4me1_TDH_BP/samples/germinal/ERS333901/problems/chr2:162200000-234003741,-Inf,2.62433698559559,8,8,2,0,8,8
H3K4me1_TDH_BP/samples/germinal/ERS333901/problems/chr2:162200000-234003741,2.62433698559559,7.11636611190473,8,8,2,0,8,8
H3K4me1_TDH_BP/samples/germinal/ERS333901/problems/chr2:162200000-234003741,7.11636611190473,8.89856071461861,8,7,2,0,8,7
H3K4me1_TDH_BP/samples/germinal/ERS333901/problems/chr2:162200000-234003741,8.89856071461861,9.77032030744897,8,6,2,0,8,6
H3K4me1_TDH_BP/samples/germinal/ERS333901/problems/chr2:162200000-234003741,9.77032030744897,10.3425677866445,8,2,2,0,8,2
H3K4me1_TDH_BP/samples/germinal/ERS333901/problems/chr2:162200000-234003741,10.3425677866445,10.661011601405,8,1,2,0,8,1
H3K4me1_TDH_BP/samples/germinal/ERS333901/problems/chr2:162200000-234003741,10.661011601405,10.8191850965837,8,1,2,0,8,1
H3K4me1_TDH_BP/samples/germinal/ERS333901/problems/chr2:162200000-234003741,10.8191850965837,10.8629964088534,8,1,2,0,8,1
H3K4me1_TDH_BP/samples/germinal/ERS333901/problems/chr2:162200000-234003741,10.8629964088534,10.8842856029126,8,1,2,0,8,1
H3K4me1_TDH_BP/samples/germinal/ERS333901/problems/chr2:162200000-234003741,10.8842856029126,10.8908575938773,8,1,2,0,8,1
H3K4me1_TDH_BP/samples/germinal/ERS333901/problems/chr2:162200000-234003741,10.8908575938773,10.8945255585448,8,0,2,0,8,0
H3K4me1_TDH_BP/samples/germinal/ERS333901/problems/chr2:162200000-234003741,10.8945255585448,10.8991103809364,8,0,2,0,8,0
H3K4me1_TDH_BP/samples/germinal/ERS333901/problems/chr2:162200000-234003741,10.8991103809364,10.9712576029756,8,0,2,0,8,0
H3K4me1_TDH_BP/samples/germinal/ERS333901/problems/chr2:162200000-234003741,10.9712576029756,11.9606926919692,8,0,2,0,8,0
H3K4me1_TDH_BP/samples/germinal/ERS333901/problems/chr2:162200000-234003741,11.9606926919692,13.439490499886,8,0,2,0,8,0
H3K4me1_TDH_BP/samples/germinal/ERS333901/problems/chr2:162200000-234003741,13.439490499886,13.8699323839013,8,0,2,0,8,0
H3K4me1_TDH_BP/samples/germinal/ERS333901/problems/chr2:162200000-234003741,13.8699323839013,13.9454297640775,8,0,2,0,8,0
H3K4me1_TDH_BP/samples/germinal/ERS333901/problems/chr2:162200000-234003741,13.9454297640775,14.0091092207655,8,0,2,0,8,0
H3K4me1_TDH_BP/samples/germinal/ERS333901/problems/chr2:162200000-234003741,14.0091092207655,14.0368792232544,8,0,2,2,8,2
H3K4me1_TDH_BP/samples/germinal/ERS333901/problems/chr2:162200000-234003741,14.0368792232544,14.0863601241075,8,0,2,2,8,2
H3K4me1_TDH_BP/samples/germinal/ERS333901/problems/chr2:162200000-234003741,14.0863601241075,14.3424153280425,8,0,2,2,8,2
H3K4me1_TDH_BP/samples/germinal/ERS333901/problems/chr2:162200000-234003741,14.3424153280425,15.5882046528584,8,0,2,2,8,2
H3K4me1_TDH_BP/samples/germinal/ERS333901/problems/chr2:162200000-234003741,15.5882046528584,Inf,8,0,2,2,8,2
H3K4me1_TDH_BP/samples/germinal/ERS333901/problems/chr2:16329724-21153113,-Inf,2.5848303877283,7,7,2,0,7,7
H3K4me1_TDH_BP/samples/germinal/ERS333901/problems/chr2:16329724-21153113,2.5848303877283,6.78458062097585,7,7,2,0,7,7
H3K4me1_TDH_BP/samples/germinal/ERS333901/problems/chr2:16329724-21153113,6.78458062097585,8.25094176592681,7,7,2,0,7,7
H3K4me1_TDH_BP/samples/germinal/ERS333901/problems/chr2:16329724-21153113,8.25094176592681,8.78808032828105,7,3,2,0,7,3
H3K4me1_TDH_BP/samples/germinal/ERS333901/problems/chr2:16329724-21153113,8.78808032828105,9.27528961165399,7,2,2,0,7,2
H3K4me1_TDH_BP/samples/germinal/ERS333901/problems/chr2:16329724-21153113,9.27528961165399,9.49483597550727,7,5,2,0,7,5
H3K4me1_TDH_BP/samples/germinal/ERS333901/problems/chr2:16329724-21153113,9.49483597550727,9.56107088661566,7,5,2,0,7,5
H3K4me1_TDH_BP/samples/germinal/ERS333901/problems/chr2:16329724-21153113,9.56107088661566,9.60199288569559,7,5,2,0,7,5
H3K4me1_TDH_BP/samples/germinal/ERS333901/problems/chr2:16329724-21153113,9.60199288569559,9.62583902720778,7,1,2,0,7,1
H3K4me1_TDH_BP/samples/germinal/ERS333901/problems/chr2:16329724-21153113,9.62583902720778,9.7176084756182,7,1,2,0,7,1
H3K4me1_TDH_BP/samples/germinal/ERS333901/problems/chr2:16329724-21153113,9.7176084756182,9.81014149899606,7,1,2,0,7,1
H3K4me1_TDH_BP/samples/germinal/ERS333901/problems/chr2:16329724-21153113,9.81014149899606,9.94543425744394,7,1,2,0,7,1
H3K4me1_TDH_BP/samples/germinal/ERS333901/problems/chr2:16329724-21153113,9.94543425744394,10.0237395513812,7,1,2,0,7,1
H3K4me1_TDH_BP/samples/germinal/ERS333901/problems/chr2:16329724-21153113,10.0237395513812,10.0862504877708,7,1,2,0,7,1
H3K4me1_TDH_BP/samples/germinal/ERS333901/problems/chr2:16329724-21153113,10.0862504877708,10.1355035952988,7,1,2,0,7,1
H3K4me1_TDH_BP/samples/germinal/ERS333901/problems/chr2:16329724-21153113,10.1355035952988,10.2706680076291,7,1,2,0,7,1
H3K4me1_TDH_BP/samples/germinal/ERS333901/problems/chr2:16329724-21153113,10.2706680076291,10.2955340510862,7,1,2,0,7,1
H3K4me1_TDH_BP/samples/germinal/ERS333901/problems/chr2:16329724-21153113,10.2955340510862,10.311223233575,7,1,2,0,7,1
H3K4me1_TDH_BP/samples/germinal/ERS333901/problems/chr2:16329724-21153113,10.311223233575,10.3283415886532,7,1,2,1,7,2
H3K4me1_TDH_BP/samples/germinal/ERS333901/problems/chr2:16329724-21153113,10.3283415886532,10.4169807495627,7,1,2,1,7,2
H3K4me1_TDH_BP/samples/germinal/ERS333901/problems/chr2:16329724-21153113,10.4169807495627,10.6641483299825,7,1,2,1,7,2
H3K4me1_TDH_BP/samples/germinal/ERS333901/problems/chr2:16329724-21153113,10.6641483299825,10.8830225887542,7,1,2,1,7,2
H3K4me1_TDH_BP/samples/germinal/ERS333901/problems/chr2:16329724-21153113,10.8830225887542,11.0012839230752,7,1,2,1,7,2
H3K4me1_TDH_BP/samples/germinal/ERS333901/problems/chr2:16329724-21153113,11.0012839230752,11.0806493801421,7,1,2,1,7,2
H3K4me1_TDH_BP/samples/germinal/ERS333901/problems/chr2:16329724-21153113,11.0806493801421,11.1183703270997,7,0,2,2,7,2
H3K4me1_TDH_BP/samples/germinal/ERS333901/problems/chr2:16329724-21153113,11.1183703270997,11.5952036473914,7,0,2,2,7,2
H3K4me1_TDH_BP/samples/germinal/ERS333901/problems/chr2:16329724-21153113,11.5952036473914,13.3272788098838,7,0,2,2,7,2
H3K4me1_TDH_BP/samples/germinal/ERS333901/problems/chr2:16329724-21153113,13.3272788098838,Inf,7,0,2,2,7,2
H3K4me1_TDH_BP/samples/germinal/ERS333901/problems/chr3:60000-66170270,-Inf,2.64096862816622,11,11,0,0,11,11
H3K4me1_TDH_BP/samples/germinal/ERS333901/problems/chr3:60000-66170270,2.64096862816622,7.23539614915272,11,11,0,0,11,11
H3K4me1_TDH_BP/samples/germinal/ERS333901/problems/chr3:60000-66170270,7.23539614915272,9.2804925804341,11,10,0,0,11,10
H3K4me1_TDH_BP/samples/germinal/ERS333901/problems/chr3:60000-66170270,9.2804925804341,9.97703618390371,11,1,0,0,11,1
H3K4me1_TDH_BP/samples/germinal/ERS333901/problems/chr3:60000-66170270,9.97703618390371,10.0733513676768,11,7,0,0,11,7
H3K4me1_TDH_BP/samples/germinal/ERS333901/problems/chr3:60000-66170270,10.0733513676768,10.1085765638349,11,7,0,0,11,7
H3K4me1_TDH_BP/samples/germinal/ERS333901/problems/chr3:60000-66170270,10.1085765638349,10.123342699326,11,7,0,0,11,7
H3K4me1_TDH_BP/samples/germinal/ERS333901/problems/chr3:60000-66170270,10.123342699326,10.1316386612129,11,1,0,0,11,1
H3K4me1_TDH_BP/samples/germinal/ERS333901/problems/chr3:60000-66170270,10.1316386612129,10.1345100923412,11,1,0,0,11,1
H3K4me1_TDH_BP/samples/germinal/ERS333901/problems/chr3:60000-66170270,10.1345100923412,10.1355330524667,11,1,0,0,11,1
H3K4me1_TDH_BP/samples/germinal/ERS333901/problems/chr3:60000-66170270,10.1355330524667,10.1375697463613,11,0,0,0,11,0
H3K4me1_TDH_BP/samples/germinal/ERS333901/problems/chr3:60000-66170270,10.1375697463613,10.1850904828161,11,0,0,0,11,0
H3K4me1_TDH_BP/samples/germinal/ERS333901/problems/chr3:60000-66170270,10.1850904828161,10.408100432699,11,0,0,0,11,0
H3K4me1_TDH_BP/samples/germinal/ERS333901/problems/chr3:60000-66170270,10.408100432699,11.0515426624579,11,0,0,0,11,0
H3K4me1_TDH_BP/samples/germinal/ERS333901/problems/chr3:60000-66170270,11.0515426624579,13.4727408638023,11,0,0,0,11,0
H3K4me1_TDH_BP/samples/germinal/ERS333901/problems/chr3:60000-66170270,13.4727408638023,Inf,11,0,0,0,11,0
H3K4me1_TDH_BP/samples/germinal/ERS333901/problems/chr4:75452279-190000000,-Inf,2.69826982727771,11,11,4,0,11,11
H3K4me1_TDH_BP/samples/germinal/ERS333901/problems/chr4:75452279-190000000,2.69826982727771,7.09967138209098,11,11,4,0,11,11
H3K4me1_TDH_BP/samples/germinal/ERS333901/problems/chr4:75452279-190000000,7.09967138209098,8.75946458438577,11,10,4,0,11,10
H3K4me1_TDH_BP/samples/germinal/ERS333901/problems/chr4:75452279-190000000,8.75946458438577,9.41511617928264,11,4,4,0,11,4
H3K4me1_TDH_BP/samples/germinal/ERS333901/problems/chr4:75452279-190000000,9.41511617928264,9.6373168393903,11,3,4,0,11,3
H3K4me1_TDH_BP/samples/germinal/ERS333901/problems/chr4:75452279-190000000,9.6373168393903,9.70442980204514,11,2,4,0,11,2
H3K4me1_TDH_BP/samples/germinal/ERS333901/problems/chr4:75452279-190000000,9.70442980204514,9.73715286237257,11,1,4,0,11,1
H3K4me1_TDH_BP/samples/germinal/ERS333901/problems/chr4:75452279-190000000,9.73715286237257,9.74902654861846,11,1,4,0,11,1
H3K4me1_TDH_BP/samples/germinal/ERS333901/problems/chr4:75452279-190000000,9.74902654861846,9.75195283928287,11,1,4,0,11,1
H3K4me1_TDH_BP/samples/germinal/ERS333901/problems/chr4:75452279-190000000,9.75195283928287,9.75340432857089,11,1,4,0,11,1
H3K4me1_TDH_BP/samples/germinal/ERS333901/problems/chr4:75452279-190000000,9.75340432857089,9.75421963905266,11,1,4,0,11,1
H3K4me1_TDH_BP/samples/germinal/ERS333901/problems/chr4:75452279-190000000,9.75421963905266,9.75468422676034,11,1,4,0,11,1
H3K4me1_TDH_BP/samples/germinal/ERS333901/problems/chr4:75452279-190000000,9.75468422676034,9.76152891848913,11,0,4,0,11,0
H3K4me1_TDH_BP/samples/germinal/ERS333901/problems/chr4:75452279-190000000,9.76152891848913,9.86044903251906,11,0,4,0,11,0
H3K4me1_TDH_BP/samples/germinal/ERS333901/problems/chr4:75452279-190000000,9.86044903251906,10.3625568379361,11,0,4,0,11,0
H3K4me1_TDH_BP/samples/germinal/ERS333901/problems/chr4:75452279-190000000,10.3625568379361,10.9593073399596,11,0,4,0,11,0
H3K4me1_TDH_BP/samples/germinal/ERS333901/problems/chr4:75452279-190000000,10.9593073399596,11.1467975445088,11,0,4,0,11,0
H3K4me1_TDH_BP/samples/germinal/ERS333901/problems/chr4:75452279-190000000,11.1467975445088,11.245043276424,11,0,4,0,11,0
H3K4me1_TDH_BP/samples/germinal/ERS333901/problems/chr4:75452279-190000000,11.245043276424,11.2836588625164,11,0,4,0,11,0
H3K4me1_TDH_BP/samples/germinal/ERS333901/problems/chr4:75452279-190000000,11.2836588625164,11.2927766737574,11,0,4,0,11,0
H3K4me1_TDH_BP/samples/germinal/ERS333901/problems/chr4:75452279-190000000,11.2927766737574,11.30135507132,11,0,4,0,11,0
H3K4me1_TDH_BP/samples/germinal/ERS333901/problems/chr4:75452279-190000000,11.30135507132,11.3050658022031,11,0,4,0,11,0
H3K4me1_TDH_BP/samples/germinal/ERS333901/problems/chr4:75452279-190000000,11.3050658022031,11.3078252607495,11,0,4,0,11,0
H3K4me1_TDH_BP/samples/germinal/ERS333901/problems/chr4:75452279-190000000,11.3078252607495,11.3244094174232,11,0,4,2,11,2
H3K4me1_TDH_BP/samples/germinal/ERS333901/problems/chr4:75452279-190000000,11.3244094174232,11.60272129567,11,0,4,2,11,2
H3K4me1_TDH_BP/samples/germinal/ERS333901/problems/chr4:75452279-190000000,11.60272129567,12.4429752076641,11,0,4,3,11,3
H3K4me1_TDH_BP/samples/germinal/ERS333901/problems/chr4:75452279-190000000,12.4429752076641,14.7385193992933,11,2,4,4,11,6
H3K4me1_TDH_BP/samples/germinal/ERS333901/problems/chr4:75452279-190000000,14.7385193992933,Inf,11,0,4,4,11,4
H3K4me1_TDH_BP/samples/germinal/ERS333901/problems/chr5:91686128-138787073,-Inf,2.66495599664024,15,15,1,0,15,15
H3K4me1_TDH_BP/samples/germinal/ERS333901/problems/chr5:91686128-138787073,2.66495599664024,7.23523748692511,15,15,1,0,15,15
H3K4me1_TDH_BP/samples/germinal/ERS333901/problems/chr5:91686128-138787073,7.23523748692511,9.21472183146428,15,14,1,0,15,14
H3K4me1_TDH_BP/samples/germinal/ERS333901/problems/chr5:91686128-138787073,9.21472183146428,10.1401659688202,15,13,1,0,15,13
H3K4me1_TDH_BP/samples/germinal/ERS333901/problems/chr5:91686128-138787073,10.1401659688202,10.656041922913,15,1,1,0,15,1
H3K4me1_TDH_BP/samples/germinal/ERS333901/problems/chr5:91686128-138787073,10.656041922913,10.7925148871664,15,1,1,0,15,1
H3K4me1_TDH_BP/samples/germinal/ERS333901/problems/chr5:91686128-138787073,10.7925148871664,10.8253451123312,15,1,1,0,15,1
H3K4me1_TDH_BP/samples/germinal/ERS333901/problems/chr5:91686128-138787073,10.8253451123312,10.8344179694017,15,1,1,0,15,1
H3K4me1_TDH_BP/samples/germinal/ERS333901/problems/chr5:91686128-138787073,10.8344179694017,10.8352645673084,15,1,1,0,15,1
H3K4me1_TDH_BP/samples/germinal/ERS333901/problems/chr5:91686128-138787073,10.8352645673084,10.8353467176147,15,0,1,0,15,0
H3K4me1_TDH_BP/samples/germinal/ERS333901/problems/chr5:91686128-138787073,10.8353467176147,10.8358096842656,15,0,1,0,15,0
H3K4me1_TDH_BP/samples/germinal/ERS333901/problems/chr5:91686128-138787073,10.8358096842656,10.8384536898103,15,0,1,0,15,0
H3K4me1_TDH_BP/samples/germinal/ERS333901/problems/chr5:91686128-138787073,10.8384536898103,10.8530843083205,15,0,1,0,15,0
H3K4me1_TDH_BP/samples/germinal/ERS333901/problems/chr5:91686128-138787073,10.8530843083205,10.9238223666304,15,0,1,0,15,0
H3K4me1_TDH_BP/samples/germinal/ERS333901/problems/chr5:91686128-138787073,10.9238223666304,11.2170206423204,15,0,1,0,15,0
H3K4me1_TDH_BP/samples/germinal/ERS333901/problems/chr5:91686128-138787073,11.2170206423204,11.8819059876512,15,0,1,0,15,0
H3K4me1_TDH_BP/samples/germinal/ERS333901/problems/chr5:91686128-138787073,11.8819059876512,12.6641530085427,15,0,1,0,15,0
H3K4me1_TDH_BP/samples/germinal/ERS333901/problems/chr5:91686128-138787073,12.6641530085427,12.9283905633428,15,0,1,0,15,0
H3K4me1_TDH_BP/samples/germinal/ERS333901/problems/chr5:91686128-138787073,12.9283905633428,12.9854760536259,15,0,1,0,15,0
H3K4me1_TDH_BP/samples/germinal/ERS333901/problems/chr5:91686128-138787073,12.9854760536259,13.0024246770747,15,0,1,0,15,0
H3K4me1_TDH_BP/samples/germinal/ERS333901/problems/chr5:91686128-138787073,13.0024246770747,13.0506920027641,15,0,1,1,15,1
H3K4me1_TDH_BP/samples/germinal/ERS333901/problems/chr5:91686128-138787073,13.0506920027641,13.1405951682119,15,0,1,1,15,1
H3K4me1_TDH_BP/samples/germinal/ERS333901/problems/chr5:91686128-138787073,13.1405951682119,13.363065766701,15,0,1,1,15,1
H3K4me1_TDH_BP/samples/germinal/ERS333901/problems/chr5:91686128-138787073,13.363065766701,15.2005161121497,15,0,1,1,15,1
H3K4me1_TDH_BP/samples/germinal/ERS333901/problems/chr5:91686128-138787073,15.2005161121497,Inf,15,0,1,1,15,1
H3K4me1_TDH_BP/samples/leukemia/ERS466414/problems/chr1:149509645-205922707,-Inf,2.36182305655619,14,14,1,0,14,14
H3K4me1_TDH_BP/samples/leukemia/ERS466414/problems/chr1:149509645-205922707,2.36182305655619,7.15168243587449,14,14,1,0,14,14
H3K4me1_TDH_BP/samples/leukemia/ERS466414/problems/chr1:149509645-205922707,7.15168243587449,8.91751042399391,14,14,1,0,14,14
H3K4me1_TDH_BP/samples/leukemia/ERS466414/problems/chr1:149509645-205922707,8.91751042399391,10.6011196439608,14,3,1,0,14,3
H3K4me1_TDH_BP/samples/leukemia/ERS466414/problems/chr1:149509645-205922707,10.6011196439608,11.2266151945367,14,2,1,0,14,2
H3K4me1_TDH_BP/samples/leukemia/ERS466414/problems/chr1:149509645-205922707,11.2266151945367,11.3494016274862,14,2,1,0,14,2
H3K4me1_TDH_BP/samples/leukemia/ERS466414/problems/chr1:149509645-205922707,11.3494016274862,11.3528226305976,14,2,1,0,14,2
H3K4me1_TDH_BP/samples/leukemia/ERS466414/problems/chr1:149509645-205922707,11.3528226305976,11.3532679101857,14,2,1,0,14,2
H3K4me1_TDH_BP/samples/leukemia/ERS466414/problems/chr1:149509645-205922707,11.3532679101857,11.3536296120123,14,0,1,0,14,0
H3K4me1_TDH_BP/samples/leukemia/ERS466414/problems/chr1:149509645-205922707,11.3536296120123,11.3585465340789,14,0,1,0,14,0
H3K4me1_TDH_BP/samples/leukemia/ERS466414/problems/chr1:149509645-205922707,11.3585465340789,11.3662995172851,14,0,1,0,14,0
H3K4me1_TDH_BP/samples/leukemia/ERS466414/problems/chr1:149509645-205922707,11.3662995172851,11.394659332829,14,0,1,0,14,0
H3K4me1_TDH_BP/samples/leukemia/ERS466414/problems/chr1:149509645-205922707,11.394659332829,11.4361392749278,14,0,1,0,14,0
H3K4me1_TDH_BP/samples/leukemia/ERS466414/problems/chr1:149509645-205922707,11.4361392749278,11.5300557875189,14,0,1,0,14,0
H3K4me1_TDH_BP/samples/leukemia/ERS466414/problems/chr1:149509645-205922707,11.5300557875189,11.8312133726885,14,0,1,0,14,0
H3K4me1_TDH_BP/samples/leukemia/ERS466414/problems/chr1:149509645-205922707,11.8312133726885,12.3623826751382,14,0,1,0,14,0
H3K4me1_TDH_BP/samples/leukemia/ERS466414/problems/chr1:149509645-205922707,12.3623826751382,12.6994499776972,14,0,1,0,14,0
H3K4me1_TDH_BP/samples/leukemia/ERS466414/problems/chr1:149509645-205922707,12.6994499776972,12.7562360398883,14,0,1,0,14,0
H3K4me1_TDH_BP/samples/leukemia/ERS466414/problems/chr1:149509645-205922707,12.7562360398883,12.7691215284427,14,0,1,0,14,0
H3K4me1_TDH_BP/samples/leukemia/ERS466414/problems/chr1:149509645-205922707,12.7691215284427,12.7711125213905,14,0,1,1,14,1
H3K4me1_TDH_BP/samples/leukemia/ERS466414/problems/chr1:149509645-205922707,12.7711125213905,12.7832830914897,14,0,1,1,14,1
H3K4me1_TDH_BP/samples/leukemia/ERS466414/problems/chr1:149509645-205922707,12.7832830914897,12.8096968051631,14,0,1,1,14,1
H3K4me1_TDH_BP/samples/leukemia/ERS466414/problems/chr1:149509645-205922707,12.8096968051631,12.9070745939523,14,0,1,1,14,1
H3K4me1_TDH_BP/samples/leukemia/ERS466414/problems/chr1:149509645-205922707,12.9070745939523,13.2156112419946,14,0,1,1,14,1
H3K4me1_TDH_BP/samples/leukemia/ERS466414/problems/chr1:149509645-205922707,13.2156112419946,14.6328850397725,14,0,1,1,14,1
H3K4me1_TDH_BP/samples/leukemia/ERS466414/problems/chr1:149509645-205922707,14.6328850397725,Inf,14,0,1,1,14,1
H3K4me1_TDH_BP/samples/leukemia/ERS466414/problems/chr2:162200000-234003741,-Inf,2.35692095762399,8,8,4,0,8,8
H3K4me1_TDH_BP/samples/leukemia/ERS466414/problems/chr2:162200000-234003741,2.35692095762399,6.92284960551182,8,8,4,0,8,8
H3K4me1_TDH_BP/samples/leukemia/ERS466414/problems/chr2:162200000-234003741,6.92284960551182,8.30896944847078,8,8,4,0,8,8
H3K4me1_TDH_BP/samples/leukemia/ERS466414/problems/chr2:162200000-234003741,8.30896944847078,8.91999511476065,8,6,4,0,8,6
H3K4me1_TDH_BP/samples/leukemia/ERS466414/problems/chr2:162200000-234003741,8.91999511476065,9.59467018165623,8,4,4,0,8,4
H3K4me1_TDH_BP/samples/leukemia/ERS466414/problems/chr2:162200000-234003741,9.59467018165623,9.79329533856091,8,4,4,1,8,5
H3K4me1_TDH_BP/samples/leukemia/ERS466414/problems/chr2:162200000-234003741,9.79329533856091,10.137430272292,8,2,4,1,8,3
H3K4me1_TDH_BP/samples/leukemia/ERS466414/problems/chr2:162200000-234003741,10.137430272292,10.3920636624394,8,2,4,1,8,3
H3K4me1_TDH_BP/samples/leukemia/ERS466414/problems/chr2:162200000-234003741,10.3920636624394,10.394063794839,8,2,4,1,8,3
H3K4me1_TDH_BP/samples/leukemia/ERS466414/problems/chr2:162200000-234003741,10.394063794839,10.3951838677989,8,2,4,1,8,3
H3K4me1_TDH_BP/samples/leukemia/ERS466414/problems/chr2:162200000-234003741,10.3951838677989,10.3952292809198,8,0,4,2,8,2
H3K4me1_TDH_BP/samples/leukemia/ERS466414/problems/chr2:162200000-234003741,10.3952292809198,10.3969641985595,8,0,4,2,8,2
H3K4me1_TDH_BP/samples/leukemia/ERS466414/problems/chr2:162200000-234003741,10.3969641985595,10.4021454890693,8,0,4,2,8,2
H3K4me1_TDH_BP/samples/leukemia/ERS466414/problems/chr2:162200000-234003741,10.4021454890693,10.4200339053385,8,0,4,2,8,2
H3K4me1_TDH_BP/samples/leukemia/ERS466414/problems/chr2:162200000-234003741,10.4200339053385,10.4642551131424,8,0,4,2,8,2
H3K4me1_TDH_BP/samples/leukemia/ERS466414/problems/chr2:162200000-234003741,10.4642551131424,10.5607238641457,8,0,4,2,8,2
H3K4me1_TDH_BP/samples/leukemia/ERS466414/problems/chr2:162200000-234003741,10.5607238641457,10.6750423644645,8,0,4,2,8,2
H3K4me1_TDH_BP/samples/leukemia/ERS466414/problems/chr2:162200000-234003741,10.6750423644645,10.7630196984055,8,0,4,2,8,2
H3K4me1_TDH_BP/samples/leukemia/ERS466414/problems/chr2:162200000-234003741,10.7630196984055,10.8794411750919,8,0,4,2,8,2
H3K4me1_TDH_BP/samples/leukemia/ERS466414/problems/chr2:162200000-234003741,10.8794411750919,11.0301214794278,8,0,4,2,8,2
H3K4me1_TDH_BP/samples/leukemia/ERS466414/problems/chr2:162200000-234003741,11.0301214794278,11.1436842651491,8,0,4,2,8,2
H3K4me1_TDH_BP/samples/leukemia/ERS466414/problems/chr2:162200000-234003741,11.1436842651491,11.2154687967061,8,0,4,2,8,2
H3K4me1_TDH_BP/samples/leukemia/ERS466414/problems/chr2:162200000-234003741,11.2154687967061,11.2920409283499,8,0,4,2,8,2
H3K4me1_TDH_BP/samples/leukemia/ERS466414/problems/chr2:162200000-234003741,11.2920409283499,11.3770533292247,8,0,4,2,8,2
H3K4me1_TDH_BP/samples/leukemia/ERS466414/problems/chr2:162200000-234003741,11.3770533292247,11.4831273318117,8,0,4,2,8,2
H3K4me1_TDH_BP/samples/leukemia/ERS466414/problems/chr2:162200000-234003741,11.4831273318117,11.6000005803629,8,0,4,2,8,2
H3K4me1_TDH_BP/samples/leukemia/ERS466414/problems/chr2:162200000-234003741,11.6000005803629,11.6956018352174,8,0,4,2,8,2
H3K4me1_TDH_BP/samples/leukemia/ERS466414/problems/chr2:162200000-234003741,11.6956018352174,11.7782519345119,8,0,4,2,8,2
H3K4me1_TDH_BP/samples/leukemia/ERS466414/problems/chr2:162200000-234003741,11.7782519345119,11.8693175056198,8,0,4,2,8,2
H3K4me1_TDH_BP/samples/leukemia/ERS466414/problems/chr2:162200000-234003741,11.8693175056198,11.9946795940607,8,0,4,2,8,2
H3K4me1_TDH_BP/samples/leukemia/ERS466414/problems/chr2:162200000-234003741,11.9946795940607,12.0797650241424,8,0,4,2,8,2
H3K4me1_TDH_BP/samples/leukemia/ERS466414/problems/chr2:162200000-234003741,12.0797650241424,12.0881676873965,8,0,4,2,8,2
H3K4me1_TDH_BP/samples/leukemia/ERS466414/problems/chr2:162200000-234003741,12.0881676873965,12.0992490956145,8,0,4,4,8,4
H3K4me1_TDH_BP/samples/leukemia/ERS466414/problems/chr2:162200000-234003741,12.0992490956145,12.104933049134,8,0,4,4,8,4
H3K4me1_TDH_BP/samples/leukemia/ERS466414/problems/chr2:162200000-234003741,12.104933049134,12.1380577836539,8,0,4,4,8,4
H3K4me1_TDH_BP/samples/leukemia/ERS466414/problems/chr2:162200000-234003741,12.1380577836539,12.203663877082,8,0,4,4,8,4
H3K4me1_TDH_BP/samples/leukemia/ERS466414/problems/chr2:162200000-234003741,12.203663877082,12.5946015231191,8,0,4,4,8,4
H3K4me1_TDH_BP/samples/leukemia/ERS466414/problems/chr2:162200000-234003741,12.5946015231191,14.2129297802337,8,0,4,4,8,4
H3K4me1_TDH_BP/samples/leukemia/ERS466414/problems/chr2:162200000-234003741,14.2129297802337,Inf,8,0,4,4,8,4
H3K4me1_TDH_BP/samples/leukemia/ERS466414/problems/chr2:16329724-21153113,-Inf,2.32063491844163,7,7,2,0,7,7
H3K4me1_TDH_BP/samples/leukemia/ERS466414/problems/chr2:16329724-21153113,2.32063491844163,7.02719907425031,7,7,2,0,7,7
H3K4me1_TDH_BP/samples/leukemia/ERS466414/problems/chr2:16329724-21153113,7.02719907425031,8.80890847882898,7,7,2,0,7,7
H3K4me1_TDH_BP/samples/leukemia/ERS466414/problems/chr2:16329724-21153113,8.80890847882898,10.3219618946303,7,3,2,0,7,3
H3K4me1_TDH_BP/samples/leukemia/ERS466414/problems/chr2:16329724-21153113,10.3219618946303,10.6719525753182,7,2,2,0,7,2
H3K4me1_TDH_BP/samples/leukemia/ERS466414/problems/chr2:16329724-21153113,10.6719525753182,10.9073922257328,7,2,2,0,7,2
H3K4me1_TDH_BP/samples/leukemia/ERS466414/problems/chr2:16329724-21153113,10.9073922257328,10.9950442052334,7,2,2,0,7,2
H3K4me1_TDH_BP/samples/leukemia/ERS466414/problems/chr2:16329724-21153113,10.9950442052334,11.0563937658406,7,2,2,0,7,2
H3K4me1_TDH_BP/samples/leukemia/ERS466414/problems/chr2:16329724-21153113,11.0563937658406,11.0591090238457,7,1,2,0,7,1
H3K4me1_TDH_BP/samples/leukemia/ERS466414/problems/chr2:16329724-21153113,11.0591090238457,11.060744841026,7,0,2,0,7,0
H3K4me1_TDH_BP/samples/leukemia/ERS466414/problems/chr2:16329724-21153113,11.060744841026,11.5795155170673,7,0,2,0,7,0
H3K4me1_TDH_BP/samples/leukemia/ERS466414/problems/chr2:16329724-21153113,11.5795155170673,12.573294190952,7,0,2,0,7,0
H3K4me1_TDH_BP/samples/leukemia/ERS466414/problems/chr2:16329724-21153113,12.573294190952,13.5633066020256,7,0,2,0,7,0
H3K4me1_TDH_BP/samples/leukemia/ERS466414/problems/chr2:16329724-21153113,13.5633066020256,13.6463861724132,7,0,2,0,7,0
H3K4me1_TDH_BP/samples/leukemia/ERS466414/problems/chr2:16329724-21153113,13.6463861724132,13.8863168460607,7,0,2,2,7,2
H3K4me1_TDH_BP/samples/leukemia/ERS466414/problems/chr2:16329724-21153113,13.8863168460607,14.289488478564,7,0,2,2,7,2
H3K4me1_TDH_BP/samples/leukemia/ERS466414/problems/chr2:16329724-21153113,14.289488478564,Inf,7,0,2,2,7,2
H3K4me1_TDH_BP/samples/leukemia/ERS466414/problems/chr3:60000-66170270,-Inf,2.34374421160749,11,11,0,0,11,11
H3K4me1_TDH_BP/samples/leukemia/ERS466414/problems/chr3:60000-66170270,2.34374421160749,7.01829036382024,11,11,0,0,11,11
H3K4me1_TDH_BP/samples/leukemia/ERS466414/problems/chr3:60000-66170270,7.01829036382024,8.72865858683923,11,11,0,0,11,11
H3K4me1_TDH_BP/samples/leukemia/ERS466414/problems/chr3:60000-66170270,8.72865858683923,10.0275558505068,11,11,0,0,11,11
H3K4me1_TDH_BP/samples/leukemia/ERS466414/problems/chr3:60000-66170270,10.0275558505068,10.2926056561638,11,11,0,0,11,11
H3K4me1_TDH_BP/samples/leukemia/ERS466414/problems/chr3:60000-66170270,10.2926056561638,10.3485121859457,11,11,0,0,11,11
H3K4me1_TDH_BP/samples/leukemia/ERS466414/problems/chr3:60000-66170270,10.3485121859457,10.3563296803405,11,11,0,0,11,11
H3K4me1_TDH_BP/samples/leukemia/ERS466414/problems/chr3:60000-66170270,10.3563296803405,10.3565453751363,11,0,0,0,11,0
H3K4me1_TDH_BP/samples/leukemia/ERS466414/problems/chr3:60000-66170270,10.3565453751363,10.358076769049,11,0,0,0,11,0
H3K4me1_TDH_BP/samples/leukemia/ERS466414/problems/chr3:60000-66170270,10.358076769049,10.3646158273425,11,0,0,0,11,0
H3K4me1_TDH_BP/samples/leukemia/ERS466414/problems/chr3:60000-66170270,10.3646158273425,10.3821722725554,11,0,0,0,11,0
H3K4me1_TDH_BP/samples/leukemia/ERS466414/problems/chr3:60000-66170270,10.3821722725554,10.437137629331,11,0,0,0,11,0
H3K4me1_TDH_BP/samples/leukemia/ERS466414/problems/chr3:60000-66170270,10.437137629331,10.6053217348923,11,0,0,0,11,0
H3K4me1_TDH_BP/samples/leukemia/ERS466414/problems/chr3:60000-66170270,10.6053217348923,11.2502931085795,11,0,0,0,11,0
H3K4me1_TDH_BP/samples/leukemia/ERS466414/problems/chr3:60000-66170270,11.2502931085795,13.1989415882077,11,0,0,0,11,0
H3K4me1_TDH_BP/samples/leukemia/ERS466414/problems/chr3:60000-66170270,13.1989415882077,Inf,11,0,0,0,11,0
H3K4me1_TDH_BP/samples/leukemia/ERS466414/problems/chr4:75452279-190000000,-Inf,2.37649176475703,11,11,3,0,11,11
H3K4me1_TDH_BP/samples/leukemia/ERS466414/problems/chr4:75452279-190000000,2.37649176475703,6.81532575733566,11,11,3,0,11,11
H3K4me1_TDH_BP/samples/leukemia/ERS466414/problems/chr4:75452279-190000000,6.81532575733566,8.42904529005827,11,11,3,0,11,11
H3K4me1_TDH_BP/samples/leukemia/ERS466414/problems/chr4:75452279-190000000,8.42904529005827,9.27855624707227,11,9,3,0,11,9
H3K4me1_TDH_BP/samples/leukemia/ERS466414/problems/chr4:75452279-190000000,9.27855624707227,9.58876768178072,11,5,3,0,11,5
H3K4me1_TDH_BP/samples/leukemia/ERS466414/problems/chr4:75452279-190000000,9.58876768178072,9.90331551392583,11,1,3,0,11,1
H3K4me1_TDH_BP/samples/leukemia/ERS466414/problems/chr4:75452279-190000000,9.90331551392583,10.0911728784036,11,1,3,0,11,1
H3K4me1_TDH_BP/samples/leukemia/ERS466414/problems/chr4:75452279-190000000,10.0911728784036,10.1853773723665,11,1,3,0,11,1
H3K4me1_TDH_BP/samples/leukemia/ERS466414/problems/chr4:75452279-190000000,10.1853773723665,10.2271802718859,11,1,3,0,11,1
H3K4me1_TDH_BP/samples/leukemia/ERS466414/problems/chr4:75452279-190000000,10.2271802718859,10.2483968318264,11,1,3,0,11,1
H3K4me1_TDH_BP/samples/leukemia/ERS466414/problems/chr4:75452279-190000000,10.2483968318264,10.2499361097765,11,1,3,0,11,1
H3K4me1_TDH_BP/samples/leukemia/ERS466414/problems/chr4:75452279-190000000,10.2499361097765,10.2514221273388,11,1,3,0,11,1
H3K4me1_TDH_BP/samples/leukemia/ERS466414/problems/chr4:75452279-190000000,10.2514221273388,10.2546161354703,11,0,3,0,11,0
H3K4me1_TDH_BP/samples/leukemia/ERS466414/problems/chr4:75452279-190000000,10.2546161354703,10.2584514859301,11,0,3,0,11,0
H3K4me1_TDH_BP/samples/leukemia/ERS466414/problems/chr4:75452279-190000000,10.2584514859301,10.2689419971079,11,0,3,0,11,0
H3K4me1_TDH_BP/samples/leukemia/ERS466414/problems/chr4:75452279-190000000,10.2689419971079,10.4012333704243,11,0,3,0,11,0
H3K4me1_TDH_BP/samples/leukemia/ERS466414/problems/chr4:75452279-190000000,10.4012333704243,10.6096026031687,11,0,3,0,11,0
H3K4me1_TDH_BP/samples/leukemia/ERS466414/problems/chr4:75452279-190000000,10.6096026031687,10.6702056748039,11,0,3,0,11,0
H3K4me1_TDH_BP/samples/leukemia/ERS466414/problems/chr4:75452279-190000000,10.6702056748039,10.7030628732229,11,0,3,0,11,0
H3K4me1_TDH_BP/samples/leukemia/ERS466414/problems/chr4:75452279-190000000,10.7030628732229,10.7206118648364,11,0,3,0,11,0
H3K4me1_TDH_BP/samples/leukemia/ERS466414/problems/chr4:75452279-190000000,10.7206118648364,10.7236434994132,11,0,3,0,11,0
H3K4me1_TDH_BP/samples/leukemia/ERS466414/problems/chr4:75452279-190000000,10.7236434994132,10.727114762791,11,0,3,0,11,0
H3K4me1_TDH_BP/samples/leukemia/ERS466414/problems/chr4:75452279-190000000,10.727114762791,10.7337052274609,11,0,3,2,11,2
H3K4me1_TDH_BP/samples/leukemia/ERS466414/problems/chr4:75452279-190000000,10.7337052274609,10.8492658054535,11,0,3,2,11,2
H3K4me1_TDH_BP/samples/leukemia/ERS466414/problems/chr4:75452279-190000000,10.8492658054535,11.7331604835256,11,0,3,2,11,2
H3K4me1_TDH_BP/samples/leukemia/ERS466414/problems/chr4:75452279-190000000,11.7331604835256,14.081748739872,11,0,3,3,11,3
H3K4me1_TDH_BP/samples/leukemia/ERS466414/problems/chr4:75452279-190000000,14.081748739872,Inf,11,0,3,3,11,3
H3K4me1_TDH_BP/samples/leukemia/ERS466414/problems/chr5:91686128-138787073,-Inf,2.38415050712977,15,15,1,0,15,15
H3K4me1_TDH_BP/samples/leukemia/ERS466414/problems/chr5:91686128-138787073,2.38415050712977,6.95174678701448,15,15,1,0,15,15
H3K4me1_TDH_BP/samples/leukemia/ERS466414/problems/chr5:91686128-138787073,6.95174678701448,8.60397613552149,15,15,1,0,15,15
H3K4me1_TDH_BP/samples/leukemia/ERS466414/problems/chr5:91686128-138787073,8.60397613552149,9.65256152129793,15,8,1,0,15,8
H3K4me1_TDH_BP/samples/leukemia/ERS466414/problems/chr5:91686128-138787073,9.65256152129793,9.81550964742252,15,7,1,0,15,7
H3K4me1_TDH_BP/samples/leukemia/ERS466414/problems/chr5:91686128-138787073,9.81550964742252,9.89377006250119,15,7,1,0,15,7
H3K4me1_TDH_BP/samples/leukemia/ERS466414/problems/chr5:91686128-138787073,9.89377006250119,9.92456046482581,15,7,1,0,15,7
H3K4me1_TDH_BP/samples/leukemia/ERS466414/problems/chr5:91686128-138787073,9.92456046482581,9.93238532237901,15,1,1,0,15,1
H3K4me1_TDH_BP/samples/leukemia/ERS466414/problems/chr5:91686128-138787073,9.93238532237901,9.93739495225511,15,1,1,0,15,1
H3K4me1_TDH_BP/samples/leukemia/ERS466414/problems/chr5:91686128-138787073,9.93739495225511,9.94109869065639,15,1,1,0,15,1
H3K4me1_TDH_BP/samples/leukemia/ERS466414/problems/chr5:91686128-138787073,9.94109869065639,9.94227365967716,15,1,1,0,15,1
H3K4me1_TDH_BP/samples/leukemia/ERS466414/problems/chr5:91686128-138787073,9.94227365967716,9.95766817934788,15,0,1,0,15,0
H3K4me1_TDH_BP/samples/leukemia/ERS466414/problems/chr5:91686128-138787073,9.95766817934788,10.1846634759629,15,0,1,0,15,0
H3K4me1_TDH_BP/samples/leukemia/ERS466414/problems/chr5:91686128-138787073,10.1846634759629,11.0342889730547,15,0,1,0,15,0
H3K4me1_TDH_BP/samples/leukemia/ERS466414/problems/chr5:91686128-138787073,11.0342889730547,12.2844694922564,15,0,1,0,15,0
H3K4me1_TDH_BP/samples/leukemia/ERS466414/problems/chr5:91686128-138787073,12.2844694922564,13.3110733715413,15,0,1,0,15,0
H3K4me1_TDH_BP/samples/leukemia/ERS466414/problems/chr5:91686128-138787073,13.3110733715413,13.616387683649,15,0,1,0,15,0
H3K4me1_TDH_BP/samples/leukemia/ERS466414/problems/chr5:91686128-138787073,13.616387683649,13.7848479066357,15,0,1,0,15,0
H3K4me1_TDH_BP/samples/leukemia/ERS466414/problems/chr5:91686128-138787073,13.7848479066357,13.9075857819495,15,0,1,1,15,1
H3K4me1_TDH_BP/samples/leukemia/ERS466414/problems/chr5:91686128-138787073,13.9075857819495,14.0473504661412,15,0,1,1,15,1
H3K4me1_TDH_BP/samples/leukemia/ERS466414/problems/chr5:91686128-138787073,14.0473504661412,15.6145083481066,15,0,1,1,15,1
H3K4me1_TDH_BP/samples/leukemia/ERS466414/problems/chr5:91686128-138787073,15.6145083481066,Inf,15,0,1,1,15,1
H3K4me1_TDH_BP/samples/leukemia/ERS466415/problems/chr1:149509645-205922707,-Inf,2.45503327401174,14,14,1,0,14,14
H3K4me1_TDH_BP/samples/leukemia/ERS466415/problems/chr1:149509645-205922707,2.45503327401174,7.27684710886606,14,14,1,0,14,14
H3K4me1_TDH_BP/samples/leukemia/ERS466415/problems/chr1:149509645-205922707,7.27684710886606,9.20808434399281,14,13,1,0,14,13
H3K4me1_TDH_BP/samples/leukemia/ERS466415/problems/chr1:149509645-205922707,9.20808434399281,10.6795029133213,14,3,1,0,14,3
H3K4me1_TDH_BP/samples/leukemia/ERS466415/problems/chr1:149509645-205922707,10.6795029133213,10.8520415699576,14,2,1,0,14,2
H3K4me1_TDH_BP/samples/leukemia/ERS466415/problems/chr1:149509645-205922707,10.8520415699576,10.9445015266221,14,2,1,0,14,2
H3K4me1_TDH_BP/samples/leukemia/ERS466415/problems/chr1:149509645-205922707,10.9445015266221,10.9782751512764,14,2,1,0,14,2
H3K4me1_TDH_BP/samples/leukemia/ERS466415/problems/chr1:149509645-205922707,10.9782751512764,10.9881613976354,14,2,1,0,14,2
H3K4me1_TDH_BP/samples/leukemia/ERS466415/problems/chr1:149509645-205922707,10.9881613976354,10.992320902697,14,2,1,0,14,2
H3K4me1_TDH_BP/samples/leukemia/ERS466415/problems/chr1:149509645-205922707,10.992320902697,10.9934403003703,14,2,1,0,14,2
H3K4me1_TDH_BP/samples/leukemia/ERS466415/problems/chr1:149509645-205922707,10.9934403003703,10.994133425917,14,2,1,0,14,2
H3K4me1_TDH_BP/samples/leukemia/ERS466415/problems/chr1:149509645-205922707,10.994133425917,10.9960197840596,14,0,1,0,14,0
H3K4me1_TDH_BP/samples/leukemia/ERS466415/problems/chr1:149509645-205922707,10.9960197840596,11.0091303687831,14,0,1,0,14,0
H3K4me1_TDH_BP/samples/leukemia/ERS466415/problems/chr1:149509645-205922707,11.0091303687831,11.2579345934448,14,0,1,0,14,0
H3K4me1_TDH_BP/samples/leukemia/ERS466415/problems/chr1:149509645-205922707,11.2579345934448,11.933421803257,14,0,1,0,14,0
H3K4me1_TDH_BP/samples/leukemia/ERS466415/problems/chr1:149509645-205922707,11.933421803257,12.6667968772423,14,0,1,0,14,0
H3K4me1_TDH_BP/samples/leukemia/ERS466415/problems/chr1:149509645-205922707,12.6667968772423,13.0728320863032,14,0,1,0,14,0
H3K4me1_TDH_BP/samples/leukemia/ERS466415/problems/chr1:149509645-205922707,13.0728320863032,13.1749183691812,14,0,1,0,14,0
H3K4me1_TDH_BP/samples/leukemia/ERS466415/problems/chr1:149509645-205922707,13.1749183691812,13.1965244343147,14,0,1,0,14,0
H3K4me1_TDH_BP/samples/leukemia/ERS466415/problems/chr1:149509645-205922707,13.1965244343147,13.2044111416633,14,0,1,0,14,0
H3K4me1_TDH_BP/samples/leukemia/ERS466415/problems/chr1:149509645-205922707,13.2044111416633,13.2044634356246,14,0,1,1,14,1
H3K4me1_TDH_BP/samples/leukemia/ERS466415/problems/chr1:149509645-205922707,13.2044634356246,13.2046821030566,14,0,1,1,14,1
H3K4me1_TDH_BP/samples/leukemia/ERS466415/problems/chr1:149509645-205922707,13.2046821030566,13.2049680343952,14,0,1,1,14,1
H3K4me1_TDH_BP/samples/leukemia/ERS466415/problems/chr1:149509645-205922707,13.2049680343952,13.2073043782069,14,0,1,1,14,1
H3K4me1_TDH_BP/samples/leukemia/ERS466415/problems/chr1:149509645-205922707,13.2073043782069,13.2925809074699,14,0,1,1,14,1
H3K4me1_TDH_BP/samples/leukemia/ERS466415/problems/chr1:149509645-205922707,13.2925809074699,13.5902150960601,14,0,1,1,14,1
H3K4me1_TDH_BP/samples/leukemia/ERS466415/problems/chr1:149509645-205922707,13.5902150960601,15.0527177290978,14,13,1,1,14,14
H3K4me1_TDH_BP/samples/leukemia/ERS466415/problems/chr1:149509645-205922707,15.0527177290978,Inf,14,0,1,1,14,1
H3K4me1_TDH_BP/samples/leukemia/ERS466415/problems/chr2:162200000-234003741,-Inf,2.46184200282681,8,8,4,0,8,8
H3K4me1_TDH_BP/samples/leukemia/ERS466415/problems/chr2:162200000-234003741,2.46184200282681,7.03315318506974,8,8,4,0,8,8
H3K4me1_TDH_BP/samples/leukemia/ERS466415/problems/chr2:162200000-234003741,7.03315318506974,8.45285997154064,8,8,4,0,8,8
H3K4me1_TDH_BP/samples/leukemia/ERS466415/problems/chr2:162200000-234003741,8.45285997154064,9.11637956452551,8,7,4,0,8,7
H3K4me1_TDH_BP/samples/leukemia/ERS466415/problems/chr2:162200000-234003741,9.11637956452551,10.0239371766721,8,3,4,0,8,3
H3K4me1_TDH_BP/samples/leukemia/ERS466415/problems/chr2:162200000-234003741,10.0239371766721,10.2625525792377,8,3,4,0,8,3
H3K4me1_TDH_BP/samples/leukemia/ERS466415/problems/chr2:162200000-234003741,10.2625525792377,10.3049777098072,8,1,4,0,8,1
H3K4me1_TDH_BP/samples/leukemia/ERS466415/problems/chr2:162200000-234003741,10.3049777098072,10.3175082740512,8,1,4,0,8,1
H3K4me1_TDH_BP/samples/leukemia/ERS466415/problems/chr2:162200000-234003741,10.3175082740512,10.3224895579018,8,1,4,0,8,1
H3K4me1_TDH_BP/samples/leukemia/ERS466415/problems/chr2:162200000-234003741,10.3224895579018,10.3241330266333,8,1,4,0,8,1
H3K4me1_TDH_BP/samples/leukemia/ERS466415/problems/chr2:162200000-234003741,10.3241330266333,10.3246673397354,8,1,4,0,8,1
H3K4me1_TDH_BP/samples/leukemia/ERS466415/problems/chr2:162200000-234003741,10.3246673397354,10.3251782377873,8,0,4,0,8,0
H3K4me1_TDH_BP/samples/leukemia/ERS466415/problems/chr2:162200000-234003741,10.3251782377873,10.3301769017505,8,0,4,0,8,0
H3K4me1_TDH_BP/samples/leukemia/ERS466415/problems/chr2:162200000-234003741,10.3301769017505,10.3908517101717,8,0,4,0,8,0
H3K4me1_TDH_BP/samples/leukemia/ERS466415/problems/chr2:162200000-234003741,10.3908517101717,10.5150791651029,8,0,4,0,8,0
H3K4me1_TDH_BP/samples/leukemia/ERS466415/problems/chr2:162200000-234003741,10.5150791651029,10.5999612393081,8,0,4,0,8,0
H3K4me1_TDH_BP/samples/leukemia/ERS466415/problems/chr2:162200000-234003741,10.5999612393081,10.6191572620246,8,0,4,0,8,0
H3K4me1_TDH_BP/samples/leukemia/ERS466415/problems/chr2:162200000-234003741,10.6191572620246,10.619328729538,8,0,4,2,8,2
H3K4me1_TDH_BP/samples/leukemia/ERS466415/problems/chr2:162200000-234003741,10.619328729538,10.6197479819532,8,0,4,2,8,2
H3K4me1_TDH_BP/samples/leukemia/ERS466415/problems/chr2:162200000-234003741,10.6197479819532,10.6226753079964,8,0,4,2,8,2
H3K4me1_TDH_BP/samples/leukemia/ERS466415/problems/chr2:162200000-234003741,10.6226753079964,10.6282347093406,8,0,4,2,8,2
H3K4me1_TDH_BP/samples/leukemia/ERS466415/problems/chr2:162200000-234003741,10.6282347093406,10.6388454622578,8,0,4,2,8,2
H3K4me1_TDH_BP/samples/leukemia/ERS466415/problems/chr2:162200000-234003741,10.6388454622578,10.6810629646955,8,0,4,2,8,2
H3K4me1_TDH_BP/samples/leukemia/ERS466415/problems/chr2:162200000-234003741,10.6810629646955,10.9690002564666,8,0,4,2,8,2
H3K4me1_TDH_BP/samples/leukemia/ERS466415/problems/chr2:162200000-234003741,10.9690002564666,11.5171091518132,8,0,4,2,8,2
H3K4me1_TDH_BP/samples/leukemia/ERS466415/problems/chr2:162200000-234003741,11.5171091518132,11.9428114057666,8,0,4,2,8,2
H3K4me1_TDH_BP/samples/leukemia/ERS466415/problems/chr2:162200000-234003741,11.9428114057666,12.2606208737098,8,0,4,2,8,2
H3K4me1_TDH_BP/samples/leukemia/ERS466415/problems/chr2:162200000-234003741,12.2606208737098,12.6180556715141,8,0,4,2,8,2
H3K4me1_TDH_BP/samples/leukemia/ERS466415/problems/chr2:162200000-234003741,12.6180556715141,13.0075729111916,8,0,4,4,8,4
H3K4me1_TDH_BP/samples/leukemia/ERS466415/problems/chr2:162200000-234003741,13.0075729111916,14.4541705455419,8,0,4,4,8,4
H3K4me1_TDH_BP/samples/leukemia/ERS466415/problems/chr2:162200000-234003741,14.4541705455419,Inf,8,0,4,4,8,4
H3K4me1_TDH_BP/samples/leukemia/ERS466415/problems/chr2:16329724-21153113,-Inf,2.49653190235469,7,7,2,0,7,7
H3K4me1_TDH_BP/samples/leukemia/ERS466415/problems/chr2:16329724-21153113,2.49653190235469,7.20842705811451,7,7,2,0,7,7
H3K4me1_TDH_BP/samples/leukemia/ERS466415/problems/chr2:16329724-21153113,7.20842705811451,8.65527136841502,7,7,2,0,7,7
H3K4me1_TDH_BP/samples/leukemia/ERS466415/problems/chr2:16329724-21153113,8.65527136841502,9.47248757531107,7,7,2,0,7,7
H3K4me1_TDH_BP/samples/leukemia/ERS466415/problems/chr2:16329724-21153113,9.47248757531107,10.5088782273637,7,1,2,0,7,1
H3K4me1_TDH_BP/samples/leukemia/ERS466415/problems/chr2:16329724-21153113,10.5088782273637,10.8051155134348,7,1,2,0,7,1
H3K4me1_TDH_BP/samples/leukemia/ERS466415/problems/chr2:16329724-21153113,10.8051155134348,10.8413676750252,7,1,2,0,7,1
H3K4me1_TDH_BP/samples/leukemia/ERS466415/problems/chr2:16329724-21153113,10.8413676750252,10.8604880242013,7,1,2,0,7,1
H3K4me1_TDH_BP/samples/leukemia/ERS466415/problems/chr2:16329724-21153113,10.8604880242013,10.8624035891262,7,0,2,0,7,0
H3K4me1_TDH_BP/samples/leukemia/ERS466415/problems/chr2:16329724-21153113,10.8624035891262,10.9524847268149,7,0,2,0,7,0
H3K4me1_TDH_BP/samples/leukemia/ERS466415/problems/chr2:16329724-21153113,10.9524847268149,11.0717739688559,7,0,2,0,7,0
H3K4me1_TDH_BP/samples/leukemia/ERS466415/problems/chr2:16329724-21153113,11.0717739688559,11.7563672568227,7,0,2,0,7,0
H3K4me1_TDH_BP/samples/leukemia/ERS466415/problems/chr2:16329724-21153113,11.7563672568227,12.435523317013,7,0,2,0,7,0
H3K4me1_TDH_BP/samples/leukemia/ERS466415/problems/chr2:16329724-21153113,12.435523317013,12.7266966885391,7,0,2,0,7,0
H3K4me1_TDH_BP/samples/leukemia/ERS466415/problems/chr2:16329724-21153113,12.7266966885391,12.8918574180186,7,0,2,0,7,0
H3K4me1_TDH_BP/samples/leukemia/ERS466415/problems/chr2:16329724-21153113,12.8918574180186,12.9002921843526,7,0,2,0,7,0
H3K4me1_TDH_BP/samples/leukemia/ERS466415/problems/chr2:16329724-21153113,12.9002921843526,13.0793718050869,7,0,2,2,7,2
H3K4me1_TDH_BP/samples/leukemia/ERS466415/problems/chr2:16329724-21153113,13.0793718050869,13.9860565553022,7,0,2,2,7,2
H3K4me1_TDH_BP/samples/leukemia/ERS466415/problems/chr2:16329724-21153113,13.9860565553022,Inf,7,0,2,2,7,2
H3K4me1_TDH_BP/samples/leukemia/ERS466415/problems/chr3:60000-66170270,-Inf,2.47616375910728,11,11,0,0,11,11
H3K4me1_TDH_BP/samples/leukemia/ERS466415/problems/chr3:60000-66170270,2.47616375910728,7.17836595813736,11,11,0,0,11,11
H3K4me1_TDH_BP/samples/leukemia/ERS466415/problems/chr3:60000-66170270,7.17836595813736,8.97155117079683,11,11,0,0,11,11
H3K4me1_TDH_BP/samples/leukemia/ERS466415/problems/chr3:60000-66170270,8.97155117079683,10.2579644637699,11,11,0,0,11,11
H3K4me1_TDH_BP/samples/leukemia/ERS466415/problems/chr3:60000-66170270,10.2579644637699,10.3339720601911,11,11,0,0,11,11
H3K4me1_TDH_BP/samples/leukemia/ERS466415/problems/chr3:60000-66170270,10.3339720601911,10.3683201607364,11,11,0,0,11,11
H3K4me1_TDH_BP/samples/leukemia/ERS466415/problems/chr3:60000-66170270,10.3683201607364,10.3814593715167,11,11,0,0,11,11
H3K4me1_TDH_BP/samples/leukemia/ERS466415/problems/chr3:60000-66170270,10.3814593715167,10.389463858867,11,11,0,0,11,11
H3K4me1_TDH_BP/samples/leukemia/ERS466415/problems/chr3:60000-66170270,10.389463858867,10.3943925580211,11,11,0,0,11,11
H3K4me1_TDH_BP/samples/leukemia/ERS466415/problems/chr3:60000-66170270,10.3943925580211,10.3950504726507,11,0,0,0,11,0
H3K4me1_TDH_BP/samples/leukemia/ERS466415/problems/chr3:60000-66170270,10.3950504726507,10.3978190315145,11,0,0,0,11,0
H3K4me1_TDH_BP/samples/leukemia/ERS466415/problems/chr3:60000-66170270,10.3978190315145,10.5104837836264,11,0,0,0,11,0
H3K4me1_TDH_BP/samples/leukemia/ERS466415/problems/chr3:60000-66170270,10.5104837836264,10.8730112638361,11,0,0,0,11,0
H3K4me1_TDH_BP/samples/leukemia/ERS466415/problems/chr3:60000-66170270,10.8730112638361,11.6347976499796,11,0,0,0,11,0
H3K4me1_TDH_BP/samples/leukemia/ERS466415/problems/chr3:60000-66170270,11.6347976499796,13.5928641989025,11,0,0,0,11,0
H3K4me1_TDH_BP/samples/leukemia/ERS466415/problems/chr3:60000-66170270,13.5928641989025,Inf,11,0,0,0,11,0
H3K4me1_TDH_BP/samples/leukemia/ERS466415/problems/chr4:75452279-190000000,-Inf,2.47149168188256,11,11,3,0,11,11
H3K4me1_TDH_BP/samples/leukemia/ERS466415/problems/chr4:75452279-190000000,2.47149168188256,6.90103531352031,11,11,3,0,11,11
H3K4me1_TDH_BP/samples/leukemia/ERS466415/problems/chr4:75452279-190000000,6.90103531352031,8.27727923236926,11,11,3,0,11,11
H3K4me1_TDH_BP/samples/leukemia/ERS466415/problems/chr4:75452279-190000000,8.27727923236926,8.88255204602254,11,9,3,0,11,9
H3K4me1_TDH_BP/samples/leukemia/ERS466415/problems/chr4:75452279-190000000,8.88255204602254,9.57338146362522,11,3,3,0,11,3
H3K4me1_TDH_BP/samples/leukemia/ERS466415/problems/chr4:75452279-190000000,9.57338146362522,9.78592981500192,11,1,3,0,11,1
H3K4me1_TDH_BP/samples/leukemia/ERS466415/problems/chr4:75452279-190000000,9.78592981500192,9.82250352327114,11,1,3,0,11,1
H3K4me1_TDH_BP/samples/leukemia/ERS466415/problems/chr4:75452279-190000000,9.82250352327114,9.84468228369448,11,1,3,0,11,1
H3K4me1_TDH_BP/samples/leukemia/ERS466415/problems/chr4:75452279-190000000,9.84468228369448,9.8529977918088,11,1,3,0,11,1
H3K4me1_TDH_BP/samples/leukemia/ERS466415/problems/chr4:75452279-190000000,9.8529977918088,9.85447540959534,11,1,3,0,11,1
H3K4me1_TDH_BP/samples/leukemia/ERS466415/problems/chr4:75452279-190000000,9.85447540959534,9.85497346389322,11,1,3,0,11,1
H3K4me1_TDH_BP/samples/leukemia/ERS466415/problems/chr4:75452279-190000000,9.85497346389322,9.85728098824696,11,0,3,0,11,0
H3K4me1_TDH_BP/samples/leukemia/ERS466415/problems/chr4:75452279-190000000,9.85728098824696,9.8614393039992,11,0,3,0,11,0
H3K4me1_TDH_BP/samples/leukemia/ERS466415/problems/chr4:75452279-190000000,9.8614393039992,9.92011911813123,11,0,3,0,11,0
H3K4me1_TDH_BP/samples/leukemia/ERS466415/problems/chr4:75452279-190000000,9.92011911813123,10.0804055761572,11,0,3,0,11,0
H3K4me1_TDH_BP/samples/leukemia/ERS466415/problems/chr4:75452279-190000000,10.0804055761572,10.4187469326708,11,0,3,0,11,0
H3K4me1_TDH_BP/samples/leukemia/ERS466415/problems/chr4:75452279-190000000,10.4187469326708,10.770978011581,11,0,3,0,11,0
H3K4me1_TDH_BP/samples/leukemia/ERS466415/problems/chr4:75452279-190000000,10.770978011581,10.8871089163087,11,0,3,0,11,0
H3K4me1_TDH_BP/samples/leukemia/ERS466415/problems/chr4:75452279-190000000,10.8871089163087,10.9279667436238,11,0,3,0,11,0
H3K4me1_TDH_BP/samples/leukemia/ERS466415/problems/chr4:75452279-190000000,10.9279667436238,10.9328136097269,11,0,3,0,11,0
H3K4me1_TDH_BP/samples/leukemia/ERS466415/problems/chr4:75452279-190000000,10.9328136097269,10.935288605451,11,0,3,2,11,2
H3K4me1_TDH_BP/samples/leukemia/ERS466415/problems/chr4:75452279-190000000,10.935288605451,10.9410018178722,11,0,3,2,11,2
H3K4me1_TDH_BP/samples/leukemia/ERS466415/problems/chr4:75452279-190000000,10.9410018178722,10.9531483779312,11,0,3,2,11,2
H3K4me1_TDH_BP/samples/leukemia/ERS466415/problems/chr4:75452279-190000000,10.9531483779312,10.9860834687869,11,0,3,2,11,2
H3K4me1_TDH_BP/samples/leukemia/ERS466415/problems/chr4:75452279-190000000,10.9860834687869,11.1923123572453,11,0,3,2,11,2
H3K4me1_TDH_BP/samples/leukemia/ERS466415/problems/chr4:75452279-190000000,11.1923123572453,12.0849733731137,11,0,3,2,11,2
H3K4me1_TDH_BP/samples/leukemia/ERS466415/problems/chr4:75452279-190000000,12.0849733731137,14.5519139771775,11,0,3,3,11,3
H3K4me1_TDH_BP/samples/leukemia/ERS466415/problems/chr4:75452279-190000000,14.5519139771775,Inf,11,0,3,3,11,3
H3K4me1_TDH_BP/samples/leukemia/ERS466415/problems/chr5:91686128-138787073,-Inf,2.47734281854304,15,15,1,0,15,15
H3K4me1_TDH_BP/samples/leukemia/ERS466415/problems/chr5:91686128-138787073,2.47734281854304,7.03545331237758,15,15,1,0,15,15
H3K4me1_TDH_BP/samples/leukemia/ERS466415/problems/chr5:91686128-138787073,7.03545331237758,8.44732504788368,15,15,1,0,15,15
H3K4me1_TDH_BP/samples/leukemia/ERS466415/problems/chr5:91686128-138787073,8.44732504788368,8.895761784147,15,15,1,0,15,15
H3K4me1_TDH_BP/samples/leukemia/ERS466415/problems/chr5:91686128-138787073,8.895761784147,9.22969897957939,15,14,1,0,15,14
H3K4me1_TDH_BP/samples/leukemia/ERS466415/problems/chr5:91686128-138787073,9.22969897957939,9.47379991972099,15,14,1,0,15,14
H3K4me1_TDH_BP/samples/leukemia/ERS466415/problems/chr5:91686128-138787073,9.47379991972099,9.60216560252497,15,7,1,0,15,7
H3K4me1_TDH_BP/samples/leukemia/ERS466415/problems/chr5:91686128-138787073,9.60216560252497,9.63926039168176,15,7,1,0,15,7
H3K4me1_TDH_BP/samples/leukemia/ERS466415/problems/chr5:91686128-138787073,9.63926039168176,9.65468661456879,15,7,1,0,15,7
H3K4me1_TDH_BP/samples/leukemia/ERS466415/problems/chr5:91686128-138787073,9.65468661456879,9.65854433088703,15,7,1,0,15,7
H3K4me1_TDH_BP/samples/leukemia/ERS466415/problems/chr5:91686128-138787073,9.65854433088703,9.6611845493326,15,7,1,0,15,7
H3K4me1_TDH_BP/samples/leukemia/ERS466415/problems/chr5:91686128-138787073,9.6611845493326,9.66249724488271,15,7,1,0,15,7
H3K4me1_TDH_BP/samples/leukemia/ERS466415/problems/chr5:91686128-138787073,9.66249724488271,9.66269034543475,15,0,1,0,15,0
H3K4me1_TDH_BP/samples/leukemia/ERS466415/problems/chr5:91686128-138787073,9.66269034543475,9.66971702308088,15,0,1,0,15,0
H3K4me1_TDH_BP/samples/leukemia/ERS466415/problems/chr5:91686128-138787073,9.66971702308088,9.72686895137078,15,0,1,0,15,0
H3K4me1_TDH_BP/samples/leukemia/ERS466415/problems/chr5:91686128-138787073,9.72686895137078,10.6748567920222,15,0,1,0,15,0
H3K4me1_TDH_BP/samples/leukemia/ERS466415/problems/chr5:91686128-138787073,10.6748567920222,12.4755249310617,15,0,1,0,15,0
H3K4me1_TDH_BP/samples/leukemia/ERS466415/problems/chr5:91686128-138787073,12.4755249310617,13.5815692852,15,0,1,0,15,0
H3K4me1_TDH_BP/samples/leukemia/ERS466415/problems/chr5:91686128-138787073,13.5815692852,13.9009583592506,15,0,1,0,15,0
H3K4me1_TDH_BP/samples/leukemia/ERS466415/problems/chr5:91686128-138787073,13.9009583592506,14.0540722881187,15,0,1,0,15,0
H3K4me1_TDH_BP/samples/leukemia/ERS466415/problems/chr5:91686128-138787073,14.0540722881187,14.0683295821141,15,0,1,1,15,1
H3K4me1_TDH_BP/samples/leukemia/ERS466415/problems/chr5:91686128-138787073,14.0683295821141,14.3197582549582,15,0,1,1,15,1
H3K4me1_TDH_BP/samples/leukemia/ERS466415/problems/chr5:91686128-138787073,14.3197582549582,15.6013153365832,15,0,1,1,15,1
H3K4me1_TDH_BP/samples/leukemia/ERS466415/problems/chr5:91686128-138787073,15.6013153365832,Inf,15,0,1,1,15,1
H3K4me1_TDH_BP/samples/macrophage/ERS257336/problems/chr1:149509645-205922707,-Inf,2.45314858682333,14,14,9,0,14,14
H3K4me1_TDH_BP/samples/macrophage/ERS257336/problems/chr1:149509645-205922707,2.45314858682333,6.86744796187037,14,14,9,0,14,14
H3K4me1_TDH_BP/samples/macrophage/ERS257336/problems/chr1:149509645-205922707,6.86744796187037,8.20551436821737,14,13,9,0,14,13
H3K4me1_TDH_BP/samples/macrophage/ERS257336/problems/chr1:149509645-205922707,8.20551436821737,9.05715251685349,14,8,9,0,14,8
H3K4me1_TDH_BP/samples/macrophage/ERS257336/problems/chr1:149509645-205922707,9.05715251685349,9.46772936311571,14,5,9,0,14,5
H3K4me1_TDH_BP/samples/macrophage/ERS257336/problems/chr1:149509645-205922707,9.46772936311571,9.89554511361311,14,1,9,0,14,1
H3K4me1_TDH_BP/samples/macrophage/ERS257336/problems/chr1:149509645-205922707,9.89554511361311,10.1166456659822,14,1,9,0,14,1
H3K4me1_TDH_BP/samples/macrophage/ERS257336/problems/chr1:149509645-205922707,10.1166456659822,10.2198548715083,14,1,9,0,14,1
H3K4me1_TDH_BP/samples/macrophage/ERS257336/problems/chr1:149509645-205922707,10.2198548715083,10.2462151116034,14,1,9,0,14,1
H3K4me1_TDH_BP/samples/macrophage/ERS257336/problems/chr1:149509645-205922707,10.2462151116034,10.2524802646738,14,1,9,0,14,1
H3K4me1_TDH_BP/samples/macrophage/ERS257336/problems/chr1:149509645-205922707,10.2524802646738,10.2548512285306,14,1,9,0,14,1
H3K4me1_TDH_BP/samples/macrophage/ERS257336/problems/chr1:149509645-205922707,10.2548512285306,10.2549573791775,14,1,9,0,14,1
H3K4me1_TDH_BP/samples/macrophage/ERS257336/problems/chr1:149509645-205922707,10.2549573791775,10.2550692980799,14,1,9,0,14,1
H3K4me1_TDH_BP/samples/macrophage/ERS257336/problems/chr1:149509645-205922707,10.2550692980799,10.2562552670534,14,0,9,0,14,0
H3K4me1_TDH_BP/samples/macrophage/ERS257336/problems/chr1:149509645-205922707,10.2562552670534,10.2620710199348,14,0,9,0,14,0
H3K4me1_TDH_BP/samples/macrophage/ERS257336/problems/chr1:149509645-205922707,10.2620710199348,10.2746184680366,14,0,9,0,14,0
H3K4me1_TDH_BP/samples/macrophage/ERS257336/problems/chr1:149509645-205922707,10.2746184680366,10.3303550513874,14,0,9,0,14,0
H3K4me1_TDH_BP/samples/macrophage/ERS257336/problems/chr1:149509645-205922707,10.3303550513874,10.4674794658509,14,0,9,0,14,0
H3K4me1_TDH_BP/samples/macrophage/ERS257336/problems/chr1:149509645-205922707,10.4674794658509,10.5730443863984,14,0,9,0,14,0
H3K4me1_TDH_BP/samples/macrophage/ERS257336/problems/chr1:149509645-205922707,10.5730443863984,10.5913246562518,14,0,9,0,14,0
H3K4me1_TDH_BP/samples/macrophage/ERS257336/problems/chr1:149509645-205922707,10.5913246562518,10.5961665825339,14,0,9,0,14,0
H3K4me1_TDH_BP/samples/macrophage/ERS257336/problems/chr1:149509645-205922707,10.5961665825339,10.5965395530619,14,0,9,0,14,0
H3K4me1_TDH_BP/samples/macrophage/ERS257336/problems/chr1:149509645-205922707,10.5965395530619,10.5968802332121,14,0,9,0,14,0
H3K4me1_TDH_BP/samples/macrophage/ERS257336/problems/chr1:149509645-205922707,10.5968802332121,10.5983887061516,14,0,9,2,14,2
H3K4me1_TDH_BP/samples/macrophage/ERS257336/problems/chr1:149509645-205922707,10.5983887061516,10.6028140750053,14,0,9,2,14,2
H3K4me1_TDH_BP/samples/macrophage/ERS257336/problems/chr1:149509645-205922707,10.6028140750053,10.6305157125739,14,0,9,2,14,2
H3K4me1_TDH_BP/samples/macrophage/ERS257336/problems/chr1:149509645-205922707,10.6305157125739,10.6972830995989,14,0,9,2,14,2
H3K4me1_TDH_BP/samples/macrophage/ERS257336/problems/chr1:149509645-205922707,10.6972830995989,10.904704720872,14,0,9,2,14,2
H3K4me1_TDH_BP/samples/macrophage/ERS257336/problems/chr1:149509645-205922707,10.904704720872,11.8357936082432,14,0,9,2,14,2
H3K4me1_TDH_BP/samples/macrophage/ERS257336/problems/chr1:149509645-205922707,11.8357936082432,14.0512698043494,14,0,9,8,14,8
H3K4me1_TDH_BP/samples/macrophage/ERS257336/problems/chr1:149509645-205922707,14.0512698043494,Inf,14,0,9,9,14,9
H3K4me1_TDH_BP/samples/macrophage/ERS257336/problems/chr2:162200000-234003741,-Inf,2.52296744635899,8,8,4,0,8,8
H3K4me1_TDH_BP/samples/macrophage/ERS257336/problems/chr2:162200000-234003741,2.52296744635899,7.49022451816937,8,8,4,0,8,8
H3K4me1_TDH_BP/samples/macrophage/ERS257336/problems/chr2:162200000-234003741,7.49022451816937,8.91961952773614,8,7,4,0,8,7
H3K4me1_TDH_BP/samples/macrophage/ERS257336/problems/chr2:162200000-234003741,8.91961952773614,9.3809797425204,8,4,4,0,8,4
H3K4me1_TDH_BP/samples/macrophage/ERS257336/problems/chr2:162200000-234003741,9.3809797425204,9.53817544263761,8,2,4,0,8,2
H3K4me1_TDH_BP/samples/macrophage/ERS257336/problems/chr2:162200000-234003741,9.53817544263761,9.59412199880772,8,1,4,0,8,1
H3K4me1_TDH_BP/samples/macrophage/ERS257336/problems/chr2:162200000-234003741,9.59412199880772,9.62139097614375,8,1,4,0,8,1
H3K4me1_TDH_BP/samples/macrophage/ERS257336/problems/chr2:162200000-234003741,9.62139097614375,9.63248134270452,8,1,4,0,8,1
H3K4me1_TDH_BP/samples/macrophage/ERS257336/problems/chr2:162200000-234003741,9.63248134270452,9.63676759684038,8,1,4,0,8,1
H3K4me1_TDH_BP/samples/macrophage/ERS257336/problems/chr2:162200000-234003741,9.63676759684038,9.63851299293319,8,1,4,0,8,1
H3K4me1_TDH_BP/samples/macrophage/ERS257336/problems/chr2:162200000-234003741,9.63851299293319,9.63962065678417,8,1,4,0,8,1
H3K4me1_TDH_BP/samples/macrophage/ERS257336/problems/chr2:162200000-234003741,9.63962065678417,9.63968555452585,8,1,4,0,8,1
H3K4me1_TDH_BP/samples/macrophage/ERS257336/problems/chr2:162200000-234003741,9.63968555452585,9.63972840662227,8,1,4,0,8,1
H3K4me1_TDH_BP/samples/macrophage/ERS257336/problems/chr2:162200000-234003741,9.63972840662227,9.64435940093124,8,0,4,0,8,0
H3K4me1_TDH_BP/samples/macrophage/ERS257336/problems/chr2:162200000-234003741,9.64435940093124,9.72698717418563,8,0,4,0,8,0
H3K4me1_TDH_BP/samples/macrophage/ERS257336/problems/chr2:162200000-234003741,9.72698717418563,10.1537527384924,8,0,4,0,8,0
H3K4me1_TDH_BP/samples/macrophage/ERS257336/problems/chr2:162200000-234003741,10.1537527384924,10.943632358055,8,0,4,0,8,0
H3K4me1_TDH_BP/samples/macrophage/ERS257336/problems/chr2:162200000-234003741,10.943632358055,11.4814672278379,8,0,4,0,8,0
H3K4me1_TDH_BP/samples/macrophage/ERS257336/problems/chr2:162200000-234003741,11.4814672278379,11.6481212704446,8,0,4,0,8,0
H3K4me1_TDH_BP/samples/macrophage/ERS257336/problems/chr2:162200000-234003741,11.6481212704446,11.7205717231825,8,0,4,0,8,0
H3K4me1_TDH_BP/samples/macrophage/ERS257336/problems/chr2:162200000-234003741,11.7205717231825,11.7362157849215,8,0,4,0,8,0
H3K4me1_TDH_BP/samples/macrophage/ERS257336/problems/chr2:162200000-234003741,11.7362157849215,11.7460093950877,8,0,4,0,8,0
H3K4me1_TDH_BP/samples/macrophage/ERS257336/problems/chr2:162200000-234003741,11.7460093950877,11.7460796123319,8,0,4,2,8,2
H3K4me1_TDH_BP/samples/macrophage/ERS257336/problems/chr2:162200000-234003741,11.7460796123319,11.7471591101136,8,0,4,2,8,2
H3K4me1_TDH_BP/samples/macrophage/ERS257336/problems/chr2:162200000-234003741,11.7471591101136,11.7534782620875,8,0,4,2,8,2
H3K4me1_TDH_BP/samples/macrophage/ERS257336/problems/chr2:162200000-234003741,11.7534782620875,11.7917731719673,8,0,4,2,8,2
H3K4me1_TDH_BP/samples/macrophage/ERS257336/problems/chr2:162200000-234003741,11.7917731719673,12.0840854697057,8,0,4,2,8,2
H3K4me1_TDH_BP/samples/macrophage/ERS257336/problems/chr2:162200000-234003741,12.0840854697057,13.6624253823925,8,0,4,2,8,2
H3K4me1_TDH_BP/samples/macrophage/ERS257336/problems/chr2:162200000-234003741,13.6624253823925,Inf,8,0,4,4,8,4
H3K4me1_TDH_BP/samples/macrophage/ERS257336/problems/chr2:16329724-21153113,-Inf,2.57567939732394,7,7,4,0,7,7
H3K4me1_TDH_BP/samples/macrophage/ERS257336/problems/chr2:16329724-21153113,2.57567939732394,7.40832372059647,7,7,4,0,7,7
H3K4me1_TDH_BP/samples/macrophage/ERS257336/problems/chr2:16329724-21153113,7.40832372059647,8.79044132774862,7,5,4,0,7,5
H3K4me1_TDH_BP/samples/macrophage/ERS257336/problems/chr2:16329724-21153113,8.79044132774862,9.37936621929181,7,4,4,0,7,4
H3K4me1_TDH_BP/samples/macrophage/ERS257336/problems/chr2:16329724-21153113,9.37936621929181,9.83603287218941,7,3,4,0,7,3
H3K4me1_TDH_BP/samples/macrophage/ERS257336/problems/chr2:16329724-21153113,9.83603287218941,10.0926314689952,7,3,4,0,7,3
H3K4me1_TDH_BP/samples/macrophage/ERS257336/problems/chr2:16329724-21153113,10.0926314689952,10.2490713158505,7,3,4,2,7,5
H3K4me1_TDH_BP/samples/macrophage/ERS257336/problems/chr2:16329724-21153113,10.2490713158505,10.3893334278007,7,2,4,2,7,4
H3K4me1_TDH_BP/samples/macrophage/ERS257336/problems/chr2:16329724-21153113,10.3893334278007,10.4794842052662,7,1,4,2,7,3
H3K4me1_TDH_BP/samples/macrophage/ERS257336/problems/chr2:16329724-21153113,10.4794842052662,10.4855903435041,7,1,4,2,7,3
H3K4me1_TDH_BP/samples/macrophage/ERS257336/problems/chr2:16329724-21153113,10.4855903435041,10.4861109437779,7,1,4,2,7,3
H3K4me1_TDH_BP/samples/macrophage/ERS257336/problems/chr2:16329724-21153113,10.4861109437779,10.5010261862207,7,0,4,2,7,2
H3K4me1_TDH_BP/samples/macrophage/ERS257336/problems/chr2:16329724-21153113,10.5010261862207,10.6241688123839,7,0,4,2,7,2
H3K4me1_TDH_BP/samples/macrophage/ERS257336/problems/chr2:16329724-21153113,10.6241688123839,10.8076858784916,7,0,4,2,7,2
H3K4me1_TDH_BP/samples/macrophage/ERS257336/problems/chr2:16329724-21153113,10.8076858784916,11.0030646071495,7,0,4,2,7,2
H3K4me1_TDH_BP/samples/macrophage/ERS257336/problems/chr2:16329724-21153113,11.0030646071495,11.1815278531192,7,0,4,2,7,2
H3K4me1_TDH_BP/samples/macrophage/ERS257336/problems/chr2:16329724-21153113,11.1815278531192,11.3937773031949,7,0,4,2,7,2
H3K4me1_TDH_BP/samples/macrophage/ERS257336/problems/chr2:16329724-21153113,11.3937773031949,11.5678222111454,7,0,4,2,7,2
H3K4me1_TDH_BP/samples/macrophage/ERS257336/problems/chr2:16329724-21153113,11.5678222111454,11.7618620372849,7,0,4,2,7,2
H3K4me1_TDH_BP/samples/macrophage/ERS257336/problems/chr2:16329724-21153113,11.7618620372849,12.0220197708941,7,0,4,2,7,2
H3K4me1_TDH_BP/samples/macrophage/ERS257336/problems/chr2:16329724-21153113,12.0220197708941,12.1642314305246,7,0,4,2,7,2
H3K4me1_TDH_BP/samples/macrophage/ERS257336/problems/chr2:16329724-21153113,12.1642314305246,12.4401723139883,7,0,4,2,7,2
H3K4me1_TDH_BP/samples/macrophage/ERS257336/problems/chr2:16329724-21153113,12.4401723139883,12.4812778982683,7,0,4,2,7,2
H3K4me1_TDH_BP/samples/macrophage/ERS257336/problems/chr2:16329724-21153113,12.4812778982683,12.8164565633826,7,0,4,2,7,2
H3K4me1_TDH_BP/samples/macrophage/ERS257336/problems/chr2:16329724-21153113,12.8164565633826,12.9816471410529,7,0,4,4,7,4
H3K4me1_TDH_BP/samples/macrophage/ERS257336/problems/chr2:16329724-21153113,12.9816471410529,13.333803934746,7,0,4,4,7,4
H3K4me1_TDH_BP/samples/macrophage/ERS257336/problems/chr2:16329724-21153113,13.333803934746,14.4263544655383,7,0,4,4,7,4
H3K4me1_TDH_BP/samples/macrophage/ERS257336/problems/chr2:16329724-21153113,14.4263544655383,Inf,7,0,4,4,7,4
H3K4me1_TDH_BP/samples/macrophage/ERS257336/problems/chr3:60000-66170270,-Inf,2.48596657304209,11,11,4,0,11,11
H3K4me1_TDH_BP/samples/macrophage/ERS257336/problems/chr3:60000-66170270,2.48596657304209,7.58304576082059,11,11,4,0,11,11
H3K4me1_TDH_BP/samples/macrophage/ERS257336/problems/chr3:60000-66170270,7.58304576082059,9.19834874887048,11,9,4,0,11,9
H3K4me1_TDH_BP/samples/macrophage/ERS257336/problems/chr3:60000-66170270,9.19834874887048,9.69441857850408,11,6,4,0,11,6
H3K4me1_TDH_BP/samples/macrophage/ERS257336/problems/chr3:60000-66170270,9.69441857850408,9.71420319116357,11,6,4,0,11,6
H3K4me1_TDH_BP/samples/macrophage/ERS257336/problems/chr3:60000-66170270,9.71420319116357,9.71995494879194,11,6,4,0,11,6
H3K4me1_TDH_BP/samples/macrophage/ERS257336/problems/chr3:60000-66170270,9.71995494879194,9.72374869534199,11,2,4,0,11,2
H3K4me1_TDH_BP/samples/macrophage/ERS257336/problems/chr3:60000-66170270,9.72374869534199,9.72473483644135,11,2,4,0,11,2
H3K4me1_TDH_BP/samples/macrophage/ERS257336/problems/chr3:60000-66170270,9.72473483644135,9.72484628316864,11,2,4,0,11,2
H3K4me1_TDH_BP/samples/macrophage/ERS257336/problems/chr3:60000-66170270,9.72484628316864,9.72592268374202,11,1,4,0,11,1
H3K4me1_TDH_BP/samples/macrophage/ERS257336/problems/chr3:60000-66170270,9.72592268374202,9.73390184549676,11,1,4,0,11,1
H3K4me1_TDH_BP/samples/macrophage/ERS257336/problems/chr3:60000-66170270,9.73390184549676,9.77957841545469,11,1,4,0,11,1
H3K4me1_TDH_BP/samples/macrophage/ERS257336/problems/chr3:60000-66170270,9.77957841545469,9.88674100526819,11,1,4,0,11,1
H3K4me1_TDH_BP/samples/macrophage/ERS257336/problems/chr3:60000-66170270,9.88674100526819,10.0012039411033,11,1,4,0,11,1
H3K4me1_TDH_BP/samples/macrophage/ERS257336/problems/chr3:60000-66170270,10.0012039411033,10.0804002472839,11,1,4,0,11,1
H3K4me1_TDH_BP/samples/macrophage/ERS257336/problems/chr3:60000-66170270,10.0804002472839,10.16415597763,11,1,4,0,11,1
H3K4me1_TDH_BP/samples/macrophage/ERS257336/problems/chr3:60000-66170270,10.16415597763,10.2553896524347,11,1,4,0,11,1
H3K4me1_TDH_BP/samples/macrophage/ERS257336/problems/chr3:60000-66170270,10.2553896524347,10.3418722438223,11,1,4,0,11,1
H3K4me1_TDH_BP/samples/macrophage/ERS257336/problems/chr3:60000-66170270,10.3418722438223,10.393738361516,11,1,4,0,11,1
H3K4me1_TDH_BP/samples/macrophage/ERS257336/problems/chr3:60000-66170270,10.393738361516,10.4040279841856,11,1,4,0,11,1
H3K4me1_TDH_BP/samples/macrophage/ERS257336/problems/chr3:60000-66170270,10.4040279841856,10.4065992233742,11,1,4,0,11,1
H3K4me1_TDH_BP/samples/macrophage/ERS257336/problems/chr3:60000-66170270,10.4065992233742,10.4068424964834,11,1,4,0,11,1
H3K4me1_TDH_BP/samples/macrophage/ERS257336/problems/chr3:60000-66170270,10.4068424964834,10.4072859402196,11,0,4,1,11,1
H3K4me1_TDH_BP/samples/macrophage/ERS257336/problems/chr3:60000-66170270,10.4072859402196,10.4091678828528,11,0,4,1,11,1
H3K4me1_TDH_BP/samples/macrophage/ERS257336/problems/chr3:60000-66170270,10.4091678828528,10.4220803657541,11,0,4,1,11,1
H3K4me1_TDH_BP/samples/macrophage/ERS257336/problems/chr3:60000-66170270,10.4220803657541,10.4499201397347,11,0,4,1,11,1
H3K4me1_TDH_BP/samples/macrophage/ERS257336/problems/chr3:60000-66170270,10.4499201397347,10.5665984025755,11,0,4,1,11,1
H3K4me1_TDH_BP/samples/macrophage/ERS257336/problems/chr3:60000-66170270,10.5665984025755,10.7001666186806,11,0,4,1,11,1
H3K4me1_TDH_BP/samples/macrophage/ERS257336/problems/chr3:60000-66170270,10.7001666186806,10.7968793063697,11,0,4,1,11,1
H3K4me1_TDH_BP/samples/macrophage/ERS257336/problems/chr3:60000-66170270,10.7968793063697,10.8936646110738,11,0,4,1,11,1
H3K4me1_TDH_BP/samples/macrophage/ERS257336/problems/chr3:60000-66170270,10.8936646110738,10.9967514802778,11,0,4,1,11,1
H3K4me1_TDH_BP/samples/macrophage/ERS257336/problems/chr3:60000-66170270,10.9967514802778,11.0926101015413,11,0,4,1,11,1
H3K4me1_TDH_BP/samples/macrophage/ERS257336/problems/chr3:60000-66170270,11.0926101015413,11.191800058302,11,0,4,1,11,1
H3K4me1_TDH_BP/samples/macrophage/ERS257336/problems/chr3:60000-66170270,11.191800058302,11.2835998922533,11,0,4,1,11,1
H3K4me1_TDH_BP/samples/macrophage/ERS257336/problems/chr3:60000-66170270,11.2835998922533,11.3716885154118,11,0,4,1,11,1
H3K4me1_TDH_BP/samples/macrophage/ERS257336/problems/chr3:60000-66170270,11.3716885154118,11.4598801353762,11,0,4,1,11,1
H3K4me1_TDH_BP/samples/macrophage/ERS257336/problems/chr3:60000-66170270,11.4598801353762,11.5534475116343,11,0,4,1,11,1
H3K4me1_TDH_BP/samples/macrophage/ERS257336/problems/chr3:60000-66170270,11.5534475116343,11.6497696350282,11,0,4,1,11,1
H3K4me1_TDH_BP/samples/macrophage/ERS257336/problems/chr3:60000-66170270,11.6497696350282,11.7176348770667,11,0,4,1,11,1
H3K4me1_TDH_BP/samples/macrophage/ERS257336/problems/chr3:60000-66170270,11.7176348770667,11.7380644437211,11,0,4,1,11,1
H3K4me1_TDH_BP/samples/macrophage/ERS257336/problems/chr3:60000-66170270,11.7380644437211,11.7425463428379,11,0,4,1,11,1
H3K4me1_TDH_BP/samples/macrophage/ERS257336/problems/chr3:60000-66170270,11.7425463428379,11.7456010803493,11,0,4,1,11,1
H3K4me1_TDH_BP/samples/macrophage/ERS257336/problems/chr3:60000-66170270,11.7456010803493,11.7478325340822,11,0,4,2,11,2
H3K4me1_TDH_BP/samples/macrophage/ERS257336/problems/chr3:60000-66170270,11.7478325340822,11.7525914332633,11,0,4,2,11,2
H3K4me1_TDH_BP/samples/macrophage/ERS257336/problems/chr3:60000-66170270,11.7525914332633,11.7808473350037,11,0,4,2,11,2
H3K4me1_TDH_BP/samples/macrophage/ERS257336/problems/chr3:60000-66170270,11.7808473350037,12.2248441921657,11,0,4,2,11,2
H3K4me1_TDH_BP/samples/macrophage/ERS257336/problems/chr3:60000-66170270,12.2248441921657,14.1340088250026,11,0,4,4,11,4
H3K4me1_TDH_BP/samples/macrophage/ERS257336/problems/chr3:60000-66170270,14.1340088250026,Inf,11,0,4,4,11,4
H3K4me1_TDH_BP/samples/macrophage/ERS257336/problems/chr4:75452279-190000000,-Inf,2.58693798440099,11,11,1,0,11,11
H3K4me1_TDH_BP/samples/macrophage/ERS257336/problems/chr4:75452279-190000000,2.58693798440099,7.40792195215742,11,11,1,0,11,11
H3K4me1_TDH_BP/samples/macrophage/ERS257336/problems/chr4:75452279-190000000,7.40792195215742,8.99102352747644,11,11,1,0,11,11
H3K4me1_TDH_BP/samples/macrophage/ERS257336/problems/chr4:75452279-190000000,8.99102352747644,10.1928487137337,11,4,1,0,11,4
H3K4me1_TDH_BP/samples/macrophage/ERS257336/problems/chr4:75452279-190000000,10.1928487137337,10.3330984232316,11,3,1,0,11,3
H3K4me1_TDH_BP/samples/macrophage/ERS257336/problems/chr4:75452279-190000000,10.3330984232316,10.3814534519169,11,3,1,0,11,3
H3K4me1_TDH_BP/samples/macrophage/ERS257336/problems/chr4:75452279-190000000,10.3814534519169,10.4005349548216,11,1,1,0,11,1
H3K4me1_TDH_BP/samples/macrophage/ERS257336/problems/chr4:75452279-190000000,10.4005349548216,10.4036015597329,11,1,1,0,11,1
H3K4me1_TDH_BP/samples/macrophage/ERS257336/problems/chr4:75452279-190000000,10.4036015597329,10.4038190441068,11,1,1,0,11,1
H3K4me1_TDH_BP/samples/macrophage/ERS257336/problems/chr4:75452279-190000000,10.4038190441068,10.4041486696873,11,0,1,0,11,0
H3K4me1_TDH_BP/samples/macrophage/ERS257336/problems/chr4:75452279-190000000,10.4041486696873,10.4052081522894,11,0,1,0,11,0
H3K4me1_TDH_BP/samples/macrophage/ERS257336/problems/chr4:75452279-190000000,10.4052081522894,10.4077221630732,11,0,1,0,11,0
H3K4me1_TDH_BP/samples/macrophage/ERS257336/problems/chr4:75452279-190000000,10.4077221630732,10.4164658156607,11,0,1,0,11,0
H3K4me1_TDH_BP/samples/macrophage/ERS257336/problems/chr4:75452279-190000000,10.4164658156607,10.4821995646647,11,0,1,0,11,0
H3K4me1_TDH_BP/samples/macrophage/ERS257336/problems/chr4:75452279-190000000,10.4821995646647,10.775302304097,11,0,1,0,11,0
H3K4me1_TDH_BP/samples/macrophage/ERS257336/problems/chr4:75452279-190000000,10.775302304097,11.5266717179993,11,0,1,0,11,0
H3K4me1_TDH_BP/samples/macrophage/ERS257336/problems/chr4:75452279-190000000,11.5266717179993,12.3625385632021,11,0,1,0,11,0
H3K4me1_TDH_BP/samples/macrophage/ERS257336/problems/chr4:75452279-190000000,12.3625385632021,12.8625536273823,11,0,1,0,11,0
H3K4me1_TDH_BP/samples/macrophage/ERS257336/problems/chr4:75452279-190000000,12.8625536273823,13.2095360200816,11,0,1,0,11,0
H3K4me1_TDH_BP/samples/macrophage/ERS257336/problems/chr4:75452279-190000000,13.2095360200816,13.3737959208723,11,0,1,0,11,0
H3K4me1_TDH_BP/samples/macrophage/ERS257336/problems/chr4:75452279-190000000,13.3737959208723,13.4740898026626,11,0,1,0,11,0
H3K4me1_TDH_BP/samples/macrophage/ERS257336/problems/chr4:75452279-190000000,13.4740898026626,13.5186491355202,11,0,1,0,11,0
H3K4me1_TDH_BP/samples/macrophage/ERS257336/problems/chr4:75452279-190000000,13.5186491355202,13.5244473078082,11,0,1,1,11,1
H3K4me1_TDH_BP/samples/macrophage/ERS257336/problems/chr4:75452279-190000000,13.5244473078082,13.539908303523,11,0,1,1,11,1
H3K4me1_TDH_BP/samples/macrophage/ERS257336/problems/chr4:75452279-190000000,13.539908303523,14.7830812416292,11,0,1,1,11,1
H3K4me1_TDH_BP/samples/macrophage/ERS257336/problems/chr4:75452279-190000000,14.7830812416292,Inf,11,0,1,1,11,1
H3K4me1_TDH_BP/samples/macrophage/ERS257336/problems/chr5:91686128-138787073,-Inf,2.55506009598412,15,15,5,0,15,15
H3K4me1_TDH_BP/samples/macrophage/ERS257336/problems/chr5:91686128-138787073,2.55506009598412,7.43541419609788,15,15,5,0,15,15
H3K4me1_TDH_BP/samples/macrophage/ERS257336/problems/chr5:91686128-138787073,7.43541419609788,8.79425034086919,15,14,5,0,15,14
H3K4me1_TDH_BP/samples/macrophage/ERS257336/problems/chr5:91686128-138787073,8.79425034086919,9.29743371011794,15,5,5,0,15,5
H3K4me1_TDH_BP/samples/macrophage/ERS257336/problems/chr5:91686128-138787073,9.29743371011794,9.88155132426719,15,4,5,0,15,4
H3K4me1_TDH_BP/samples/macrophage/ERS257336/problems/chr5:91686128-138787073,9.88155132426719,10.4887852261271,15,1,5,0,15,1
H3K4me1_TDH_BP/samples/macrophage/ERS257336/problems/chr5:91686128-138787073,10.4887852261271,10.7483543201406,15,1,5,0,15,1
H3K4me1_TDH_BP/samples/macrophage/ERS257336/problems/chr5:91686128-138787073,10.7483543201406,10.7936476814784,15,1,5,0,15,1
H3K4me1_TDH_BP/samples/macrophage/ERS257336/problems/chr5:91686128-138787073,10.7936476814784,10.811904667439,15,1,5,0,15,1
H3K4me1_TDH_BP/samples/macrophage/ERS257336/problems/chr5:91686128-138787073,10.811904667439,10.8139316874729,15,0,5,0,15,0
H3K4me1_TDH_BP/samples/macrophage/ERS257336/problems/chr5:91686128-138787073,10.8139316874729,10.8205815839524,15,0,5,0,15,0
H3K4me1_TDH_BP/samples/macrophage/ERS257336/problems/chr5:91686128-138787073,10.8205815839524,10.8344794460319,15,0,5,0,15,0
H3K4me1_TDH_BP/samples/macrophage/ERS257336/problems/chr5:91686128-138787073,10.8344794460319,10.8893928115269,15,0,5,0,15,0
H3K4me1_TDH_BP/samples/macrophage/ERS257336/problems/chr5:91686128-138787073,10.8893928115269,11.0527984310338,15,0,5,0,15,0
H3K4me1_TDH_BP/samples/macrophage/ERS257336/problems/chr5:91686128-138787073,11.0527984310338,11.2499938465402,15,0,5,0,15,0
H3K4me1_TDH_BP/samples/macrophage/ERS257336/problems/chr5:91686128-138787073,11.2499938465402,11.4344903692511,15,0,5,0,15,0
H3K4me1_TDH_BP/samples/macrophage/ERS257336/problems/chr5:91686128-138787073,11.4344903692511,11.5257907834635,15,0,5,0,15,0
H3K4me1_TDH_BP/samples/macrophage/ERS257336/problems/chr5:91686128-138787073,11.5257907834635,11.5578018226193,15,0,5,0,15,0
H3K4me1_TDH_BP/samples/macrophage/ERS257336/problems/chr5:91686128-138787073,11.5578018226193,11.5634787847995,15,0,5,0,15,0
H3K4me1_TDH_BP/samples/macrophage/ERS257336/problems/chr5:91686128-138787073,11.5634787847995,11.5636732770675,15,0,5,0,15,0
H3K4me1_TDH_BP/samples/macrophage/ERS257336/problems/chr5:91686128-138787073,11.5636732770675,11.5641355161454,15,0,5,2,15,2
H3K4me1_TDH_BP/samples/macrophage/ERS257336/problems/chr5:91686128-138787073,11.5641355161454,11.5718708532911,15,0,5,2,15,2
H3K4me1_TDH_BP/samples/macrophage/ERS257336/problems/chr5:91686128-138787073,11.5718708532911,11.5875540464658,15,0,5,2,15,2
H3K4me1_TDH_BP/samples/macrophage/ERS257336/problems/chr5:91686128-138787073,11.5875540464658,11.8599250661798,15,0,5,2,15,2
H3K4me1_TDH_BP/samples/macrophage/ERS257336/problems/chr5:91686128-138787073,11.8599250661798,13.4655528094806,15,0,5,2,15,2
H3K4me1_TDH_BP/samples/macrophage/ERS257336/problems/chr5:91686128-138787073,13.4655528094806,Inf,15,0,5,5,15,5
H3K4me1_TDH_BP/samples/macrophage/ERS257378/problems/chr1:149509645-205922707,-Inf,2.40614201308489,14,14,9,0,14,14
H3K4me1_TDH_BP/samples/macrophage/ERS257378/problems/chr1:149509645-205922707,2.40614201308489,6.80215089602732,14,14,9,0,14,14
H3K4me1_TDH_BP/samples/macrophage/ERS257378/problems/chr1:149509645-205922707,6.80215089602732,8.17935233178288,14,12,9,0,14,12
H3K4me1_TDH_BP/samples/macrophage/ERS257378/problems/chr1:149509645-205922707,8.17935233178288,9.07067445266201,14,7,9,0,14,7
H3K4me1_TDH_BP/samples/macrophage/ERS257378/problems/chr1:149509645-205922707,9.07067445266201,9.53113620393691,14,3,9,0,14,3
H3K4me1_TDH_BP/samples/macrophage/ERS257378/problems/chr1:149509645-205922707,9.53113620393691,9.78194995355997,14,2,9,0,14,2
H3K4me1_TDH_BP/samples/macrophage/ERS257378/problems/chr1:149509645-205922707,9.78194995355997,10.012647263255,14,1,9,0,14,1
H3K4me1_TDH_BP/samples/macrophage/ERS257378/problems/chr1:149509645-205922707,10.012647263255,10.135042564805,14,1,9,0,14,1
H3K4me1_TDH_BP/samples/macrophage/ERS257378/problems/chr1:149509645-205922707,10.135042564805,10.1983515984847,14,1,9,0,14,1
H3K4me1_TDH_BP/samples/macrophage/ERS257378/problems/chr1:149509645-205922707,10.1983515984847,10.2344359955403,14,1,9,0,14,1
H3K4me1_TDH_BP/samples/macrophage/ERS257378/problems/chr1:149509645-205922707,10.2344359955403,10.2495420990639,14,1,9,0,14,1
H3K4me1_TDH_BP/samples/macrophage/ERS257378/problems/chr1:149509645-205922707,10.2495420990639,10.2527486838323,14,1,9,0,14,1
H3K4me1_TDH_BP/samples/macrophage/ERS257378/problems/chr1:149509645-205922707,10.2527486838323,10.2535161613415,14,1,9,0,14,1
H3K4me1_TDH_BP/samples/macrophage/ERS257378/problems/chr1:149509645-205922707,10.2535161613415,10.2538883691803,14,1,9,0,14,1
H3K4me1_TDH_BP/samples/macrophage/ERS257378/problems/chr1:149509645-205922707,10.2538883691803,10.2570303392063,14,0,9,0,14,0
H3K4me1_TDH_BP/samples/macrophage/ERS257378/problems/chr1:149509645-205922707,10.2570303392063,10.2637609393769,14,0,9,0,14,0
H3K4me1_TDH_BP/samples/macrophage/ERS257378/problems/chr1:149509645-205922707,10.2637609393769,10.3606779672623,14,0,9,0,14,0
H3K4me1_TDH_BP/samples/macrophage/ERS257378/problems/chr1:149509645-205922707,10.3606779672623,10.5119162406372,14,0,9,0,14,0
H3K4me1_TDH_BP/samples/macrophage/ERS257378/problems/chr1:149509645-205922707,10.5119162406372,10.5601195255193,14,0,9,0,14,0
H3K4me1_TDH_BP/samples/macrophage/ERS257378/problems/chr1:149509645-205922707,10.5601195255193,10.5678489295232,14,0,9,0,14,0
H3K4me1_TDH_BP/samples/macrophage/ERS257378/problems/chr1:149509645-205922707,10.5678489295232,10.5711190683578,14,0,9,0,14,0
H3K4me1_TDH_BP/samples/macrophage/ERS257378/problems/chr1:149509645-205922707,10.5711190683578,10.5712815996148,14,0,9,0,14,0
H3K4me1_TDH_BP/samples/macrophage/ERS257378/problems/chr1:149509645-205922707,10.5712815996148,10.5718958227738,14,0,9,2,14,2
H3K4me1_TDH_BP/samples/macrophage/ERS257378/problems/chr1:149509645-205922707,10.5718958227738,10.5800933022725,14,0,9,2,14,2
H3K4me1_TDH_BP/samples/macrophage/ERS257378/problems/chr1:149509645-205922707,10.5800933022725,10.6036165410435,14,0,9,2,14,2
H3K4me1_TDH_BP/samples/macrophage/ERS257378/problems/chr1:149509645-205922707,10.6036165410435,10.6455142611026,14,0,9,2,14,2
H3K4me1_TDH_BP/samples/macrophage/ERS257378/problems/chr1:149509645-205922707,10.6455142611026,11.114652329079,14,0,9,2,14,2
H3K4me1_TDH_BP/samples/macrophage/ERS257378/problems/chr1:149509645-205922707,11.114652329079,12.0179993203475,14,0,9,4,14,4
H3K4me1_TDH_BP/samples/macrophage/ERS257378/problems/chr1:149509645-205922707,12.0179993203475,13.811025331969,14,0,9,8,14,8
H3K4me1_TDH_BP/samples/macrophage/ERS257378/problems/chr1:149509645-205922707,13.811025331969,Inf,14,0,9,9,14,9
H3K4me1_TDH_BP/samples/macrophage/ERS257378/problems/chr2:162200000-234003741,-Inf,2.47658422675633,8,8,4,0,8,8
H3K4me1_TDH_BP/samples/macrophage/ERS257378/problems/chr2:162200000-234003741,2.47658422675633,7.45216852545456,8,8,4,0,8,8
H3K4me1_TDH_BP/samples/macrophage/ERS257378/problems/chr2:162200000-234003741,7.45216852545456,8.82930023566929,8,6,4,0,8,6
H3K4me1_TDH_BP/samples/macrophage/ERS257378/problems/chr2:162200000-234003741,8.82930023566929,9.28555634063273,8,6,4,0,8,6
H3K4me1_TDH_BP/samples/macrophage/ERS257378/problems/chr2:162200000-234003741,9.28555634063273,9.63186607768474,8,3,4,0,8,3
H3K4me1_TDH_BP/samples/macrophage/ERS257378/problems/chr2:162200000-234003741,9.63186607768474,9.87705905691362,8,3,4,0,8,3
H3K4me1_TDH_BP/samples/macrophage/ERS257378/problems/chr2:162200000-234003741,9.87705905691362,9.97066662453652,8,1,4,0,8,1
H3K4me1_TDH_BP/samples/macrophage/ERS257378/problems/chr2:162200000-234003741,9.97066662453652,9.97317088904145,8,1,4,0,8,1
H3K4me1_TDH_BP/samples/macrophage/ERS257378/problems/chr2:162200000-234003741,9.97317088904145,9.97436551625122,8,1,4,0,8,1
H3K4me1_TDH_BP/samples/macrophage/ERS257378/problems/chr2:162200000-234003741,9.97436551625122,9.97587368081081,8,1,4,0,8,1
H3K4me1_TDH_BP/samples/macrophage/ERS257378/problems/chr2:162200000-234003741,9.97587368081081,9.97965366516136,8,0,4,0,8,0
H3K4me1_TDH_BP/samples/macrophage/ERS257378/problems/chr2:162200000-234003741,9.97965366516136,9.99123376230563,8,0,4,0,8,0
H3K4me1_TDH_BP/samples/macrophage/ERS257378/problems/chr2:162200000-234003741,9.99123376230563,10.009122147815,8,0,4,0,8,0
H3K4me1_TDH_BP/samples/macrophage/ERS257378/problems/chr2:162200000-234003741,10.009122147815,10.0456462053496,8,0,4,0,8,0
H3K4me1_TDH_BP/samples/macrophage/ERS257378/problems/chr2:162200000-234003741,10.0456462053496,10.1200779455495,8,0,4,0,8,0
H3K4me1_TDH_BP/samples/macrophage/ERS257378/problems/chr2:162200000-234003741,10.1200779455495,10.5996844183146,8,0,4,0,8,0
H3K4me1_TDH_BP/samples/macrophage/ERS257378/problems/chr2:162200000-234003741,10.5996844183146,11.083680485965,8,0,4,0,8,0
H3K4me1_TDH_BP/samples/macrophage/ERS257378/problems/chr2:162200000-234003741,11.083680485965,11.1180279336352,8,0,4,0,8,0
H3K4me1_TDH_BP/samples/macrophage/ERS257378/problems/chr2:162200000-234003741,11.1180279336352,11.1343553779061,8,0,4,0,8,0
H3K4me1_TDH_BP/samples/macrophage/ERS257378/problems/chr2:162200000-234003741,11.1343553779061,11.138058230538,8,0,4,0,8,0
H3K4me1_TDH_BP/samples/macrophage/ERS257378/problems/chr2:162200000-234003741,11.138058230538,11.1398419324449,8,0,4,0,8,0
H3K4me1_TDH_BP/samples/macrophage/ERS257378/problems/chr2:162200000-234003741,11.1398419324449,11.141321177187,8,0,4,0,8,0
H3K4me1_TDH_BP/samples/macrophage/ERS257378/problems/chr2:162200000-234003741,11.141321177187,11.1413413993632,8,0,4,2,8,2
H3K4me1_TDH_BP/samples/macrophage/ERS257378/problems/chr2:162200000-234003741,11.1413413993632,11.1414618053375,8,0,4,2,8,2
H3K4me1_TDH_BP/samples/macrophage/ERS257378/problems/chr2:162200000-234003741,11.1414618053375,11.151235450059,8,0,4,2,8,2
H3K4me1_TDH_BP/samples/macrophage/ERS257378/problems/chr2:162200000-234003741,11.151235450059,11.2318176510352,8,0,4,2,8,2
H3K4me1_TDH_BP/samples/macrophage/ERS257378/problems/chr2:162200000-234003741,11.2318176510352,11.3920837421384,8,0,4,2,8,2
H3K4me1_TDH_BP/samples/macrophage/ERS257378/problems/chr2:162200000-234003741,11.3920837421384,11.7927758122845,8,0,4,2,8,2
H3K4me1_TDH_BP/samples/macrophage/ERS257378/problems/chr2:162200000-234003741,11.7927758122845,13.3368456882738,8,0,4,2,8,2
H3K4me1_TDH_BP/samples/macrophage/ERS257378/problems/chr2:162200000-234003741,13.3368456882738,Inf,8,0,4,4,8,4
H3K4me1_TDH_BP/samples/macrophage/ERS257378/problems/chr2:16329724-21153113,-Inf,2.5512612747353,7,7,4,0,7,7
H3K4me1_TDH_BP/samples/macrophage/ERS257378/problems/chr2:16329724-21153113,2.5512612747353,7.46300820845864,7,7,4,0,7,7
H3K4me1_TDH_BP/samples/macrophage/ERS257378/problems/chr2:16329724-21153113,7.46300820845864,8.78166251319701,7,6,4,0,7,6
H3K4me1_TDH_BP/samples/macrophage/ERS257378/problems/chr2:16329724-21153113,8.78166251319701,9.23046900823259,7,5,4,0,7,5
H3K4me1_TDH_BP/samples/macrophage/ERS257378/problems/chr2:16329724-21153113,9.23046900823259,9.74445845333059,7,5,4,2,7,7
H3K4me1_TDH_BP/samples/macrophage/ERS257378/problems/chr2:16329724-21153113,9.74445845333059,10.3068662146748,7,2,4,2,7,4
H3K4me1_TDH_BP/samples/macrophage/ERS257378/problems/chr2:16329724-21153113,10.3068662146748,10.6270331519674,7,2,4,2,7,4
H3K4me1_TDH_BP/samples/macrophage/ERS257378/problems/chr2:16329724-21153113,10.6270331519674,10.8194332627276,7,1,4,2,7,3
H3K4me1_TDH_BP/samples/macrophage/ERS257378/problems/chr2:16329724-21153113,10.8194332627276,10.8864712008075,7,1,4,2,7,3
H3K4me1_TDH_BP/samples/macrophage/ERS257378/problems/chr2:16329724-21153113,10.8864712008075,10.9222419965435,7,0,4,2,7,2
H3K4me1_TDH_BP/samples/macrophage/ERS257378/problems/chr2:16329724-21153113,10.9222419965435,11.0180542141917,7,0,4,2,7,2
H3K4me1_TDH_BP/samples/macrophage/ERS257378/problems/chr2:16329724-21153113,11.0180542141917,11.243799355004,7,0,4,2,7,2
H3K4me1_TDH_BP/samples/macrophage/ERS257378/problems/chr2:16329724-21153113,11.243799355004,11.5261062116959,7,0,4,2,7,2
H3K4me1_TDH_BP/samples/macrophage/ERS257378/problems/chr2:16329724-21153113,11.5261062116959,11.7038487519261,7,0,4,2,7,2
H3K4me1_TDH_BP/samples/macrophage/ERS257378/problems/chr2:16329724-21153113,11.7038487519261,12.0124378544218,7,0,4,2,7,2
H3K4me1_TDH_BP/samples/macrophage/ERS257378/problems/chr2:16329724-21153113,12.0124378544218,12.219228920539,7,0,4,2,7,2
H3K4me1_TDH_BP/samples/macrophage/ERS257378/problems/chr2:16329724-21153113,12.219228920539,12.4377910214282,7,0,4,2,7,2
H3K4me1_TDH_BP/samples/macrophage/ERS257378/problems/chr2:16329724-21153113,12.4377910214282,12.6519248606359,7,0,4,2,7,2
H3K4me1_TDH_BP/samples/macrophage/ERS257378/problems/chr2:16329724-21153113,12.6519248606359,12.8738547210707,7,0,4,2,7,2
H3K4me1_TDH_BP/samples/macrophage/ERS257378/problems/chr2:16329724-21153113,12.8738547210707,13.1318213894194,7,0,4,2,7,2
H3K4me1_TDH_BP/samples/macrophage/ERS257378/problems/chr2:16329724-21153113,13.1318213894194,13.3179886074853,7,0,4,2,7,2
H3K4me1_TDH_BP/samples/macrophage/ERS257378/problems/chr2:16329724-21153113,13.3179886074853,13.4028551667291,7,0,4,2,7,2
H3K4me1_TDH_BP/samples/macrophage/ERS257378/problems/chr2:16329724-21153113,13.4028551667291,14.4584782877887,7,0,4,4,7,4
H3K4me1_TDH_BP/samples/macrophage/ERS257378/problems/chr2:16329724-21153113,14.4584782877887,Inf,7,0,4,4,7,4
H3K4me1_TDH_BP/samples/macrophage/ERS257378/problems/chr3:60000-66170270,-Inf,2.4383518630143,11,11,4,0,11,11
H3K4me1_TDH_BP/samples/macrophage/ERS257378/problems/chr3:60000-66170270,2.4383518630143,7.55478985389173,11,11,4,0,11,11
H3K4me1_TDH_BP/samples/macrophage/ERS257378/problems/chr3:60000-66170270,7.55478985389173,9.02867419068572,11,10,4,0,11,10
H3K4me1_TDH_BP/samples/macrophage/ERS257378/problems/chr3:60000-66170270,9.02867419068572,9.58703836288025,11,9,4,0,11,9
H3K4me1_TDH_BP/samples/macrophage/ERS257378/problems/chr3:60000-66170270,9.58703836288025,9.94452879426072,11,7,4,0,11,7
H3K4me1_TDH_BP/samples/macrophage/ERS257378/problems/chr3:60000-66170270,9.94452879426072,10.071666380377,11,1,4,0,11,1
H3K4me1_TDH_BP/samples/macrophage/ERS257378/problems/chr3:60000-66170270,10.071666380377,10.1197107784393,11,1,4,0,11,1
H3K4me1_TDH_BP/samples/macrophage/ERS257378/problems/chr3:60000-66170270,10.1197107784393,10.1288841249486,11,1,4,0,11,1
H3K4me1_TDH_BP/samples/macrophage/ERS257378/problems/chr3:60000-66170270,10.1288841249486,10.130642395351,11,1,4,0,11,1
H3K4me1_TDH_BP/samples/macrophage/ERS257378/problems/chr3:60000-66170270,10.130642395351,10.1308939729991,11,1,4,0,11,1
H3K4me1_TDH_BP/samples/macrophage/ERS257378/problems/chr3:60000-66170270,10.1308939729991,10.1335115497732,11,0,4,0,11,0
H3K4me1_TDH_BP/samples/macrophage/ERS257378/problems/chr3:60000-66170270,10.1335115497732,10.1469018393584,11,0,4,0,11,0
H3K4me1_TDH_BP/samples/macrophage/ERS257378/problems/chr3:60000-66170270,10.1469018393584,10.1778235980917,11,0,4,0,11,0
H3K4me1_TDH_BP/samples/macrophage/ERS257378/problems/chr3:60000-66170270,10.1778235980917,10.3952136806884,11,0,4,0,11,0
H3K4me1_TDH_BP/samples/macrophage/ERS257378/problems/chr3:60000-66170270,10.3952136806884,10.8184815834686,11,0,4,0,11,0
H3K4me1_TDH_BP/samples/macrophage/ERS257378/problems/chr3:60000-66170270,10.8184815834686,11.1516917924205,11,0,4,0,11,0
H3K4me1_TDH_BP/samples/macrophage/ERS257378/problems/chr3:60000-66170270,11.1516917924205,11.3212017278233,11,0,4,0,11,0
H3K4me1_TDH_BP/samples/macrophage/ERS257378/problems/chr3:60000-66170270,11.3212017278233,11.4021363825689,11,0,4,0,11,0
H3K4me1_TDH_BP/samples/macrophage/ERS257378/problems/chr3:60000-66170270,11.4021363825689,11.4236671538962,11,0,4,0,11,0
H3K4me1_TDH_BP/samples/macrophage/ERS257378/problems/chr3:60000-66170270,11.4236671538962,11.4247388609433,11,0,4,0,11,0
H3K4me1_TDH_BP/samples/macrophage/ERS257378/problems/chr3:60000-66170270,11.4247388609433,11.424929694535,11,0,4,2,11,2
H3K4me1_TDH_BP/samples/macrophage/ERS257378/problems/chr3:60000-66170270,11.424929694535,11.4285415235373,11,0,4,2,11,2
H3K4me1_TDH_BP/samples/macrophage/ERS257378/problems/chr3:60000-66170270,11.4285415235373,11.4318378596397,11,0,4,2,11,2
H3K4me1_TDH_BP/samples/macrophage/ERS257378/problems/chr3:60000-66170270,11.4318378596397,11.4378917336026,11,0,4,2,11,2
H3K4me1_TDH_BP/samples/macrophage/ERS257378/problems/chr3:60000-66170270,11.4378917336026,11.4533072843844,11,0,4,2,11,2
H3K4me1_TDH_BP/samples/macrophage/ERS257378/problems/chr3:60000-66170270,11.4533072843844,11.9286669627207,11,0,4,2,11,2
H3K4me1_TDH_BP/samples/macrophage/ERS257378/problems/chr3:60000-66170270,11.9286669627207,13.8255464918143,11,0,4,2,11,2
H3K4me1_TDH_BP/samples/macrophage/ERS257378/problems/chr3:60000-66170270,13.8255464918143,Inf,11,0,4,4,11,4
H3K4me1_TDH_BP/samples/macrophage/ERS257378/problems/chr4:75452279-190000000,-Inf,2.54890612247278,11,11,1,0,11,11
H3K4me1_TDH_BP/samples/macrophage/ERS257378/problems/chr4:75452279-190000000,2.54890612247278,7.39732578708368,11,11,1,0,11,11
H3K4me1_TDH_BP/samples/macrophage/ERS257378/problems/chr4:75452279-190000000,7.39732578708368,8.94879071830385,11,10,1,0,11,10
H3K4me1_TDH_BP/samples/macrophage/ERS257378/problems/chr4:75452279-190000000,8.94879071830385,9.91103618985831,11,3,1,0,11,3
H3K4me1_TDH_BP/samples/macrophage/ERS257378/problems/chr4:75452279-190000000,9.91103618985831,10.0351608207863,11,2,1,0,11,2
H3K4me1_TDH_BP/samples/macrophage/ERS257378/problems/chr4:75452279-190000000,10.0351608207863,10.0880558855457,11,2,1,0,11,2
H3K4me1_TDH_BP/samples/macrophage/ERS257378/problems/chr4:75452279-190000000,10.0880558855457,10.0992461790499,11,2,1,0,11,2
H3K4me1_TDH_BP/samples/macrophage/ERS257378/problems/chr4:75452279-190000000,10.0992461790499,10.1006696156817,11,2,1,0,11,2
H3K4me1_TDH_BP/samples/macrophage/ERS257378/problems/chr4:75452279-190000000,10.1006696156817,10.1012505086632,11,2,1,0,11,2
H3K4me1_TDH_BP/samples/macrophage/ERS257378/problems/chr4:75452279-190000000,10.1012505086632,10.1014607889929,11,2,1,0,11,2
H3K4me1_TDH_BP/samples/macrophage/ERS257378/problems/chr4:75452279-190000000,10.1014607889929,10.1020756759518,11,0,1,0,11,0
H3K4me1_TDH_BP/samples/macrophage/ERS257378/problems/chr4:75452279-190000000,10.1020756759518,10.1064172916886,11,0,1,0,11,0
H3K4me1_TDH_BP/samples/macrophage/ERS257378/problems/chr4:75452279-190000000,10.1064172916886,10.1165944994499,11,0,1,0,11,0
H3K4me1_TDH_BP/samples/macrophage/ERS257378/problems/chr4:75452279-190000000,10.1165944994499,10.1444714419337,11,0,1,0,11,0
H3K4me1_TDH_BP/samples/macrophage/ERS257378/problems/chr4:75452279-190000000,10.1444714419337,10.3769875174246,11,0,1,0,11,0
H3K4me1_TDH_BP/samples/macrophage/ERS257378/problems/chr4:75452279-190000000,10.3769875174246,11.1723937100091,11,0,1,0,11,0
H3K4me1_TDH_BP/samples/macrophage/ERS257378/problems/chr4:75452279-190000000,11.1723937100091,12.4014805602212,11,0,1,0,11,0
H3K4me1_TDH_BP/samples/macrophage/ERS257378/problems/chr4:75452279-190000000,12.4014805602212,13.2829247787373,11,0,1,0,11,0
H3K4me1_TDH_BP/samples/macrophage/ERS257378/problems/chr4:75452279-190000000,13.2829247787373,13.4710573062274,11,0,1,0,11,0
H3K4me1_TDH_BP/samples/macrophage/ERS257378/problems/chr4:75452279-190000000,13.4710573062274,13.5443760670149,11,0,1,0,11,0
H3K4me1_TDH_BP/samples/macrophage/ERS257378/problems/chr4:75452279-190000000,13.5443760670149,13.5852322344173,11,0,1,0,11,0
H3K4me1_TDH_BP/samples/macrophage/ERS257378/problems/chr4:75452279-190000000,13.5852322344173,13.5952004755755,11,0,1,0,11,0
H3K4me1_TDH_BP/samples/macrophage/ERS257378/problems/chr4:75452279-190000000,13.5952004755755,13.6286165351545,11,0,1,1,11,1
H3K4me1_TDH_BP/samples/macrophage/ERS257378/problems/chr4:75452279-190000000,13.6286165351545,13.8941412571254,11,0,1,1,11,1
H3K4me1_TDH_BP/samples/macrophage/ERS257378/problems/chr4:75452279-190000000,13.8941412571254,15.137181764887,11,0,1,1,11,1
H3K4me1_TDH_BP/samples/macrophage/ERS257378/problems/chr4:75452279-190000000,15.137181764887,Inf,11,0,1,1,11,1
H3K4me1_TDH_BP/samples/macrophage/ERS257378/problems/chr5:91686128-138787073,-Inf,2.52398747096774,15,15,5,0,15,15
H3K4me1_TDH_BP/samples/macrophage/ERS257378/problems/chr5:91686128-138787073,2.52398747096774,7.43266611796831,15,15,5,0,15,15
H3K4me1_TDH_BP/samples/macrophage/ERS257378/problems/chr5:91686128-138787073,7.43266611796831,8.7613997949935,15,12,5,0,15,12
H3K4me1_TDH_BP/samples/macrophage/ERS257378/problems/chr5:91686128-138787073,8.7613997949935,9.19946281199174,15,7,5,0,15,7
H3K4me1_TDH_BP/samples/macrophage/ERS257378/problems/chr5:91686128-138787073,9.19946281199174,9.66011607282391,15,4,5,0,15,4
H3K4me1_TDH_BP/samples/macrophage/ERS257378/problems/chr5:91686128-138787073,9.66011607282391,10.203469672327,15,2,5,0,15,2
H3K4me1_TDH_BP/samples/macrophage/ERS257378/problems/chr5:91686128-138787073,10.203469672327,10.5155184437275,15,1,5,0,15,1
H3K4me1_TDH_BP/samples/macrophage/ERS257378/problems/chr5:91686128-138787073,10.5155184437275,10.6546760799741,15,1,5,0,15,1
H3K4me1_TDH_BP/samples/macrophage/ERS257378/problems/chr5:91686128-138787073,10.6546760799741,10.6944775142173,15,1,5,0,15,1
H3K4me1_TDH_BP/samples/macrophage/ERS257378/problems/chr5:91686128-138787073,10.6944775142173,10.7024201775544,15,1,5,0,15,1
H3K4me1_TDH_BP/samples/macrophage/ERS257378/problems/chr5:91686128-138787073,10.7024201775544,10.7033252790229,15,0,5,0,15,0
H3K4me1_TDH_BP/samples/macrophage/ERS257378/problems/chr5:91686128-138787073,10.7033252790229,10.7049791511479,15,0,5,0,15,0
H3K4me1_TDH_BP/samples/macrophage/ERS257378/problems/chr5:91686128-138787073,10.7049791511479,10.7131867745351,15,0,5,0,15,0
H3K4me1_TDH_BP/samples/macrophage/ERS257378/problems/chr5:91686128-138787073,10.7131867745351,10.733539467607,15,0,5,0,15,0
H3K4me1_TDH_BP/samples/macrophage/ERS257378/problems/chr5:91686128-138787073,10.733539467607,10.8057116180776,15,0,5,0,15,0
H3K4me1_TDH_BP/samples/macrophage/ERS257378/problems/chr5:91686128-138787073,10.8057116180776,11.0047264636497,15,0,5,0,15,0
H3K4me1_TDH_BP/samples/macrophage/ERS257378/problems/chr5:91686128-138787073,11.0047264636497,11.1927192527645,15,0,5,0,15,0
H3K4me1_TDH_BP/samples/macrophage/ERS257378/problems/chr5:91686128-138787073,11.1927192527645,11.2715490240801,15,0,5,0,15,0
H3K4me1_TDH_BP/samples/macrophage/ERS257378/problems/chr5:91686128-138787073,11.2715490240801,11.2792203570628,15,0,5,0,15,0
H3K4me1_TDH_BP/samples/macrophage/ERS257378/problems/chr5:91686128-138787073,11.2792203570628,11.2811784901298,15,0,5,0,15,0
H3K4me1_TDH_BP/samples/macrophage/ERS257378/problems/chr5:91686128-138787073,11.2811784901298,11.2855307178136,15,0,5,2,15,2
H3K4me1_TDH_BP/samples/macrophage/ERS257378/problems/chr5:91686128-138787073,11.2855307178136,11.2933277666075,15,0,5,2,15,2
H3K4me1_TDH_BP/samples/macrophage/ERS257378/problems/chr5:91686128-138787073,11.2933277666075,11.3104195781038,15,0,5,2,15,2
H3K4me1_TDH_BP/samples/macrophage/ERS257378/problems/chr5:91686128-138787073,11.3104195781038,11.357458010529,15,0,5,2,15,2
H3K4me1_TDH_BP/samples/macrophage/ERS257378/problems/chr5:91686128-138787073,11.357458010529,11.6857469492914,15,0,5,2,15,2
H3K4me1_TDH_BP/samples/macrophage/ERS257378/problems/chr5:91686128-138787073,11.6857469492914,13.2432767248087,15,0,5,4,15,4
H3K4me1_TDH_BP/samples/macrophage/ERS257378/problems/chr5:91686128-138787073,13.2432767248087,Inf,15,0,5,5,15,5
H3K4me1_TDH_BP/samples/macrophage/ERS358691/problems/chr1:149509645-205922707,-Inf,2.3498147733926,14,14,9,0,14,14
H3K4me1_TDH_BP/samples/macrophage/ERS358691/problems/chr1:149509645-205922707,2.3498147733926,7.14760409934636,14,13,9,0,14,13
H3K4me1_TDH_BP/samples/macrophage/ERS358691/problems/chr1:149509645-205922707,7.14760409934636,8.48424753319487,14,12,9,0,14,12
H3K4me1_TDH_BP/samples/macrophage/ERS358691/problems/chr1:149509645-205922707,8.48424753319487,9.28260023232788,14,3,9,0,14,3
H3K4me1_TDH_BP/samples/macrophage/ERS358691/problems/chr1:149509645-205922707,9.28260023232788,9.42079734111156,14,3,9,0,14,3
H3K4me1_TDH_BP/samples/macrophage/ERS358691/problems/chr1:149509645-205922707,9.42079734111156,9.49557026714326,14,3,9,0,14,3
H3K4me1_TDH_BP/samples/macrophage/ERS358691/problems/chr1:149509645-205922707,9.49557026714326,9.54750413466135,14,2,9,0,14,2
H3K4me1_TDH_BP/samples/macrophage/ERS358691/problems/chr1:149509645-205922707,9.54750413466135,9.69459487883548,14,2,9,0,14,2
H3K4me1_TDH_BP/samples/macrophage/ERS358691/problems/chr1:149509645-205922707,9.69459487883548,9.89102182881894,14,2,9,0,14,2
H3K4me1_TDH_BP/samples/macrophage/ERS358691/problems/chr1:149509645-205922707,9.89102182881894,10.0343731514976,14,2,9,0,14,2
H3K4me1_TDH_BP/samples/macrophage/ERS358691/problems/chr1:149509645-205922707,10.0343731514976,10.1273974634632,14,2,9,0,14,2
H3K4me1_TDH_BP/samples/macrophage/ERS358691/problems/chr1:149509645-205922707,10.1273974634632,10.1434646806545,14,2,9,0,14,2
H3K4me1_TDH_BP/samples/macrophage/ERS358691/problems/chr1:149509645-205922707,10.1434646806545,10.1498074920402,14,2,9,0,14,2
H3K4me1_TDH_BP/samples/macrophage/ERS358691/problems/chr1:149509645-205922707,10.1498074920402,10.1512871280702,14,2,9,0,14,2
H3K4me1_TDH_BP/samples/macrophage/ERS358691/problems/chr1:149509645-205922707,10.1512871280702,10.1519805749994,14,2,9,0,14,2
H3K4me1_TDH_BP/samples/macrophage/ERS358691/problems/chr1:149509645-205922707,10.1519805749994,10.1528137455009,14,1,9,0,14,1
H3K4me1_TDH_BP/samples/macrophage/ERS358691/problems/chr1:149509645-205922707,10.1528137455009,10.1593971671337,14,1,9,0,14,1
H3K4me1_TDH_BP/samples/macrophage/ERS358691/problems/chr1:149509645-205922707,10.1593971671337,10.1699610462225,14,1,9,0,14,1
H3K4me1_TDH_BP/samples/macrophage/ERS358691/problems/chr1:149509645-205922707,10.1699610462225,10.1806134360863,14,1,9,0,14,1
H3K4me1_TDH_BP/samples/macrophage/ERS358691/problems/chr1:149509645-205922707,10.1806134360863,10.1877467778914,14,1,9,0,14,1
H3K4me1_TDH_BP/samples/macrophage/ERS358691/problems/chr1:149509645-205922707,10.1877467778914,10.1982811631501,14,1,9,0,14,1
H3K4me1_TDH_BP/samples/macrophage/ERS358691/problems/chr1:149509645-205922707,10.1982811631501,10.2074436988632,14,1,9,0,14,1
H3K4me1_TDH_BP/samples/macrophage/ERS358691/problems/chr1:149509645-205922707,10.2074436988632,10.2189600422932,14,1,9,0,14,1
H3K4me1_TDH_BP/samples/macrophage/ERS358691/problems/chr1:149509645-205922707,10.2189600422932,10.2295819306797,14,1,9,0,14,1
H3K4me1_TDH_BP/samples/macrophage/ERS358691/problems/chr1:149509645-205922707,10.2295819306797,10.24081152475,14,1,9,0,14,1
H3K4me1_TDH_BP/samples/macrophage/ERS358691/problems/chr1:149509645-205922707,10.24081152475,10.2518521266086,14,1,9,0,14,1
H3K4me1_TDH_BP/samples/macrophage/ERS358691/problems/chr1:149509645-205922707,10.2518521266086,10.2624694431723,14,1,9,0,14,1
H3K4me1_TDH_BP/samples/macrophage/ERS358691/problems/chr1:149509645-205922707,10.2624694431723,10.272516403281,14,1,9,0,14,1
H3K4me1_TDH_BP/samples/macrophage/ERS358691/problems/chr1:149509645-205922707,10.272516403281,10.2754810582021,14,1,9,0,14,1
H3K4me1_TDH_BP/samples/macrophage/ERS358691/problems/chr1:149509645-205922707,10.2754810582021,10.2763017502086,14,1,9,0,14,1
H3K4me1_TDH_BP/samples/macrophage/ERS358691/problems/chr1:149509645-205922707,10.2763017502086,10.2769098390797,14,1,9,0,14,1
H3K4me1_TDH_BP/samples/macrophage/ERS358691/problems/chr1:149509645-205922707,10.2769098390797,10.2769138450666,14,1,9,0,14,1
H3K4me1_TDH_BP/samples/macrophage/ERS358691/problems/chr1:149509645-205922707,10.2769138450666,10.2776313787604,14,1,9,2,14,3
H3K4me1_TDH_BP/samples/macrophage/ERS358691/problems/chr1:149509645-205922707,10.2776313787604,10.2829094416641,14,1,9,2,14,3
H3K4me1_TDH_BP/samples/macrophage/ERS358691/problems/chr1:149509645-205922707,10.2829094416641,10.371675324872,14,1,9,2,14,3
H3K4me1_TDH_BP/samples/macrophage/ERS358691/problems/chr1:149509645-205922707,10.371675324872,10.5355568342104,14,1,9,2,14,3
H3K4me1_TDH_BP/samples/macrophage/ERS358691/problems/chr1:149509645-205922707,10.5355568342104,10.6582102935166,14,1,9,2,14,3
H3K4me1_TDH_BP/samples/macrophage/ERS358691/problems/chr1:149509645-205922707,10.6582102935166,10.7345467129001,14,1,9,2,14,3
H3K4me1_TDH_BP/samples/macrophage/ERS358691/problems/chr1:149509645-205922707,10.7345467129001,10.8576469602571,14,0,9,2,14,2
H3K4me1_TDH_BP/samples/macrophage/ERS358691/problems/chr1:149509645-205922707,10.8576469602571,11.0316098870783,14,0,9,2,14,2
H3K4me1_TDH_BP/samples/macrophage/ERS358691/problems/chr1:149509645-205922707,11.0316098870783,11.2010202004446,14,0,9,2,14,2
H3K4me1_TDH_BP/samples/macrophage/ERS358691/problems/chr1:149509645-205922707,11.2010202004446,11.375098923827,14,0,9,2,14,2
H3K4me1_TDH_BP/samples/macrophage/ERS358691/problems/chr1:149509645-205922707,11.375098923827,11.5025331109427,14,0,9,2,14,2
H3K4me1_TDH_BP/samples/macrophage/ERS358691/problems/chr1:149509645-205922707,11.5025331109427,11.5964417285398,14,0,9,4,14,4
H3K4me1_TDH_BP/samples/macrophage/ERS358691/problems/chr1:149509645-205922707,11.5964417285398,11.7353010015217,14,0,9,4,14,4
H3K4me1_TDH_BP/samples/macrophage/ERS358691/problems/chr1:149509645-205922707,11.7353010015217,12.0182672226735,14,0,9,4,14,4
H3K4me1_TDH_BP/samples/macrophage/ERS358691/problems/chr1:149509645-205922707,12.0182672226735,12.6283776937221,14,0,9,6,14,6
H3K4me1_TDH_BP/samples/macrophage/ERS358691/problems/chr1:149509645-205922707,12.6283776937221,14.5564631254253,14,0,9,8,14,8
H3K4me1_TDH_BP/samples/macrophage/ERS358691/problems/chr1:149509645-205922707,14.5564631254253,Inf,14,0,9,9,14,9
H3K4me1_TDH_BP/samples/macrophage/ERS358691/problems/chr2:162200000-234003741,-Inf,2.43231991220239,8,8,4,0,8,8
H3K4me1_TDH_BP/samples/macrophage/ERS358691/problems/chr2:162200000-234003741,2.43231991220239,7.83299808163789,8,8,4,0,8,8
H3K4me1_TDH_BP/samples/macrophage/ERS358691/problems/chr2:162200000-234003741,7.83299808163789,9.25649645393373,8,7,4,0,8,7
H3K4me1_TDH_BP/samples/macrophage/ERS358691/problems/chr2:162200000-234003741,9.25649645393373,9.91467844441557,8,3,4,0,8,3
H3K4me1_TDH_BP/samples/macrophage/ERS358691/problems/chr2:162200000-234003741,9.91467844441557,10.247700076985,8,1,4,0,8,1
H3K4me1_TDH_BP/samples/macrophage/ERS358691/problems/chr2:162200000-234003741,10.247700076985,10.2515955466534,8,1,4,0,8,1
H3K4me1_TDH_BP/samples/macrophage/ERS358691/problems/chr2:162200000-234003741,10.2515955466534,10.2537337401804,8,1,4,0,8,1
H3K4me1_TDH_BP/samples/macrophage/ERS358691/problems/chr2:162200000-234003741,10.2537337401804,10.2563902965327,8,0,4,0,8,0
H3K4me1_TDH_BP/samples/macrophage/ERS358691/problems/chr2:162200000-234003741,10.2563902965327,10.2643748591478,8,0,4,0,8,0
H3K4me1_TDH_BP/samples/macrophage/ERS358691/problems/chr2:162200000-234003741,10.2643748591478,10.2784712649606,8,0,4,0,8,0
H3K4me1_TDH_BP/samples/macrophage/ERS358691/problems/chr2:162200000-234003741,10.2784712649606,10.3091879839585,8,0,4,0,8,0
H3K4me1_TDH_BP/samples/macrophage/ERS358691/problems/chr2:162200000-234003741,10.3091879839585,10.3699465930226,8,0,4,0,8,0
H3K4me1_TDH_BP/samples/macrophage/ERS358691/problems/chr2:162200000-234003741,10.3699465930226,10.507195632474,8,0,4,0,8,0
H3K4me1_TDH_BP/samples/macrophage/ERS358691/problems/chr2:162200000-234003741,10.507195632474,10.7852369971814,8,0,4,0,8,0
H3K4me1_TDH_BP/samples/macrophage/ERS358691/problems/chr2:162200000-234003741,10.7852369971814,11.1792525495109,8,0,4,0,8,0
H3K4me1_TDH_BP/samples/macrophage/ERS358691/problems/chr2:162200000-234003741,11.1792525495109,11.4871728373401,8,0,4,0,8,0
H3K4me1_TDH_BP/samples/macrophage/ERS358691/problems/chr2:162200000-234003741,11.4871728373401,11.6221384691409,8,0,4,0,8,0
H3K4me1_TDH_BP/samples/macrophage/ERS358691/problems/chr2:162200000-234003741,11.6221384691409,11.6492647795926,8,0,4,0,8,0
H3K4me1_TDH_BP/samples/macrophage/ERS358691/problems/chr2:162200000-234003741,11.6492647795926,11.6550208375606,8,0,4,0,8,0
H3K4me1_TDH_BP/samples/macrophage/ERS358691/problems/chr2:162200000-234003741,11.6550208375606,11.6561695155896,8,0,4,0,8,0
H3K4me1_TDH_BP/samples/macrophage/ERS358691/problems/chr2:162200000-234003741,11.6561695155896,11.6562881676897,8,0,4,0,8,0
H3K4me1_TDH_BP/samples/macrophage/ERS358691/problems/chr2:162200000-234003741,11.6562881676897,11.657502876817,8,0,4,2,8,2
H3K4me1_TDH_BP/samples/macrophage/ERS358691/problems/chr2:162200000-234003741,11.657502876817,11.662659056037,8,0,4,2,8,2
H3K4me1_TDH_BP/samples/macrophage/ERS358691/problems/chr2:162200000-234003741,11.662659056037,11.6829380230201,8,0,4,2,8,2
H3K4me1_TDH_BP/samples/macrophage/ERS358691/problems/chr2:162200000-234003741,11.6829380230201,11.7395696991183,8,0,4,2,8,2
H3K4me1_TDH_BP/samples/macrophage/ERS358691/problems/chr2:162200000-234003741,11.7395696991183,12.236000478155,8,0,4,2,8,2
H3K4me1_TDH_BP/samples/macrophage/ERS358691/problems/chr2:162200000-234003741,12.236000478155,14.1655259576138,8,0,4,2,8,2
H3K4me1_TDH_BP/samples/macrophage/ERS358691/problems/chr2:162200000-234003741,14.1655259576138,Inf,8,0,4,4,8,4
H3K4me1_TDH_BP/samples/macrophage/ERS358691/problems/chr2:16329724-21153113,-Inf,2.51580441718748,7,7,4,0,7,7
H3K4me1_TDH_BP/samples/macrophage/ERS358691/problems/chr2:16329724-21153113,2.51580441718748,7.87184281850689,7,7,4,0,7,7
H3K4me1_TDH_BP/samples/macrophage/ERS358691/problems/chr2:16329724-21153113,7.87184281850689,9.26916838143871,7,5,4,0,7,5
H3K4me1_TDH_BP/samples/macrophage/ERS358691/problems/chr2:16329724-21153113,9.26916838143871,9.87507264202899,7,3,4,0,7,3
H3K4me1_TDH_BP/samples/macrophage/ERS358691/problems/chr2:16329724-21153113,9.87507264202899,10.4139195536321,7,2,4,0,7,2
H3K4me1_TDH_BP/samples/macrophage/ERS358691/problems/chr2:16329724-21153113,10.4139195536321,10.63038985173,7,2,4,0,7,2
H3K4me1_TDH_BP/samples/macrophage/ERS358691/problems/chr2:16329724-21153113,10.63038985173,10.7051503080243,7,2,4,0,7,2
H3K4me1_TDH_BP/samples/macrophage/ERS358691/problems/chr2:16329724-21153113,10.7051503080243,10.7372819928664,7,2,4,0,7,2
H3K4me1_TDH_BP/samples/macrophage/ERS358691/problems/chr2:16329724-21153113,10.7372819928664,10.7419985445175,7,1,4,0,7,1
H3K4me1_TDH_BP/samples/macrophage/ERS358691/problems/chr2:16329724-21153113,10.7419985445175,10.764524134579,7,1,4,0,7,1
H3K4me1_TDH_BP/samples/macrophage/ERS358691/problems/chr2:16329724-21153113,10.764524134579,10.8172949846442,7,1,4,0,7,1
H3K4me1_TDH_BP/samples/macrophage/ERS358691/problems/chr2:16329724-21153113,10.8172949846442,10.9004908818754,7,1,4,0,7,1
H3K4me1_TDH_BP/samples/macrophage/ERS358691/problems/chr2:16329724-21153113,10.9004908818754,10.9351371484876,7,1,4,0,7,1
H3K4me1_TDH_BP/samples/macrophage/ERS358691/problems/chr2:16329724-21153113,10.9351371484876,11.0313406091976,7,1,4,0,7,1
H3K4me1_TDH_BP/samples/macrophage/ERS358691/problems/chr2:16329724-21153113,11.0313406091976,11.064368222827,7,1,4,0,7,1
H3K4me1_TDH_BP/samples/macrophage/ERS358691/problems/chr2:16329724-21153113,11.064368222827,11.1272241919345,7,1,4,0,7,1
H3K4me1_TDH_BP/samples/macrophage/ERS358691/problems/chr2:16329724-21153113,11.1272241919345,11.1979935209623,7,1,4,0,7,1
H3K4me1_TDH_BP/samples/macrophage/ERS358691/problems/chr2:16329724-21153113,11.1979935209623,11.2156317642941,7,1,4,2,7,3
H3K4me1_TDH_BP/samples/macrophage/ERS358691/problems/chr2:16329724-21153113,11.2156317642941,11.2405452572323,7,0,4,2,7,2
H3K4me1_TDH_BP/samples/macrophage/ERS358691/problems/chr2:16329724-21153113,11.2405452572323,11.3171204530646,7,0,4,2,7,2
H3K4me1_TDH_BP/samples/macrophage/ERS358691/problems/chr2:16329724-21153113,11.3171204530646,11.6272772790244,7,0,4,2,7,2
H3K4me1_TDH_BP/samples/macrophage/ERS358691/problems/chr2:16329724-21153113,11.6272772790244,12.3885265253719,7,0,4,2,7,2
H3K4me1_TDH_BP/samples/macrophage/ERS358691/problems/chr2:16329724-21153113,12.3885265253719,14.1472905248462,7,0,4,2,7,2
H3K4me1_TDH_BP/samples/macrophage/ERS358691/problems/chr2:16329724-21153113,14.1472905248462,Inf,7,0,4,4,7,4
H3K4me1_TDH_BP/samples/macrophage/ERS358691/problems/chr3:60000-66170270,-Inf,2.38359583311908,11,11,4,0,11,11
H3K4me1_TDH_BP/samples/macrophage/ERS358691/problems/chr3:60000-66170270,2.38359583311908,7.89049321449882,11,11,4,0,11,11
H3K4me1_TDH_BP/samples/macrophage/ERS358691/problems/chr3:60000-66170270,7.89049321449882,9.5324583592031,11,11,4,0,11,11
H3K4me1_TDH_BP/samples/macrophage/ERS358691/problems/chr3:60000-66170270,9.5324583592031,10.3465862118711,11,3,4,0,11,3
H3K4me1_TDH_BP/samples/macrophage/ERS358691/problems/chr3:60000-66170270,10.3465862118711,10.7701876525736,11,1,4,0,11,1
H3K4me1_TDH_BP/samples/macrophage/ERS358691/problems/chr3:60000-66170270,10.7701876525736,10.8993202000796,11,1,4,0,11,1
H3K4me1_TDH_BP/samples/macrophage/ERS358691/problems/chr3:60000-66170270,10.8993202000796,10.9629500592326,11,1,4,0,11,1
H3K4me1_TDH_BP/samples/macrophage/ERS358691/problems/chr3:60000-66170270,10.9629500592326,10.9936742193836,11,1,4,0,11,1
H3K4me1_TDH_BP/samples/macrophage/ERS358691/problems/chr3:60000-66170270,10.9936742193836,11.0037643103758,11,1,4,0,11,1
H3K4me1_TDH_BP/samples/macrophage/ERS358691/problems/chr3:60000-66170270,11.0037643103758,11.0072706728827,11,1,4,0,11,1
H3K4me1_TDH_BP/samples/macrophage/ERS358691/problems/chr3:60000-66170270,11.0072706728827,11.0097268188899,11,0,4,0,11,0
H3K4me1_TDH_BP/samples/macrophage/ERS358691/problems/chr3:60000-66170270,11.0097268188899,11.0124120253099,11,0,4,0,11,0
H3K4me1_TDH_BP/samples/macrophage/ERS358691/problems/chr3:60000-66170270,11.0124120253099,11.0222460786145,11,0,4,0,11,0
H3K4me1_TDH_BP/samples/macrophage/ERS358691/problems/chr3:60000-66170270,11.0222460786145,11.2266389770762,11,0,4,0,11,0
H3K4me1_TDH_BP/samples/macrophage/ERS358691/problems/chr3:60000-66170270,11.2266389770762,11.5189169741514,11,0,4,0,11,0
H3K4me1_TDH_BP/samples/macrophage/ERS358691/problems/chr3:60000-66170270,11.5189169741514,11.6541511507458,11,0,4,0,11,0
H3K4me1_TDH_BP/samples/macrophage/ERS358691/problems/chr3:60000-66170270,11.6541511507458,11.7187796188851,11,0,4,0,11,0
H3K4me1_TDH_BP/samples/macrophage/ERS358691/problems/chr3:60000-66170270,11.7187796188851,11.7523835886091,11,0,4,0,11,0
H3K4me1_TDH_BP/samples/macrophage/ERS358691/problems/chr3:60000-66170270,11.7523835886091,11.7647013172153,11,0,4,0,11,0
H3K4me1_TDH_BP/samples/macrophage/ERS358691/problems/chr3:60000-66170270,11.7647013172153,11.769392444354,11,0,4,0,11,0
H3K4me1_TDH_BP/samples/macrophage/ERS358691/problems/chr3:60000-66170270,11.769392444354,11.7694717698079,11,0,4,0,11,0
H3K4me1_TDH_BP/samples/macrophage/ERS358691/problems/chr3:60000-66170270,11.7694717698079,11.7729718800673,11,0,4,2,11,2
H3K4me1_TDH_BP/samples/macrophage/ERS358691/problems/chr3:60000-66170270,11.7729718800673,11.775734041313,11,0,4,2,11,2
H3K4me1_TDH_BP/samples/macrophage/ERS358691/problems/chr3:60000-66170270,11.775734041313,11.9716503099035,11,0,4,2,11,2
H3K4me1_TDH_BP/samples/macrophage/ERS358691/problems/chr3:60000-66170270,11.9716503099035,12.5994639568189,11,0,4,2,11,2
H3K4me1_TDH_BP/samples/macrophage/ERS358691/problems/chr3:60000-66170270,12.5994639568189,14.6350168187176,11,0,4,4,11,4
H3K4me1_TDH_BP/samples/macrophage/ERS358691/problems/chr3:60000-66170270,14.6350168187176,Inf,11,0,4,4,11,4
H3K4me1_TDH_BP/samples/macrophage/ERS358691/problems/chr4:75452279-190000000,-Inf,2.51704002492031,11,11,1,0,11,11
H3K4me1_TDH_BP/samples/macrophage/ERS358691/problems/chr4:75452279-190000000,2.51704002492031,7.80796978532664,11,11,1,0,11,11
H3K4me1_TDH_BP/samples/macrophage/ERS358691/problems/chr4:75452279-190000000,7.80796978532664,9.34544546334433,11,11,1,0,11,11
H3K4me1_TDH_BP/samples/macrophage/ERS358691/problems/chr4:75452279-190000000,9.34544546334433,10.5628905896963,11,3,1,0,11,3
H3K4me1_TDH_BP/samples/macrophage/ERS358691/problems/chr4:75452279-190000000,10.5628905896963,10.5991563008052,11,2,1,0,11,2
H3K4me1_TDH_BP/samples/macrophage/ERS358691/problems/chr4:75452279-190000000,10.5991563008052,10.6182843649408,11,2,1,0,11,2
H3K4me1_TDH_BP/samples/macrophage/ERS358691/problems/chr4:75452279-190000000,10.6182843649408,10.629104917555,11,2,1,0,11,2
H3K4me1_TDH_BP/samples/macrophage/ERS358691/problems/chr4:75452279-190000000,10.629104917555,10.6313538479945,11,2,1,0,11,2
H3K4me1_TDH_BP/samples/macrophage/ERS358691/problems/chr4:75452279-190000000,10.6313538479945,10.6314316076991,11,2,1,0,11,2
H3K4me1_TDH_BP/samples/macrophage/ERS358691/problems/chr4:75452279-190000000,10.6314316076991,10.6334990124226,11,0,1,0,11,0
H3K4me1_TDH_BP/samples/macrophage/ERS358691/problems/chr4:75452279-190000000,10.6334990124226,10.635894941704,11,0,1,0,11,0
H3K4me1_TDH_BP/samples/macrophage/ERS358691/problems/chr4:75452279-190000000,10.635894941704,10.690862935686,11,0,1,0,11,0
H3K4me1_TDH_BP/samples/macrophage/ERS358691/problems/chr4:75452279-190000000,10.690862935686,10.8615357658619,11,0,1,0,11,0
H3K4me1_TDH_BP/samples/macrophage/ERS358691/problems/chr4:75452279-190000000,10.8615357658619,11.1988084426062,11,0,1,0,11,0
H3K4me1_TDH_BP/samples/macrophage/ERS358691/problems/chr4:75452279-190000000,11.1988084426062,11.9100081334319,11,0,1,0,11,0
H3K4me1_TDH_BP/samples/macrophage/ERS358691/problems/chr4:75452279-190000000,11.9100081334319,12.7283127485797,11,0,1,0,11,0
H3K4me1_TDH_BP/samples/macrophage/ERS358691/problems/chr4:75452279-190000000,12.7283127485797,13.2278750832235,11,0,1,0,11,0
H3K4me1_TDH_BP/samples/macrophage/ERS358691/problems/chr4:75452279-190000000,13.2278750832235,13.4958147111318,11,0,1,0,11,0
H3K4me1_TDH_BP/samples/macrophage/ERS358691/problems/chr4:75452279-190000000,13.4958147111318,13.6709759745103,11,0,1,0,11,0
H3K4me1_TDH_BP/samples/macrophage/ERS358691/problems/chr4:75452279-190000000,13.6709759745103,13.6905278321708,11,0,1,0,11,0
H3K4me1_TDH_BP/samples/macrophage/ERS358691/problems/chr4:75452279-190000000,13.6905278321708,13.6974075060962,11,0,1,0,11,0
H3K4me1_TDH_BP/samples/macrophage/ERS358691/problems/chr4:75452279-190000000,13.6974075060962,13.7093133012608,11,0,1,1,11,1
H3K4me1_TDH_BP/samples/macrophage/ERS358691/problems/chr4:75452279-190000000,13.7093133012608,13.7447042018174,11,0,1,1,11,1
H3K4me1_TDH_BP/samples/macrophage/ERS358691/problems/chr4:75452279-190000000,13.7447042018174,13.8374111312288,11,0,1,1,11,1
H3K4me1_TDH_BP/samples/macrophage/ERS358691/problems/chr4:75452279-190000000,13.8374111312288,15.1763790957221,11,0,1,1,11,1
H3K4me1_TDH_BP/samples/macrophage/ERS358691/problems/chr4:75452279-190000000,15.1763790957221,Inf,11,0,1,1,11,1
H3K4me1_TDH_BP/samples/macrophage/ERS358691/problems/chr5:91686128-138787073,-Inf,2.48052522760681,15,15,5,0,15,15
H3K4me1_TDH_BP/samples/macrophage/ERS358691/problems/chr5:91686128-138787073,2.48052522760681,7.81261549251423,15,15,5,0,15,15
H3K4me1_TDH_BP/samples/macrophage/ERS358691/problems/chr5:91686128-138787073,7.81261549251423,9.13674251242584,15,14,5,0,15,14
H3K4me1_TDH_BP/samples/macrophage/ERS358691/problems/chr5:91686128-138787073,9.13674251242584,9.67272686742567,15,4,5,0,15,4
H3K4me1_TDH_BP/samples/macrophage/ERS358691/problems/chr5:91686128-138787073,9.67272686742567,10.3122788866392,15,2,5,0,15,2
H3K4me1_TDH_BP/samples/macrophage/ERS358691/problems/chr5:91686128-138787073,10.3122788866392,10.9212789322616,15,1,5,0,15,1
H3K4me1_TDH_BP/samples/macrophage/ERS358691/problems/chr5:91686128-138787073,10.9212789322616,11.2270594753978,15,1,5,0,15,1
H3K4me1_TDH_BP/samples/macrophage/ERS358691/problems/chr5:91686128-138787073,11.2270594753978,11.4190619660002,15,1,5,0,15,1
H3K4me1_TDH_BP/samples/macrophage/ERS358691/problems/chr5:91686128-138787073,11.4190619660002,11.5038282772156,15,1,5,0,15,1
H3K4me1_TDH_BP/samples/macrophage/ERS358691/problems/chr5:91686128-138787073,11.5038282772156,11.5465472677555,15,1,5,0,15,1
H3K4me1_TDH_BP/samples/macrophage/ERS358691/problems/chr5:91686128-138787073,11.5465472677555,11.5674150095597,15,1,5,0,15,1
H3K4me1_TDH_BP/samples/macrophage/ERS358691/problems/chr5:91686128-138787073,11.5674150095597,11.5755417274517,15,1,5,0,15,1
H3K4me1_TDH_BP/samples/macrophage/ERS358691/problems/chr5:91686128-138787073,11.5755417274517,11.5781503570732,15,0,5,0,15,0
H3K4me1_TDH_BP/samples/macrophage/ERS358691/problems/chr5:91686128-138787073,11.5781503570732,11.5810431338724,15,0,5,0,15,0
H3K4me1_TDH_BP/samples/macrophage/ERS358691/problems/chr5:91686128-138787073,11.5810431338724,11.8077475926382,15,0,5,0,15,0
H3K4me1_TDH_BP/samples/macrophage/ERS358691/problems/chr5:91686128-138787073,11.8077475926382,12.1424953661052,15,0,5,0,15,0
H3K4me1_TDH_BP/samples/macrophage/ERS358691/problems/chr5:91686128-138787073,12.1424953661052,12.2000370863867,15,0,5,0,15,0
H3K4me1_TDH_BP/samples/macrophage/ERS358691/problems/chr5:91686128-138787073,12.2000370863867,12.2020167490961,15,0,5,2,15,2
H3K4me1_TDH_BP/samples/macrophage/ERS358691/problems/chr5:91686128-138787073,12.2020167490961,12.2093828634886,15,0,5,2,15,2
H3K4me1_TDH_BP/samples/macrophage/ERS358691/problems/chr5:91686128-138787073,12.2093828634886,12.2243376937739,15,0,5,2,15,2
H3K4me1_TDH_BP/samples/macrophage/ERS358691/problems/chr5:91686128-138787073,12.2243376937739,12.2454313835536,15,0,5,2,15,2
H3K4me1_TDH_BP/samples/macrophage/ERS358691/problems/chr5:91686128-138787073,12.2454313835536,12.2790643385699,15,0,5,2,15,2
H3K4me1_TDH_BP/samples/macrophage/ERS358691/problems/chr5:91686128-138787073,12.2790643385699,12.4292347426319,15,0,5,2,15,2
H3K4me1_TDH_BP/samples/macrophage/ERS358691/problems/chr5:91686128-138787073,12.4292347426319,13.9326908759744,15,0,5,4,15,4
H3K4me1_TDH_BP/samples/macrophage/ERS358691/problems/chr5:91686128-138787073,13.9326908759744,Inf,15,0,5,5,15,5
H3K4me1_TDH_BP/samples/macrophage/ERS358696/problems/chr1:149509645-205922707,-Inf,2.10724193498656,14,14,9,0,14,14
H3K4me1_TDH_BP/samples/macrophage/ERS358696/problems/chr1:149509645-205922707,2.10724193498656,7.08200599548088,14,14,9,0,14,14
H3K4me1_TDH_BP/samples/macrophage/ERS358696/problems/chr1:149509645-205922707,7.08200599548088,8.50998939134972,14,11,9,0,14,11
H3K4me1_TDH_BP/samples/macrophage/ERS358696/problems/chr1:149509645-205922707,8.50998939134972,8.88353841557281,14,8,9,0,14,8
H3K4me1_TDH_BP/samples/macrophage/ERS358696/problems/chr1:149509645-205922707,8.88353841557281,9.02923356088126,14,5,9,0,14,5
H3K4me1_TDH_BP/samples/macrophage/ERS358696/problems/chr1:149509645-205922707,9.02923356088126,9.11138616635047,14,2,9,0,14,2
H3K4me1_TDH_BP/samples/macrophage/ERS358696/problems/chr1:149509645-205922707,9.11138616635047,9.149400268199,14,2,9,0,14,2
H3K4me1_TDH_BP/samples/macrophage/ERS358696/problems/chr1:149509645-205922707,9.149400268199,9.16363220787229,14,1,9,0,14,1
H3K4me1_TDH_BP/samples/macrophage/ERS358696/problems/chr1:149509645-205922707,9.16363220787229,9.18710442713709,14,1,9,0,14,1
H3K4me1_TDH_BP/samples/macrophage/ERS358696/problems/chr1:149509645-205922707,9.18710442713709,9.23575848434539,14,1,9,0,14,1
H3K4me1_TDH_BP/samples/macrophage/ERS358696/problems/chr1:149509645-205922707,9.23575848434539,9.30466237843232,14,1,9,0,14,1
H3K4me1_TDH_BP/samples/macrophage/ERS358696/problems/chr1:149509645-205922707,9.30466237843232,9.3794503929889,14,1,9,0,14,1
H3K4me1_TDH_BP/samples/macrophage/ERS358696/problems/chr1:149509645-205922707,9.3794503929889,9.45729228076062,14,1,9,0,14,1
H3K4me1_TDH_BP/samples/macrophage/ERS358696/problems/chr1:149509645-205922707,9.45729228076062,9.53617766598363,14,1,9,0,14,1
H3K4me1_TDH_BP/samples/macrophage/ERS358696/problems/chr1:149509645-205922707,9.53617766598363,9.62135073074036,14,1,9,0,14,1
H3K4me1_TDH_BP/samples/macrophage/ERS358696/problems/chr1:149509645-205922707,9.62135073074036,9.69614773249316,14,1,9,0,14,1
H3K4me1_TDH_BP/samples/macrophage/ERS358696/problems/chr1:149509645-205922707,9.69614773249316,9.7304156834464,14,1,9,0,14,1
H3K4me1_TDH_BP/samples/macrophage/ERS358696/problems/chr1:149509645-205922707,9.7304156834464,9.73651450552116,14,1,9,0,14,1
H3K4me1_TDH_BP/samples/macrophage/ERS358696/problems/chr1:149509645-205922707,9.73651450552116,9.73676323041109,14,0,9,0,14,0
H3K4me1_TDH_BP/samples/macrophage/ERS358696/problems/chr1:149509645-205922707,9.73676323041109,9.73955952071832,14,0,9,0,14,0
H3K4me1_TDH_BP/samples/macrophage/ERS358696/problems/chr1:149509645-205922707,9.73955952071832,9.74139528150258,14,0,9,0,14,0
H3K4me1_TDH_BP/samples/macrophage/ERS358696/problems/chr1:149509645-205922707,9.74139528150258,9.74595587886919,14,0,9,0,14,0
H3K4me1_TDH_BP/samples/macrophage/ERS358696/problems/chr1:149509645-205922707,9.74595587886919,9.75550796864156,14,0,9,0,14,0
H3K4me1_TDH_BP/samples/macrophage/ERS358696/problems/chr1:149509645-205922707,9.75550796864156,9.76095697644908,14,0,9,0,14,0
H3K4me1_TDH_BP/samples/macrophage/ERS358696/problems/chr1:149509645-205922707,9.76095697644908,9.76129471827122,14,0,9,0,14,0
H3K4me1_TDH_BP/samples/macrophage/ERS358696/problems/chr1:149509645-205922707,9.76129471827122,9.76136583823938,14,0,9,2,14,2
H3K4me1_TDH_BP/samples/macrophage/ERS358696/problems/chr1:149509645-205922707,9.76136583823938,9.76197983026057,14,0,9,2,14,2
H3K4me1_TDH_BP/samples/macrophage/ERS358696/problems/chr1:149509645-205922707,9.76197983026057,9.76465347542626,14,0,9,2,14,2
H3K4me1_TDH_BP/samples/macrophage/ERS358696/problems/chr1:149509645-205922707,9.76465347542626,9.77085187011605,14,0,9,2,14,2
H3K4me1_TDH_BP/samples/macrophage/ERS358696/problems/chr1:149509645-205922707,9.77085187011605,9.83063531126454,14,0,9,2,14,2
H3K4me1_TDH_BP/samples/macrophage/ERS358696/problems/chr1:149509645-205922707,9.83063531126454,10.2664498357477,14,0,9,2,14,2
H3K4me1_TDH_BP/samples/macrophage/ERS358696/problems/chr1:149509645-205922707,10.2664498357477,11.1908672955447,14,0,9,2,14,2
H3K4me1_TDH_BP/samples/macrophage/ERS358696/problems/chr1:149509645-205922707,11.1908672955447,13.1452040305831,14,0,9,8,14,8
H3K4me1_TDH_BP/samples/macrophage/ERS358696/problems/chr1:149509645-205922707,13.1452040305831,Inf,14,0,9,9,14,9
H3K4me1_TDH_BP/samples/macrophage/ERS358696/problems/chr2:162200000-234003741,-Inf,2.151321725367,8,8,4,0,8,8
H3K4me1_TDH_BP/samples/macrophage/ERS358696/problems/chr2:162200000-234003741,2.151321725367,6.93318741968073,8,8,4,0,8,8
H3K4me1_TDH_BP/samples/macrophage/ERS358696/problems/chr2:162200000-234003741,6.93318741968073,8.27789864702404,8,8,4,0,8,8
H3K4me1_TDH_BP/samples/macrophage/ERS358696/problems/chr2:162200000-234003741,8.27789864702404,8.87722396454887,8,5,4,0,8,5
H3K4me1_TDH_BP/samples/macrophage/ERS358696/problems/chr2:162200000-234003741,8.87722396454887,9.76853701872039,8,4,4,0,8,4
H3K4me1_TDH_BP/samples/macrophage/ERS358696/problems/chr2:162200000-234003741,9.76853701872039,10.2242905371772,8,2,4,0,8,2
H3K4me1_TDH_BP/samples/macrophage/ERS358696/problems/chr2:162200000-234003741,10.2242905371772,10.2443642242886,8,2,4,0,8,2
H3K4me1_TDH_BP/samples/macrophage/ERS358696/problems/chr2:162200000-234003741,10.2443642242886,10.2532220481166,8,2,4,0,8,2
H3K4me1_TDH_BP/samples/macrophage/ERS358696/problems/chr2:162200000-234003741,10.2532220481166,10.2547525971338,8,2,4,0,8,2
H3K4me1_TDH_BP/samples/macrophage/ERS358696/problems/chr2:162200000-234003741,10.2547525971338,10.2547774741512,8,0,4,0,8,0
H3K4me1_TDH_BP/samples/macrophage/ERS358696/problems/chr2:162200000-234003741,10.2547774741512,10.2549101781032,8,0,4,0,8,0
H3K4me1_TDH_BP/samples/macrophage/ERS358696/problems/chr2:162200000-234003741,10.2549101781032,10.257090773692,8,0,4,0,8,0
H3K4me1_TDH_BP/samples/macrophage/ERS358696/problems/chr2:162200000-234003741,10.257090773692,10.2622167079377,8,0,4,0,8,0
H3K4me1_TDH_BP/samples/macrophage/ERS358696/problems/chr2:162200000-234003741,10.2622167079377,10.2892447768496,8,0,4,0,8,0
H3K4me1_TDH_BP/samples/macrophage/ERS358696/problems/chr2:162200000-234003741,10.2892447768496,10.3745371864265,8,0,4,0,8,0
H3K4me1_TDH_BP/samples/macrophage/ERS358696/problems/chr2:162200000-234003741,10.3745371864265,10.5661831617851,8,0,4,0,8,0
H3K4me1_TDH_BP/samples/macrophage/ERS358696/problems/chr2:162200000-234003741,10.5661831617851,10.9786128709478,8,0,4,0,8,0
H3K4me1_TDH_BP/samples/macrophage/ERS358696/problems/chr2:162200000-234003741,10.9786128709478,11.2304262636983,8,0,4,0,8,0
H3K4me1_TDH_BP/samples/macrophage/ERS358696/problems/chr2:162200000-234003741,11.2304262636983,11.2390828243586,8,0,4,0,8,0
H3K4me1_TDH_BP/samples/macrophage/ERS358696/problems/chr2:162200000-234003741,11.2390828243586,11.2419063408569,8,0,4,0,8,0
H3K4me1_TDH_BP/samples/macrophage/ERS358696/problems/chr2:162200000-234003741,11.2419063408569,11.2431994751234,8,0,4,0,8,0
H3K4me1_TDH_BP/samples/macrophage/ERS358696/problems/chr2:162200000-234003741,11.2431994751234,11.2436755819386,8,0,4,0,8,0
H3K4me1_TDH_BP/samples/macrophage/ERS358696/problems/chr2:162200000-234003741,11.2436755819386,11.2530972516264,8,0,4,2,8,2
H3K4me1_TDH_BP/samples/macrophage/ERS358696/problems/chr2:162200000-234003741,11.2530972516264,11.2821731398922,8,0,4,2,8,2
H3K4me1_TDH_BP/samples/macrophage/ERS358696/problems/chr2:162200000-234003741,11.2821731398922,11.3335228843761,8,0,4,2,8,2
H3K4me1_TDH_BP/samples/macrophage/ERS358696/problems/chr2:162200000-234003741,11.3335228843761,11.4457894986078,8,0,4,2,8,2
H3K4me1_TDH_BP/samples/macrophage/ERS358696/problems/chr2:162200000-234003741,11.4457894986078,11.678438114643,8,0,4,2,8,2
H3K4me1_TDH_BP/samples/macrophage/ERS358696/problems/chr2:162200000-234003741,11.678438114643,12.2210921549023,8,0,4,2,8,2
H3K4me1_TDH_BP/samples/macrophage/ERS358696/problems/chr2:162200000-234003741,12.2210921549023,13.9283408648856,8,0,4,4,8,4
H3K4me1_TDH_BP/samples/macrophage/ERS358696/problems/chr2:162200000-234003741,13.9283408648856,Inf,8,0,4,4,8,4
H3K4me1_TDH_BP/samples/macrophage/ERS358696/problems/chr2:16329724-21153113,-Inf,2.19207797186243,7,7,4,0,7,7
H3K4me1_TDH_BP/samples/macrophage/ERS358696/problems/chr2:16329724-21153113,2.19207797186243,6.87888054017275,7,7,4,0,7,7
H3K4me1_TDH_BP/samples/macrophage/ERS358696/problems/chr2:16329724-21153113,6.87888054017275,8.20092529255845,7,7,4,0,7,7
H3K4me1_TDH_BP/samples/macrophage/ERS358696/problems/chr2:16329724-21153113,8.20092529255845,8.78373247949129,7,5,4,0,7,5
H3K4me1_TDH_BP/samples/macrophage/ERS358696/problems/chr2:16329724-21153113,8.78373247949129,9.40526840734367,7,4,4,0,7,4
H3K4me1_TDH_BP/samples/macrophage/ERS358696/problems/chr2:16329724-21153113,9.40526840734367,9.59961501296626,7,3,4,0,7,3
H3K4me1_TDH_BP/samples/macrophage/ERS358696/problems/chr2:16329724-21153113,9.59961501296626,9.63190285154733,7,3,4,0,7,3
H3K4me1_TDH_BP/samples/macrophage/ERS358696/problems/chr2:16329724-21153113,9.63190285154733,9.66395844619204,7,3,4,0,7,3
H3K4me1_TDH_BP/samples/macrophage/ERS358696/problems/chr2:16329724-21153113,9.66395844619204,9.70060683299698,7,2,4,0,7,2
H3K4me1_TDH_BP/samples/macrophage/ERS358696/problems/chr2:16329724-21153113,9.70060683299698,9.7372995243202,7,4,4,2,7,6
H3K4me1_TDH_BP/samples/macrophage/ERS358696/problems/chr2:16329724-21153113,9.7372995243202,9.76010361414714,7,4,4,2,7,6
H3K4me1_TDH_BP/samples/macrophage/ERS358696/problems/chr2:16329724-21153113,9.76010361414714,9.86138974950257,7,2,4,2,7,4
H3K4me1_TDH_BP/samples/macrophage/ERS358696/problems/chr2:16329724-21153113,9.86138974950257,10.1989595453966,7,2,4,2,7,4
H3K4me1_TDH_BP/samples/macrophage/ERS358696/problems/chr2:16329724-21153113,10.1989595453966,10.4491609646606,7,1,4,2,7,3
H3K4me1_TDH_BP/samples/macrophage/ERS358696/problems/chr2:16329724-21153113,10.4491609646606,10.5625643264057,7,1,4,2,7,3
H3K4me1_TDH_BP/samples/macrophage/ERS358696/problems/chr2:16329724-21153113,10.5625643264057,10.5718478734286,7,0,4,2,7,2
H3K4me1_TDH_BP/samples/macrophage/ERS358696/problems/chr2:16329724-21153113,10.5718478734286,10.7418036891949,7,0,4,2,7,2
H3K4me1_TDH_BP/samples/macrophage/ERS358696/problems/chr2:16329724-21153113,10.7418036891949,10.9324706668199,7,0,4,2,7,2
H3K4me1_TDH_BP/samples/macrophage/ERS358696/problems/chr2:16329724-21153113,10.9324706668199,11.1792280881951,7,0,4,2,7,2
H3K4me1_TDH_BP/samples/macrophage/ERS358696/problems/chr2:16329724-21153113,11.1792280881951,11.4645064338526,7,0,4,2,7,2
H3K4me1_TDH_BP/samples/macrophage/ERS358696/problems/chr2:16329724-21153113,11.4645064338526,11.7006895570597,7,0,4,2,7,2
H3K4me1_TDH_BP/samples/macrophage/ERS358696/problems/chr2:16329724-21153113,11.7006895570597,11.8048304862916,7,0,4,2,7,2
H3K4me1_TDH_BP/samples/macrophage/ERS358696/problems/chr2:16329724-21153113,11.8048304862916,11.9687188809691,7,0,4,2,7,2
H3K4me1_TDH_BP/samples/macrophage/ERS358696/problems/chr2:16329724-21153113,11.9687188809691,12.3594622380833,7,0,4,2,7,2
H3K4me1_TDH_BP/samples/macrophage/ERS358696/problems/chr2:16329724-21153113,12.3594622380833,12.483991441562,7,0,4,2,7,2
H3K4me1_TDH_BP/samples/macrophage/ERS358696/problems/chr2:16329724-21153113,12.483991441562,12.489820030371,7,0,4,4,7,4
H3K4me1_TDH_BP/samples/macrophage/ERS358696/problems/chr2:16329724-21153113,12.489820030371,12.5528258113951,7,0,4,4,7,4
H3K4me1_TDH_BP/samples/macrophage/ERS358696/problems/chr2:16329724-21153113,12.5528258113951,12.7644363365328,7,0,4,4,7,4
H3K4me1_TDH_BP/samples/macrophage/ERS358696/problems/chr2:16329724-21153113,12.7644363365328,13.1577164739772,7,0,4,4,7,4
H3K4me1_TDH_BP/samples/macrophage/ERS358696/problems/chr2:16329724-21153113,13.1577164739772,14.3376336292201,7,0,4,4,7,4
H3K4me1_TDH_BP/samples/macrophage/ERS358696/problems/chr2:16329724-21153113,14.3376336292201,Inf,7,0,4,4,7,4
H3K4me1_TDH_BP/samples/macrophage/ERS358696/problems/chr3:60000-66170270,-Inf,2.12318904517217,11,11,4,0,11,11
H3K4me1_TDH_BP/samples/macrophage/ERS358696/problems/chr3:60000-66170270,2.12318904517217,7.05292455038136,11,11,4,0,11,11
H3K4me1_TDH_BP/samples/macrophage/ERS358696/problems/chr3:60000-66170270,7.05292455038136,8.4656519586635,11,11,4,0,11,11
H3K4me1_TDH_BP/samples/macrophage/ERS358696/problems/chr3:60000-66170270,8.4656519586635,8.93302704930553,11,11,4,0,11,11
H3K4me1_TDH_BP/samples/macrophage/ERS358696/problems/chr3:60000-66170270,8.93302704930553,9.28520569239191,11,9,4,0,11,9
H3K4me1_TDH_BP/samples/macrophage/ERS358696/problems/chr3:60000-66170270,9.28520569239191,9.4601757669588,11,8,4,0,11,8
H3K4me1_TDH_BP/samples/macrophage/ERS358696/problems/chr3:60000-66170270,9.4601757669588,9.5011921212058,11,7,4,0,11,7
H3K4me1_TDH_BP/samples/macrophage/ERS358696/problems/chr3:60000-66170270,9.5011921212058,9.56868793062072,11,7,4,2,11,9
H3K4me1_TDH_BP/samples/macrophage/ERS358696/problems/chr3:60000-66170270,9.56868793062072,9.71114846140476,11,7,4,2,11,9
H3K4me1_TDH_BP/samples/macrophage/ERS358696/problems/chr3:60000-66170270,9.71114846140476,10.0012914735298,11,7,4,2,11,9
H3K4me1_TDH_BP/samples/macrophage/ERS358696/problems/chr3:60000-66170270,10.0012914735298,10.259615908641,11,3,4,2,11,5
H3K4me1_TDH_BP/samples/macrophage/ERS358696/problems/chr3:60000-66170270,10.259615908641,10.3449687912168,11,3,4,2,11,5
H3K4me1_TDH_BP/samples/macrophage/ERS358696/problems/chr3:60000-66170270,10.3449687912168,10.3709430618304,11,3,4,2,11,5
H3K4me1_TDH_BP/samples/macrophage/ERS358696/problems/chr3:60000-66170270,10.3709430618304,10.3732620069268,11,3,4,2,11,5
H3K4me1_TDH_BP/samples/macrophage/ERS358696/problems/chr3:60000-66170270,10.3732620069268,10.3743861074682,11,3,4,2,11,5
H3K4me1_TDH_BP/samples/macrophage/ERS358696/problems/chr3:60000-66170270,10.3743861074682,10.374960056828,11,0,4,2,11,2
H3K4me1_TDH_BP/samples/macrophage/ERS358696/problems/chr3:60000-66170270,10.374960056828,10.3766888911551,11,0,4,2,11,2
H3K4me1_TDH_BP/samples/macrophage/ERS358696/problems/chr3:60000-66170270,10.3766888911551,10.384185736766,11,0,4,2,11,2
H3K4me1_TDH_BP/samples/macrophage/ERS358696/problems/chr3:60000-66170270,10.384185736766,10.4021435793569,11,0,4,2,11,2
H3K4me1_TDH_BP/samples/macrophage/ERS358696/problems/chr3:60000-66170270,10.4021435793569,10.530013884185,11,0,4,2,11,2
H3K4me1_TDH_BP/samples/macrophage/ERS358696/problems/chr3:60000-66170270,10.530013884185,10.7062010893484,11,0,4,2,11,2
H3K4me1_TDH_BP/samples/macrophage/ERS358696/problems/chr3:60000-66170270,10.7062010893484,10.8283726567033,11,0,4,2,11,2
H3K4me1_TDH_BP/samples/macrophage/ERS358696/problems/chr3:60000-66170270,10.8283726567033,10.9502853636349,11,0,4,2,11,2
H3K4me1_TDH_BP/samples/macrophage/ERS358696/problems/chr3:60000-66170270,10.9502853636349,11.0814618916354,11,0,4,2,11,2
H3K4me1_TDH_BP/samples/macrophage/ERS358696/problems/chr3:60000-66170270,11.0814618916354,11.2145553908063,11,0,4,2,11,2
H3K4me1_TDH_BP/samples/macrophage/ERS358696/problems/chr3:60000-66170270,11.2145553908063,11.3508965965113,11,0,4,2,11,2
H3K4me1_TDH_BP/samples/macrophage/ERS358696/problems/chr3:60000-66170270,11.3508965965113,11.4946466223527,11,0,4,2,11,2
H3K4me1_TDH_BP/samples/macrophage/ERS358696/problems/chr3:60000-66170270,11.4946466223527,11.6217444050764,11,0,4,2,11,2
H3K4me1_TDH_BP/samples/macrophage/ERS358696/problems/chr3:60000-66170270,11.6217444050764,11.739698337045,11,0,4,2,11,2
H3K4me1_TDH_BP/samples/macrophage/ERS358696/problems/chr3:60000-66170270,11.739698337045,11.8975764768989,11,0,4,2,11,2
H3K4me1_TDH_BP/samples/macrophage/ERS358696/problems/chr3:60000-66170270,11.8975764768989,11.9993638442264,11,0,4,2,11,2
H3K4me1_TDH_BP/samples/macrophage/ERS358696/problems/chr3:60000-66170270,11.9993638442264,12.0901507359818,11,0,4,2,11,2
H3K4me1_TDH_BP/samples/macrophage/ERS358696/problems/chr3:60000-66170270,12.0901507359818,12.2105932737447,11,0,4,2,11,2
H3K4me1_TDH_BP/samples/macrophage/ERS358696/problems/chr3:60000-66170270,12.2105932737447,12.3078255258374,11,0,4,2,11,2
H3K4me1_TDH_BP/samples/macrophage/ERS358696/problems/chr3:60000-66170270,12.3078255258374,12.3161179105039,11,0,4,2,11,2
H3K4me1_TDH_BP/samples/macrophage/ERS358696/problems/chr3:60000-66170270,12.3161179105039,12.3188790087143,11,0,4,4,11,4
H3K4me1_TDH_BP/samples/macrophage/ERS358696/problems/chr3:60000-66170270,12.3188790087143,12.3244280912623,11,0,4,4,11,4
H3K4me1_TDH_BP/samples/macrophage/ERS358696/problems/chr3:60000-66170270,12.3244280912623,12.3490537945048,11,0,4,4,11,4
H3K4me1_TDH_BP/samples/macrophage/ERS358696/problems/chr3:60000-66170270,12.3490537945048,12.4143291848024,11,0,4,4,11,4
H3K4me1_TDH_BP/samples/macrophage/ERS358696/problems/chr3:60000-66170270,12.4143291848024,12.5605495829347,11,0,4,4,11,4
H3K4me1_TDH_BP/samples/macrophage/ERS358696/problems/chr3:60000-66170270,12.5605495829347,12.8804675734371,11,0,4,4,11,4
H3K4me1_TDH_BP/samples/macrophage/ERS358696/problems/chr3:60000-66170270,12.8804675734371,14.4254004133786,11,0,4,4,11,4
H3K4me1_TDH_BP/samples/macrophage/ERS358696/problems/chr3:60000-66170270,14.4254004133786,Inf,11,0,4,4,11,4
H3K4me1_TDH_BP/samples/macrophage/ERS358696/problems/chr4:75452279-190000000,-Inf,2.20437999498758,11,11,1,0,11,11
H3K4me1_TDH_BP/samples/macrophage/ERS358696/problems/chr4:75452279-190000000,2.20437999498758,6.85857814692437,11,11,1,0,11,11
H3K4me1_TDH_BP/samples/macrophage/ERS358696/problems/chr4:75452279-190000000,6.85857814692437,8.4026613734231,11,11,1,0,11,11
H3K4me1_TDH_BP/samples/macrophage/ERS358696/problems/chr4:75452279-190000000,8.4026613734231,9.3487961184895,11,9,1,0,11,9
H3K4me1_TDH_BP/samples/macrophage/ERS358696/problems/chr4:75452279-190000000,9.3487961184895,9.93298868020975,11,9,1,0,11,9
H3K4me1_TDH_BP/samples/macrophage/ERS358696/problems/chr4:75452279-190000000,9.93298868020975,10.2253822754445,11,1,1,0,11,1
H3K4me1_TDH_BP/samples/macrophage/ERS358696/problems/chr4:75452279-190000000,10.2253822754445,10.2946027239286,11,1,1,0,11,1
H3K4me1_TDH_BP/samples/macrophage/ERS358696/problems/chr4:75452279-190000000,10.2946027239286,10.3039677338524,11,1,1,0,11,1
H3K4me1_TDH_BP/samples/macrophage/ERS358696/problems/chr4:75452279-190000000,10.3039677338524,10.304057560834,11,0,1,0,11,0
H3K4me1_TDH_BP/samples/macrophage/ERS358696/problems/chr4:75452279-190000000,10.304057560834,10.3056880974854,11,0,1,0,11,0
H3K4me1_TDH_BP/samples/macrophage/ERS358696/problems/chr4:75452279-190000000,10.3056880974854,10.3073306677815,11,0,1,0,11,0
H3K4me1_TDH_BP/samples/macrophage/ERS358696/problems/chr4:75452279-190000000,10.3073306677815,10.3148835795894,11,0,1,0,11,0
H3K4me1_TDH_BP/samples/macrophage/ERS358696/problems/chr4:75452279-190000000,10.3148835795894,10.3320082659357,11,0,1,0,11,0
H3K4me1_TDH_BP/samples/macrophage/ERS358696/problems/chr4:75452279-190000000,10.3320082659357,10.382424674144,11,0,1,0,11,0
H3K4me1_TDH_BP/samples/macrophage/ERS358696/problems/chr4:75452279-190000000,10.382424674144,10.557369876109,11,0,1,0,11,0
H3K4me1_TDH_BP/samples/macrophage/ERS358696/problems/chr4:75452279-190000000,10.557369876109,11.4026684386682,11,0,1,0,11,0
H3K4me1_TDH_BP/samples/macrophage/ERS358696/problems/chr4:75452279-190000000,11.4026684386682,12.3972259800969,11,0,1,0,11,0
H3K4me1_TDH_BP/samples/macrophage/ERS358696/problems/chr4:75452279-190000000,12.3972259800969,12.5825750003877,11,0,1,0,11,0
H3K4me1_TDH_BP/samples/macrophage/ERS358696/problems/chr4:75452279-190000000,12.5825750003877,12.658893769097,11,0,1,0,11,0
H3K4me1_TDH_BP/samples/macrophage/ERS358696/problems/chr4:75452279-190000000,12.658893769097,12.7164556400953,11,0,1,0,11,0
H3K4me1_TDH_BP/samples/macrophage/ERS358696/problems/chr4:75452279-190000000,12.7164556400953,12.7513340729588,11,0,1,0,11,0
H3K4me1_TDH_BP/samples/macrophage/ERS358696/problems/chr4:75452279-190000000,12.7513340729588,12.7706663021224,11,0,1,0,11,0
H3K4me1_TDH_BP/samples/macrophage/ERS358696/problems/chr4:75452279-190000000,12.7706663021224,12.7771637506577,11,0,1,1,11,1
H3K4me1_TDH_BP/samples/macrophage/ERS358696/problems/chr4:75452279-190000000,12.7771637506577,13.1592157503102,11,0,1,1,11,1
H3K4me1_TDH_BP/samples/macrophage/ERS358696/problems/chr4:75452279-190000000,13.1592157503102,14.5501862047695,11,0,1,1,11,1
H3K4me1_TDH_BP/samples/macrophage/ERS358696/problems/chr4:75452279-190000000,14.5501862047695,Inf,11,0,1,1,11,1
H3K4me1_TDH_BP/samples/macrophage/ERS358696/problems/chr5:91686128-138787073,-Inf,2.18314396155134,15,15,5,0,15,15
H3K4me1_TDH_BP/samples/macrophage/ERS358696/problems/chr5:91686128-138787073,2.18314396155134,6.87979682109355,15,15,5,0,15,15
H3K4me1_TDH_BP/samples/macrophage/ERS358696/problems/chr5:91686128-138787073,6.87979682109355,8.19173910533151,15,15,5,0,15,15
H3K4me1_TDH_BP/samples/macrophage/ERS358696/problems/chr5:91686128-138787073,8.19173910533151,8.75442388926652,15,11,5,0,15,11
H3K4me1_TDH_BP/samples/macrophage/ERS358696/problems/chr5:91686128-138787073,8.75442388926652,9.49531347632874,15,5,5,0,15,5
H3K4me1_TDH_BP/samples/macrophage/ERS358696/problems/chr5:91686128-138787073,9.49531347632874,10.0976223343238,15,2,5,0,15,2
H3K4me1_TDH_BP/samples/macrophage/ERS358696/problems/chr5:91686128-138787073,10.0976223343238,10.4373913279309,15,2,5,0,15,2
H3K4me1_TDH_BP/samples/macrophage/ERS358696/problems/chr5:91686128-138787073,10.4373913279309,10.6491797790675,15,1,5,0,15,1
H3K4me1_TDH_BP/samples/macrophage/ERS358696/problems/chr5:91686128-138787073,10.6491797790675,10.7291199991526,15,1,5,0,15,1
H3K4me1_TDH_BP/samples/macrophage/ERS358696/problems/chr5:91686128-138787073,10.7291199991526,10.7348673472389,15,1,5,0,15,1
H3K4me1_TDH_BP/samples/macrophage/ERS358696/problems/chr5:91686128-138787073,10.7348673472389,10.7364934937626,15,1,5,0,15,1
H3K4me1_TDH_BP/samples/macrophage/ERS358696/problems/chr5:91686128-138787073,10.7364934937626,10.7370009226819,15,0,5,0,15,0
H3K4me1_TDH_BP/samples/macrophage/ERS358696/problems/chr5:91686128-138787073,10.7370009226819,10.7376314730228,15,0,5,0,15,0
H3K4me1_TDH_BP/samples/macrophage/ERS358696/problems/chr5:91686128-138787073,10.7376314730228,10.7490202642468,15,0,5,0,15,0
H3K4me1_TDH_BP/samples/macrophage/ERS358696/problems/chr5:91686128-138787073,10.7490202642468,10.7821458307953,15,0,5,0,15,0
H3K4me1_TDH_BP/samples/macrophage/ERS358696/problems/chr5:91686128-138787073,10.7821458307953,10.8486256506092,15,0,5,0,15,0
H3K4me1_TDH_BP/samples/macrophage/ERS358696/problems/chr5:91686128-138787073,10.8486256506092,11.1956136007362,15,0,5,0,15,0
H3K4me1_TDH_BP/samples/macrophage/ERS358696/problems/chr5:91686128-138787073,11.1956136007362,11.5894717479555,15,0,5,0,15,0
H3K4me1_TDH_BP/samples/macrophage/ERS358696/problems/chr5:91686128-138787073,11.5894717479555,11.6490941942892,15,0,5,0,15,0
H3K4me1_TDH_BP/samples/macrophage/ERS358696/problems/chr5:91686128-138787073,11.6490941942892,11.6629622902783,15,0,5,0,15,0
H3K4me1_TDH_BP/samples/macrophage/ERS358696/problems/chr5:91686128-138787073,11.6629622902783,11.6818953541313,15,0,5,0,15,0
H3K4me1_TDH_BP/samples/macrophage/ERS358696/problems/chr5:91686128-138787073,11.6818953541313,11.6848632949299,15,0,5,0,15,0
H3K4me1_TDH_BP/samples/macrophage/ERS358696/problems/chr5:91686128-138787073,11.6848632949299,11.6978521843752,15,0,5,2,15,2
H3K4me1_TDH_BP/samples/macrophage/ERS358696/problems/chr5:91686128-138787073,11.6978521843752,11.8262923042621,15,0,5,2,15,2
H3K4me1_TDH_BP/samples/macrophage/ERS358696/problems/chr5:91686128-138787073,11.8262923042621,12.1050098768315,15,0,5,2,15,2
H3K4me1_TDH_BP/samples/macrophage/ERS358696/problems/chr5:91686128-138787073,12.1050098768315,13.4851756137728,15,0,5,4,15,4
H3K4me1_TDH_BP/samples/macrophage/ERS358696/problems/chr5:91686128-138787073,13.4851756137728,Inf,15,0,5,5,15,5
H3K4me1_TDH_BP/samples/macrophage/ERS422247/problems/chr1:149509645-205922707,-Inf,2.21031641060852,14,14,9,0,14,14
H3K4me1_TDH_BP/samples/macrophage/ERS422247/problems/chr1:149509645-205922707,2.21031641060852,5.87407260871297,14,14,9,0,14,14
H3K4me1_TDH_BP/samples/macrophage/ERS422247/problems/chr1:149509645-205922707,5.87407260871297,7.2173518693855,14,12,9,0,14,12
H3K4me1_TDH_BP/samples/macrophage/ERS422247/problems/chr1:149509645-205922707,7.2173518693855,8.0768860193284,14,9,9,0,14,9
H3K4me1_TDH_BP/samples/macrophage/ERS422247/problems/chr1:149509645-205922707,8.0768860193284,8.53756393129671,14,8,9,0,14,8
H3K4me1_TDH_BP/samples/macrophage/ERS422247/problems/chr1:149509645-205922707,8.53756393129671,8.82754752158203,14,4,9,0,14,4
H3K4me1_TDH_BP/samples/macrophage/ERS422247/problems/chr1:149509645-205922707,8.82754752158203,9.08938354827107,14,3,9,0,14,3
H3K4me1_TDH_BP/samples/macrophage/ERS422247/problems/chr1:149509645-205922707,9.08938354827107,9.2716689498739,14,1,9,0,14,1
H3K4me1_TDH_BP/samples/macrophage/ERS422247/problems/chr1:149509645-205922707,9.2716689498739,9.30412075377014,14,1,9,0,14,1
H3K4me1_TDH_BP/samples/macrophage/ERS422247/problems/chr1:149509645-205922707,9.30412075377014,9.31631562781017,14,1,9,0,14,1
H3K4me1_TDH_BP/samples/macrophage/ERS422247/problems/chr1:149509645-205922707,9.31631562781017,9.31974120930133,14,1,9,0,14,1
H3K4me1_TDH_BP/samples/macrophage/ERS422247/problems/chr1:149509645-205922707,9.31974120930133,9.32011462921361,14,1,9,0,14,1
H3K4me1_TDH_BP/samples/macrophage/ERS422247/problems/chr1:149509645-205922707,9.32011462921361,9.32011584907137,14,1,9,0,14,1
H3K4me1_TDH_BP/samples/macrophage/ERS422247/problems/chr1:149509645-205922707,9.32011584907137,9.32063880812183,14,0,9,0,14,0
H3K4me1_TDH_BP/samples/macrophage/ERS422247/problems/chr1:149509645-205922707,9.32063880812183,9.32220010753548,14,0,9,0,14,0
H3K4me1_TDH_BP/samples/macrophage/ERS422247/problems/chr1:149509645-205922707,9.32220010753548,9.32607617916394,14,0,9,0,14,0
H3K4me1_TDH_BP/samples/macrophage/ERS422247/problems/chr1:149509645-205922707,9.32607617916394,9.36909977972205,14,0,9,0,14,0
H3K4me1_TDH_BP/samples/macrophage/ERS422247/problems/chr1:149509645-205922707,9.36909977972205,9.4833794986037,14,0,9,0,14,0
H3K4me1_TDH_BP/samples/macrophage/ERS422247/problems/chr1:149509645-205922707,9.4833794986037,9.60808143871469,14,0,9,0,14,0
H3K4me1_TDH_BP/samples/macrophage/ERS422247/problems/chr1:149509645-205922707,9.60808143871469,9.66738001657963,14,0,9,0,14,0
H3K4me1_TDH_BP/samples/macrophage/ERS422247/problems/chr1:149509645-205922707,9.66738001657963,9.68016262702432,14,0,9,0,14,0
H3K4me1_TDH_BP/samples/macrophage/ERS422247/problems/chr1:149509645-205922707,9.68016262702432,9.68114910035451,14,0,9,0,14,0
H3K4me1_TDH_BP/samples/macrophage/ERS422247/problems/chr1:149509645-205922707,9.68114910035451,9.68137939739124,14,0,9,0,14,0
H3K4me1_TDH_BP/samples/macrophage/ERS422247/problems/chr1:149509645-205922707,9.68137939739124,9.68183200116478,14,0,9,2,14,2
H3K4me1_TDH_BP/samples/macrophage/ERS422247/problems/chr1:149509645-205922707,9.68183200116478,9.68233412307255,14,0,9,2,14,2
H3K4me1_TDH_BP/samples/macrophage/ERS422247/problems/chr1:149509645-205922707,9.68233412307255,9.68511934308119,14,0,9,2,14,2
H3K4me1_TDH_BP/samples/macrophage/ERS422247/problems/chr1:149509645-205922707,9.68511934308119,9.69351743622487,14,0,9,2,14,2
H3K4me1_TDH_BP/samples/macrophage/ERS422247/problems/chr1:149509645-205922707,9.69351743622487,9.72572464541568,14,0,9,2,14,2
H3K4me1_TDH_BP/samples/macrophage/ERS422247/problems/chr1:149509645-205922707,9.72572464541568,9.84183738710077,14,0,9,2,14,2
H3K4me1_TDH_BP/samples/macrophage/ERS422247/problems/chr1:149509645-205922707,9.84183738710077,10.3627835987918,14,0,9,2,14,2
H3K4me1_TDH_BP/samples/macrophage/ERS422247/problems/chr1:149509645-205922707,10.3627835987918,12.0885607765038,14,0,9,2,14,2
H3K4me1_TDH_BP/samples/macrophage/ERS422247/problems/chr1:149509645-205922707,12.0885607765038,Inf,14,0,9,9,14,9
H3K4me1_TDH_BP/samples/macrophage/ERS422247/problems/chr2:162200000-234003741,-Inf,2.19602722995893,8,8,4,0,8,8
H3K4me1_TDH_BP/samples/macrophage/ERS422247/problems/chr2:162200000-234003741,2.19602722995893,6.37769906922909,8,8,4,0,8,8
H3K4me1_TDH_BP/samples/macrophage/ERS422247/problems/chr2:162200000-234003741,6.37769906922909,8.12688902359576,8,8,4,0,8,8
H3K4me1_TDH_BP/samples/macrophage/ERS422247/problems/chr2:162200000-234003741,8.12688902359576,9.04774488688058,8,7,4,0,8,7
H3K4me1_TDH_BP/samples/macrophage/ERS422247/problems/chr2:162200000-234003741,9.04774488688058,9.54753563361296,8,2,4,0,8,2
H3K4me1_TDH_BP/samples/macrophage/ERS422247/problems/chr2:162200000-234003741,9.54753563361296,9.86222864585753,8,3,4,0,8,3
H3K4me1_TDH_BP/samples/macrophage/ERS422247/problems/chr2:162200000-234003741,9.86222864585753,9.98074211430283,8,2,4,0,8,2
H3K4me1_TDH_BP/samples/macrophage/ERS422247/problems/chr2:162200000-234003741,9.98074211430283,9.98192840478411,8,2,4,0,8,2
H3K4me1_TDH_BP/samples/macrophage/ERS422247/problems/chr2:162200000-234003741,9.98192840478411,9.98210128957713,8,1,4,1,8,2
H3K4me1_TDH_BP/samples/macrophage/ERS422247/problems/chr2:162200000-234003741,9.98210128957713,9.98322121115254,8,1,4,1,8,2
H3K4me1_TDH_BP/samples/macrophage/ERS422247/problems/chr2:162200000-234003741,9.98322121115254,9.98967410409615,8,1,4,1,8,2
H3K4me1_TDH_BP/samples/macrophage/ERS422247/problems/chr2:162200000-234003741,9.98967410409615,10.0025321304052,8,1,4,1,8,2
H3K4me1_TDH_BP/samples/macrophage/ERS422247/problems/chr2:162200000-234003741,10.0025321304052,10.0209045107246,8,1,4,1,8,2
H3K4me1_TDH_BP/samples/macrophage/ERS422247/problems/chr2:162200000-234003741,10.0209045107246,10.0417612407298,8,1,4,1,8,2
H3K4me1_TDH_BP/samples/macrophage/ERS422247/problems/chr2:162200000-234003741,10.0417612407298,10.0526047974487,8,1,4,1,8,2
H3K4me1_TDH_BP/samples/macrophage/ERS422247/problems/chr2:162200000-234003741,10.0526047974487,10.0572293238442,8,1,4,1,8,2
H3K4me1_TDH_BP/samples/macrophage/ERS422247/problems/chr2:162200000-234003741,10.0572293238442,10.0579664885658,8,1,4,1,8,2
H3K4me1_TDH_BP/samples/macrophage/ERS422247/problems/chr2:162200000-234003741,10.0579664885658,10.0581868974766,8,0,4,1,8,1
H3K4me1_TDH_BP/samples/macrophage/ERS422247/problems/chr2:162200000-234003741,10.0581868974766,10.0608437362348,8,0,4,1,8,1
H3K4me1_TDH_BP/samples/macrophage/ERS422247/problems/chr2:162200000-234003741,10.0608437362348,10.0751918144919,8,0,4,1,8,1
H3K4me1_TDH_BP/samples/macrophage/ERS422247/problems/chr2:162200000-234003741,10.0751918144919,10.1508617699704,8,0,4,1,8,1
H3K4me1_TDH_BP/samples/macrophage/ERS422247/problems/chr2:162200000-234003741,10.1508617699704,10.2380798923999,8,0,4,1,8,1
H3K4me1_TDH_BP/samples/macrophage/ERS422247/problems/chr2:162200000-234003741,10.2380798923999,10.2984182511426,8,0,4,1,8,1
H3K4me1_TDH_BP/samples/macrophage/ERS422247/problems/chr2:162200000-234003741,10.2984182511426,10.3668942723427,8,0,4,1,8,1
H3K4me1_TDH_BP/samples/macrophage/ERS422247/problems/chr2:162200000-234003741,10.3668942723427,10.4344749213525,8,0,4,1,8,1
H3K4me1_TDH_BP/samples/macrophage/ERS422247/problems/chr2:162200000-234003741,10.4344749213525,10.5001425686566,8,0,4,1,8,1
H3K4me1_TDH_BP/samples/macrophage/ERS422247/problems/chr2:162200000-234003741,10.5001425686566,10.5595224135137,8,0,4,1,8,1
H3K4me1_TDH_BP/samples/macrophage/ERS422247/problems/chr2:162200000-234003741,10.5595224135137,10.6243088778548,8,0,4,1,8,1
H3K4me1_TDH_BP/samples/macrophage/ERS422247/problems/chr2:162200000-234003741,10.6243088778548,10.6837206214822,8,0,4,1,8,1
H3K4me1_TDH_BP/samples/macrophage/ERS422247/problems/chr2:162200000-234003741,10.6837206214822,10.7231275175879,8,0,4,1,8,1
H3K4me1_TDH_BP/samples/macrophage/ERS422247/problems/chr2:162200000-234003741,10.7231275175879,10.7938048513662,8,0,4,1,8,1
H3K4me1_TDH_BP/samples/macrophage/ERS422247/problems/chr2:162200000-234003741,10.7938048513662,10.8683226083514,8,0,4,1,8,1
H3K4me1_TDH_BP/samples/macrophage/ERS422247/problems/chr2:162200000-234003741,10.8683226083514,10.9259100519908,8,0,4,1,8,1
H3K4me1_TDH_BP/samples/macrophage/ERS422247/problems/chr2:162200000-234003741,10.9259100519908,10.9380753033327,8,0,4,1,8,1
H3K4me1_TDH_BP/samples/macrophage/ERS422247/problems/chr2:162200000-234003741,10.9380753033327,10.9387313317979,8,0,4,3,8,3
H3K4me1_TDH_BP/samples/macrophage/ERS422247/problems/chr2:162200000-234003741,10.9387313317979,10.9402354471242,8,0,4,3,8,3
H3K4me1_TDH_BP/samples/macrophage/ERS422247/problems/chr2:162200000-234003741,10.9402354471242,10.9436597120126,8,0,4,3,8,3
H3K4me1_TDH_BP/samples/macrophage/ERS422247/problems/chr2:162200000-234003741,10.9436597120126,10.9502637463137,8,0,4,3,8,3
H3K4me1_TDH_BP/samples/macrophage/ERS422247/problems/chr2:162200000-234003741,10.9502637463137,10.9722302950212,8,0,4,3,8,3
H3K4me1_TDH_BP/samples/macrophage/ERS422247/problems/chr2:162200000-234003741,10.9722302950212,11.0307764225557,8,0,4,3,8,3
H3K4me1_TDH_BP/samples/macrophage/ERS422247/problems/chr2:162200000-234003741,11.0307764225557,11.259392453607,8,0,4,3,8,3
H3K4me1_TDH_BP/samples/macrophage/ERS422247/problems/chr2:162200000-234003741,11.259392453607,12.5490649612117,8,0,4,4,8,4
H3K4me1_TDH_BP/samples/macrophage/ERS422247/problems/chr2:162200000-234003741,12.5490649612117,Inf,8,0,4,4,8,4
H3K4me1_TDH_BP/samples/macrophage/ERS422247/problems/chr2:16329724-21153113,-Inf,2.20910381430407,7,7,4,0,7,7
H3K4me1_TDH_BP/samples/macrophage/ERS422247/problems/chr2:16329724-21153113,2.20910381430407,6.29141701478269,7,7,4,0,7,7
H3K4me1_TDH_BP/samples/macrophage/ERS422247/problems/chr2:16329724-21153113,6.29141701478269,8.02523906049165,7,7,4,0,7,7
H3K4me1_TDH_BP/samples/macrophage/ERS422247/problems/chr2:16329724-21153113,8.02523906049165,8.87567039254587,7,5,4,0,7,5
H3K4me1_TDH_BP/samples/macrophage/ERS422247/problems/chr2:16329724-21153113,8.87567039254587,9.20304275422505,7,5,4,0,7,5
H3K4me1_TDH_BP/samples/macrophage/ERS422247/problems/chr2:16329724-21153113,9.20304275422505,9.3563632657287,7,5,4,2,7,7
H3K4me1_TDH_BP/samples/macrophage/ERS422247/problems/chr2:16329724-21153113,9.3563632657287,9.59257131294755,7,3,4,2,7,5
H3K4me1_TDH_BP/samples/macrophage/ERS422247/problems/chr2:16329724-21153113,9.59257131294755,9.8046381341551,7,3,4,2,7,5
H3K4me1_TDH_BP/samples/macrophage/ERS422247/problems/chr2:16329724-21153113,9.8046381341551,10.0970134746042,7,1,4,2,7,3
H3K4me1_TDH_BP/samples/macrophage/ERS422247/problems/chr2:16329724-21153113,10.0970134746042,10.2925556072289,7,1,4,2,7,3
H3K4me1_TDH_BP/samples/macrophage/ERS422247/problems/chr2:16329724-21153113,10.2925556072289,10.598913259801,7,1,4,2,7,3
H3K4me1_TDH_BP/samples/macrophage/ERS422247/problems/chr2:16329724-21153113,10.598913259801,10.6744393357972,7,1,4,3,7,4
H3K4me1_TDH_BP/samples/macrophage/ERS422247/problems/chr2:16329724-21153113,10.6744393357972,10.6811357784353,7,1,4,3,7,4
H3K4me1_TDH_BP/samples/macrophage/ERS422247/problems/chr2:16329724-21153113,10.6811357784353,10.6983528080492,7,0,4,2,7,2
H3K4me1_TDH_BP/samples/macrophage/ERS422247/problems/chr2:16329724-21153113,10.6983528080492,10.7677838055254,7,0,4,2,7,2
H3K4me1_TDH_BP/samples/macrophage/ERS422247/problems/chr2:16329724-21153113,10.7677838055254,10.8769624008649,7,0,4,2,7,2
H3K4me1_TDH_BP/samples/macrophage/ERS422247/problems/chr2:16329724-21153113,10.8769624008649,10.9262232896478,7,0,4,2,7,2
H3K4me1_TDH_BP/samples/macrophage/ERS422247/problems/chr2:16329724-21153113,10.9262232896478,10.926269460349,7,0,4,2,7,2
H3K4me1_TDH_BP/samples/macrophage/ERS422247/problems/chr2:16329724-21153113,10.926269460349,11.1283108275785,7,0,4,2,7,2
H3K4me1_TDH_BP/samples/macrophage/ERS422247/problems/chr2:16329724-21153113,11.1283108275785,11.1708372885961,7,0,4,2,7,2
H3K4me1_TDH_BP/samples/macrophage/ERS422247/problems/chr2:16329724-21153113,11.1708372885961,11.1949257027695,7,0,4,2,7,2
H3K4me1_TDH_BP/samples/macrophage/ERS422247/problems/chr2:16329724-21153113,11.1949257027695,11.2488980709107,7,3,4,4,7,7
H3K4me1_TDH_BP/samples/macrophage/ERS422247/problems/chr2:16329724-21153113,11.2488980709107,12.2457541298393,7,3,4,4,7,7
H3K4me1_TDH_BP/samples/macrophage/ERS422247/problems/chr2:16329724-21153113,12.2457541298393,Inf,7,0,4,4,7,4
H3K4me1_TDH_BP/samples/macrophage/ERS422247/problems/chr3:60000-66170270,-Inf,2.20911744795427,11,11,4,0,11,11
H3K4me1_TDH_BP/samples/macrophage/ERS422247/problems/chr3:60000-66170270,2.20911744795427,6.53464539546135,11,11,4,0,11,11
H3K4me1_TDH_BP/samples/macrophage/ERS422247/problems/chr3:60000-66170270,6.53464539546135,8.31400530989533,11,11,4,0,11,11
H3K4me1_TDH_BP/samples/macrophage/ERS422247/problems/chr3:60000-66170270,8.31400530989533,9.50684778230992,11,7,4,0,11,7
H3K4me1_TDH_BP/samples/macrophage/ERS422247/problems/chr3:60000-66170270,9.50684778230992,10.0872679704096,11,7,4,2,11,9
H3K4me1_TDH_BP/samples/macrophage/ERS422247/problems/chr3:60000-66170270,10.0872679704096,10.3431784182456,11,4,4,2,11,6
H3K4me1_TDH_BP/samples/macrophage/ERS422247/problems/chr3:60000-66170270,10.3431784182456,10.3771608329583,11,4,4,2,11,6
H3K4me1_TDH_BP/samples/macrophage/ERS422247/problems/chr3:60000-66170270,10.3771608329583,10.3804067778626,11,4,4,2,11,6
H3K4me1_TDH_BP/samples/macrophage/ERS422247/problems/chr3:60000-66170270,10.3804067778626,10.3824445296117,11,0,4,2,11,2
H3K4me1_TDH_BP/samples/macrophage/ERS422247/problems/chr3:60000-66170270,10.3824445296117,10.3834048565329,11,0,4,2,11,2
H3K4me1_TDH_BP/samples/macrophage/ERS422247/problems/chr3:60000-66170270,10.3834048565329,10.3935654815468,11,0,4,2,11,2
H3K4me1_TDH_BP/samples/macrophage/ERS422247/problems/chr3:60000-66170270,10.3935654815468,10.4121017945388,11,0,4,2,11,2
H3K4me1_TDH_BP/samples/macrophage/ERS422247/problems/chr3:60000-66170270,10.4121017945388,10.4790807600628,11,0,4,2,11,2
H3K4me1_TDH_BP/samples/macrophage/ERS422247/problems/chr3:60000-66170270,10.4790807600628,10.5917225620607,11,0,4,2,11,2
H3K4me1_TDH_BP/samples/macrophage/ERS422247/problems/chr3:60000-66170270,10.5917225620607,10.7125227731979,11,0,4,2,11,2
H3K4me1_TDH_BP/samples/macrophage/ERS422247/problems/chr3:60000-66170270,10.7125227731979,10.8182642181934,11,0,4,2,11,2
H3K4me1_TDH_BP/samples/macrophage/ERS422247/problems/chr3:60000-66170270,10.8182642181934,10.8809345319013,11,0,4,2,11,2
H3K4me1_TDH_BP/samples/macrophage/ERS422247/problems/chr3:60000-66170270,10.8809345319013,10.9759341642022,11,0,4,2,11,2
H3K4me1_TDH_BP/samples/macrophage/ERS422247/problems/chr3:60000-66170270,10.9759341642022,11.0966563011881,11,0,4,2,11,2
H3K4me1_TDH_BP/samples/macrophage/ERS422247/problems/chr3:60000-66170270,11.0966563011881,11.1627313252467,11,0,4,2,11,2
H3K4me1_TDH_BP/samples/macrophage/ERS422247/problems/chr3:60000-66170270,11.1627313252467,11.2641412674356,11,0,4,2,11,2
H3K4me1_TDH_BP/samples/macrophage/ERS422247/problems/chr3:60000-66170270,11.2641412674356,11.3797231166524,11,0,4,2,11,2
H3K4me1_TDH_BP/samples/macrophage/ERS422247/problems/chr3:60000-66170270,11.3797231166524,11.4593343773511,11,0,4,2,11,2
H3K4me1_TDH_BP/samples/macrophage/ERS422247/problems/chr3:60000-66170270,11.4593343773511,11.6046451455513,11,0,4,2,11,2
H3K4me1_TDH_BP/samples/macrophage/ERS422247/problems/chr3:60000-66170270,11.6046451455513,11.721048371865,11,0,4,2,11,2
H3K4me1_TDH_BP/samples/macrophage/ERS422247/problems/chr3:60000-66170270,11.721048371865,11.740921881921,11,0,4,2,11,2
H3K4me1_TDH_BP/samples/macrophage/ERS422247/problems/chr3:60000-66170270,11.740921881921,11.7474104996778,11,0,4,2,11,2
H3K4me1_TDH_BP/samples/macrophage/ERS422247/problems/chr3:60000-66170270,11.7474104996778,11.7542261261531,11,0,4,2,11,2
H3K4me1_TDH_BP/samples/macrophage/ERS422247/problems/chr3:60000-66170270,11.7542261261531,11.7562977508075,11,0,4,4,11,4
H3K4me1_TDH_BP/samples/macrophage/ERS422247/problems/chr3:60000-66170270,11.7562977508075,11.7725067680467,11,0,4,4,11,4
H3K4me1_TDH_BP/samples/macrophage/ERS422247/problems/chr3:60000-66170270,11.7725067680467,11.8352879257895,11,0,4,4,11,4
H3K4me1_TDH_BP/samples/macrophage/ERS422247/problems/chr3:60000-66170270,11.8352879257895,11.9840962782667,11,0,4,4,11,4
H3K4me1_TDH_BP/samples/macrophage/ERS422247/problems/chr3:60000-66170270,11.9840962782667,13.2691044702235,11,0,4,4,11,4
H3K4me1_TDH_BP/samples/macrophage/ERS422247/problems/chr3:60000-66170270,13.2691044702235,Inf,11,0,4,4,11,4
H3K4me1_TDH_BP/samples/macrophage/ERS422247/problems/chr4:75452279-190000000,-Inf,2.20198308252205,11,11,1,0,11,11
H3K4me1_TDH_BP/samples/macrophage/ERS422247/problems/chr4:75452279-190000000,2.20198308252205,6.27219790799273,11,11,1,0,11,11
H3K4me1_TDH_BP/samples/macrophage/ERS422247/problems/chr4:75452279-190000000,6.27219790799273,7.98669341526749,11,11,1,0,11,11
H3K4me1_TDH_BP/samples/macrophage/ERS422247/problems/chr4:75452279-190000000,7.98669341526749,9.00718848218988,11,11,1,0,11,11
H3K4me1_TDH_BP/samples/macrophage/ERS422247/problems/chr4:75452279-190000000,9.00718848218988,10.01856687559,11,7,1,0,11,7
H3K4me1_TDH_BP/samples/macrophage/ERS422247/problems/chr4:75452279-190000000,10.01856687559,10.3865301387703,11,6,1,0,11,6
H3K4me1_TDH_BP/samples/macrophage/ERS422247/problems/chr4:75452279-190000000,10.3865301387703,10.465505382781,11,6,1,0,11,6
H3K4me1_TDH_BP/samples/macrophage/ERS422247/problems/chr4:75452279-190000000,10.465505382781,10.4656002706879,11,0,1,0,11,0
H3K4me1_TDH_BP/samples/macrophage/ERS422247/problems/chr4:75452279-190000000,10.4656002706879,10.4667175479199,11,0,1,0,11,0
H3K4me1_TDH_BP/samples/macrophage/ERS422247/problems/chr4:75452279-190000000,10.4667175479199,10.4675014764764,11,0,1,0,11,0
H3K4me1_TDH_BP/samples/macrophage/ERS422247/problems/chr4:75452279-190000000,10.4675014764764,10.4731889378321,11,0,1,0,11,0
H3K4me1_TDH_BP/samples/macrophage/ERS422247/problems/chr4:75452279-190000000,10.4731889378321,10.490821022901,11,0,1,0,11,0
H3K4me1_TDH_BP/samples/macrophage/ERS422247/problems/chr4:75452279-190000000,10.490821022901,10.5160974762081,11,0,1,0,11,0
H3K4me1_TDH_BP/samples/macrophage/ERS422247/problems/chr4:75452279-190000000,10.5160974762081,10.5767719417738,11,0,1,0,11,0
H3K4me1_TDH_BP/samples/macrophage/ERS422247/problems/chr4:75452279-190000000,10.5767719417738,10.8078981731292,11,0,1,0,11,0
H3K4me1_TDH_BP/samples/macrophage/ERS422247/problems/chr4:75452279-190000000,10.8078981731292,11.5119915241329,11,0,1,0,11,0
H3K4me1_TDH_BP/samples/macrophage/ERS422247/problems/chr4:75452279-190000000,11.5119915241329,12.1997545429388,11,0,1,0,11,0
H3K4me1_TDH_BP/samples/macrophage/ERS422247/problems/chr4:75452279-190000000,12.1997545429388,12.2006364320108,11,0,1,0,11,0
H3K4me1_TDH_BP/samples/macrophage/ERS422247/problems/chr4:75452279-190000000,12.2006364320108,12.217412507666,11,0,1,1,11,1
H3K4me1_TDH_BP/samples/macrophage/ERS422247/problems/chr4:75452279-190000000,12.217412507666,12.2371373433177,11,0,1,1,11,1
H3K4me1_TDH_BP/samples/macrophage/ERS422247/problems/chr4:75452279-190000000,12.2371373433177,12.2550853048663,11,0,1,1,11,1
H3K4me1_TDH_BP/samples/macrophage/ERS422247/problems/chr4:75452279-190000000,12.2550853048663,12.3233783540842,11,0,1,1,11,1
H3K4me1_TDH_BP/samples/macrophage/ERS422247/problems/chr4:75452279-190000000,12.3233783540842,12.5324313676591,11,0,1,1,11,1
H3K4me1_TDH_BP/samples/macrophage/ERS422247/problems/chr4:75452279-190000000,12.5324313676591,12.8884179550726,11,0,1,1,11,1
H3K4me1_TDH_BP/samples/macrophage/ERS422247/problems/chr4:75452279-190000000,12.8884179550726,14.0486223846146,11,0,1,1,11,1
H3K4me1_TDH_BP/samples/macrophage/ERS422247/problems/chr4:75452279-190000000,14.0486223846146,Inf,11,0,1,1,11,1
H3K4me1_TDH_BP/samples/macrophage/ERS422247/problems/chr5:91686128-138787073,-Inf,2.20870451644224,15,15,5,0,15,15
H3K4me1_TDH_BP/samples/macrophage/ERS422247/problems/chr5:91686128-138787073,2.20870451644224,6.32831356580766,15,15,5,0,15,15
H3K4me1_TDH_BP/samples/macrophage/ERS422247/problems/chr5:91686128-138787073,6.32831356580766,8.05944163222976,15,15,5,0,15,15
H3K4me1_TDH_BP/samples/macrophage/ERS422247/problems/chr5:91686128-138787073,8.05944163222976,8.76763137363903,15,10,5,0,15,10
H3K4me1_TDH_BP/samples/macrophage/ERS422247/problems/chr5:91686128-138787073,8.76763137363903,8.86582560940782,15,10,5,0,15,10
H3K4me1_TDH_BP/samples/macrophage/ERS422247/problems/chr5:91686128-138787073,8.86582560940782,9.03308881356888,15,3,5,0,15,3
H3K4me1_TDH_BP/samples/macrophage/ERS422247/problems/chr5:91686128-138787073,9.03308881356888,9.32589887679236,15,3,5,0,15,3
H3K4me1_TDH_BP/samples/macrophage/ERS422247/problems/chr5:91686128-138787073,9.32589887679236,9.64352376704491,15,3,5,0,15,3
H3K4me1_TDH_BP/samples/macrophage/ERS422247/problems/chr5:91686128-138787073,9.64352376704491,9.874433447673,15,3,5,0,15,3
H3K4me1_TDH_BP/samples/macrophage/ERS422247/problems/chr5:91686128-138787073,9.874433447673,10.0965076444961,15,3,5,0,15,3
H3K4me1_TDH_BP/samples/macrophage/ERS422247/problems/chr5:91686128-138787073,10.0965076444961,10.3550454023872,15,3,5,2,15,5
H3K4me1_TDH_BP/samples/macrophage/ERS422247/problems/chr5:91686128-138787073,10.3550454023872,10.5206325254885,15,3,5,2,15,5
H3K4me1_TDH_BP/samples/macrophage/ERS422247/problems/chr5:91686128-138787073,10.5206325254885,10.5548671987534,15,3,5,2,15,5
H3K4me1_TDH_BP/samples/macrophage/ERS422247/problems/chr5:91686128-138787073,10.5548671987534,10.5806884816993,15,3,5,2,15,5
H3K4me1_TDH_BP/samples/macrophage/ERS422247/problems/chr5:91686128-138787073,10.5806884816993,10.5875108380142,15,3,5,2,15,5
H3K4me1_TDH_BP/samples/macrophage/ERS422247/problems/chr5:91686128-138787073,10.5875108380142,10.5878564058249,15,0,5,2,15,2
H3K4me1_TDH_BP/samples/macrophage/ERS422247/problems/chr5:91686128-138787073,10.5878564058249,10.6053572902342,15,0,5,2,15,2
H3K4me1_TDH_BP/samples/macrophage/ERS422247/problems/chr5:91686128-138787073,10.6053572902342,10.6434317917111,15,0,5,2,15,2
H3K4me1_TDH_BP/samples/macrophage/ERS422247/problems/chr5:91686128-138787073,10.6434317917111,10.6910379500806,15,0,5,2,15,2
H3K4me1_TDH_BP/samples/macrophage/ERS422247/problems/chr5:91686128-138787073,10.6910379500806,10.7173832567265,15,0,5,2,15,2
H3K4me1_TDH_BP/samples/macrophage/ERS422247/problems/chr5:91686128-138787073,10.7173832567265,10.7529911083005,15,0,5,2,15,2
H3K4me1_TDH_BP/samples/macrophage/ERS422247/problems/chr5:91686128-138787073,10.7529911083005,10.8016733328021,15,0,5,2,15,2
H3K4me1_TDH_BP/samples/macrophage/ERS422247/problems/chr5:91686128-138787073,10.8016733328021,10.852412935036,15,0,5,2,15,2
H3K4me1_TDH_BP/samples/macrophage/ERS422247/problems/chr5:91686128-138787073,10.852412935036,10.8914194311335,15,0,5,2,15,2
H3K4me1_TDH_BP/samples/macrophage/ERS422247/problems/chr5:91686128-138787073,10.8914194311335,10.9354692770789,15,0,5,2,15,2
H3K4me1_TDH_BP/samples/macrophage/ERS422247/problems/chr5:91686128-138787073,10.9354692770789,10.9795454968616,15,0,5,2,15,2
H3K4me1_TDH_BP/samples/macrophage/ERS422247/problems/chr5:91686128-138787073,10.9795454968616,11.0151913233153,15,0,5,2,15,2
H3K4me1_TDH_BP/samples/macrophage/ERS422247/problems/chr5:91686128-138787073,11.0151913233153,11.0357976109117,15,0,5,2,15,2
H3K4me1_TDH_BP/samples/macrophage/ERS422247/problems/chr5:91686128-138787073,11.0357976109117,11.037132243775,15,0,5,2,15,2
H3K4me1_TDH_BP/samples/macrophage/ERS422247/problems/chr5:91686128-138787073,11.037132243775,11.0394745310716,15,0,5,4,15,4
H3K4me1_TDH_BP/samples/macrophage/ERS422247/problems/chr5:91686128-138787073,11.0394745310716,11.0604589732611,15,0,5,4,15,4
H3K4me1_TDH_BP/samples/macrophage/ERS422247/problems/chr5:91686128-138787073,11.0604589732611,11.1298220097406,15,0,5,4,15,4
H3K4me1_TDH_BP/samples/macrophage/ERS422247/problems/chr5:91686128-138787073,11.1298220097406,12.2295977247264,15,0,5,4,15,4
H3K4me1_TDH_BP/samples/macrophage/ERS422247/problems/chr5:91686128-138787073,12.2295977247264,Inf,15,0,5,5,15,5
H3K4me1_TDH_BP/samples/mantle/ERS333895/problems/chr1:149509645-205922707,-Inf,2.50516405046535,14,14,1,0,14,14
H3K4me1_TDH_BP/samples/mantle/ERS333895/problems/chr1:149509645-205922707,2.50516405046535,7.13310579140745,14,14,1,0,14,14
H3K4me1_TDH_BP/samples/mantle/ERS333895/problems/chr1:149509645-205922707,7.13310579140745,8.95278535875682,14,14,1,0,14,14
H3K4me1_TDH_BP/samples/mantle/ERS333895/problems/chr1:149509645-205922707,8.95278535875682,9.77948366696577,14,8,1,0,14,8
H3K4me1_TDH_BP/samples/mantle/ERS333895/problems/chr1:149509645-205922707,9.77948366696577,10.1679351037408,14,1,1,0,14,1
H3K4me1_TDH_BP/samples/mantle/ERS333895/problems/chr1:149509645-205922707,10.1679351037408,10.3042515608183,14,1,1,0,14,1
H3K4me1_TDH_BP/samples/mantle/ERS333895/problems/chr1:149509645-205922707,10.3042515608183,10.3644940329645,14,1,1,0,14,1
H3K4me1_TDH_BP/samples/mantle/ERS333895/problems/chr1:149509645-205922707,10.3644940329645,10.3748324258696,14,1,1,0,14,1
H3K4me1_TDH_BP/samples/mantle/ERS333895/problems/chr1:149509645-205922707,10.3748324258696,10.3765813071065,14,1,1,0,14,1
H3K4me1_TDH_BP/samples/mantle/ERS333895/problems/chr1:149509645-205922707,10.3765813071065,10.3766683984587,14,1,1,0,14,1
H3K4me1_TDH_BP/samples/mantle/ERS333895/problems/chr1:149509645-205922707,10.3766683984587,10.3772511907982,14,0,1,0,14,0
H3K4me1_TDH_BP/samples/mantle/ERS333895/problems/chr1:149509645-205922707,10.3772511907982,10.3794714759093,14,0,1,0,14,0
H3K4me1_TDH_BP/samples/mantle/ERS333895/problems/chr1:149509645-205922707,10.3794714759093,10.389033337387,14,0,1,0,14,0
H3K4me1_TDH_BP/samples/mantle/ERS333895/problems/chr1:149509645-205922707,10.389033337387,10.4266781263005,14,0,1,0,14,0
H3K4me1_TDH_BP/samples/mantle/ERS333895/problems/chr1:149509645-205922707,10.4266781263005,10.6337876741112,14,0,1,0,14,0
H3K4me1_TDH_BP/samples/mantle/ERS333895/problems/chr1:149509645-205922707,10.6337876741112,11.2009741110396,14,0,1,0,14,0
H3K4me1_TDH_BP/samples/mantle/ERS333895/problems/chr1:149509645-205922707,11.2009741110396,11.6745644508956,14,0,1,0,14,0
H3K4me1_TDH_BP/samples/mantle/ERS333895/problems/chr1:149509645-205922707,11.6745644508956,11.7384137419522,14,0,1,0,14,0
H3K4me1_TDH_BP/samples/mantle/ERS333895/problems/chr1:149509645-205922707,11.7384137419522,11.7621514716805,14,0,1,0,14,0
H3K4me1_TDH_BP/samples/mantle/ERS333895/problems/chr1:149509645-205922707,11.7621514716805,11.7659451100868,14,0,1,0,14,0
H3K4me1_TDH_BP/samples/mantle/ERS333895/problems/chr1:149509645-205922707,11.7659451100868,11.7733339054445,14,0,1,0,14,0
H3K4me1_TDH_BP/samples/mantle/ERS333895/problems/chr1:149509645-205922707,11.7733339054445,11.7748575847307,14,0,1,0,14,0
H3K4me1_TDH_BP/samples/mantle/ERS333895/problems/chr1:149509645-205922707,11.7748575847307,11.7755791966914,14,1,1,0,14,1
H3K4me1_TDH_BP/samples/mantle/ERS333895/problems/chr1:149509645-205922707,11.7755791966914,11.7998754194668,14,1,1,0,14,1
H3K4me1_TDH_BP/samples/mantle/ERS333895/problems/chr1:149509645-205922707,11.7998754194668,11.9337030713098,14,1,1,0,14,1
H3K4me1_TDH_BP/samples/mantle/ERS333895/problems/chr1:149509645-205922707,11.9337030713098,12.2992761745987,14,1,1,0,14,1
H3K4me1_TDH_BP/samples/mantle/ERS333895/problems/chr1:149509645-205922707,12.2992761745987,12.6884605364695,14,1,1,0,14,1
H3K4me1_TDH_BP/samples/mantle/ERS333895/problems/chr1:149509645-205922707,12.6884605364695,12.9314722716452,14,1,1,0,14,1
H3K4me1_TDH_BP/samples/mantle/ERS333895/problems/chr1:149509645-205922707,12.9314722716452,13.0271070415168,14,1,1,0,14,1
H3K4me1_TDH_BP/samples/mantle/ERS333895/problems/chr1:149509645-205922707,13.0271070415168,13.0349909924885,14,1,1,0,14,1
H3K4me1_TDH_BP/samples/mantle/ERS333895/problems/chr1:149509645-205922707,13.0349909924885,13.0381404735041,14,1,1,0,14,1
H3K4me1_TDH_BP/samples/mantle/ERS333895/problems/chr1:149509645-205922707,13.0381404735041,13.040868998849,14,0,1,0,14,0
H3K4me1_TDH_BP/samples/mantle/ERS333895/problems/chr1:149509645-205922707,13.040868998849,13.0769511395249,14,0,1,0,14,0
H3K4me1_TDH_BP/samples/mantle/ERS333895/problems/chr1:149509645-205922707,13.0769511395249,13.1470139688272,14,0,1,0,14,0
H3K4me1_TDH_BP/samples/mantle/ERS333895/problems/chr1:149509645-205922707,13.1470139688272,13.3968888480202,14,0,1,0,14,0
H3K4me1_TDH_BP/samples/mantle/ERS333895/problems/chr1:149509645-205922707,13.3968888480202,13.6106565170758,14,0,1,0,14,0
H3K4me1_TDH_BP/samples/mantle/ERS333895/problems/chr1:149509645-205922707,13.6106565170758,13.7009376604943,14,0,1,0,14,0
H3K4me1_TDH_BP/samples/mantle/ERS333895/problems/chr1:149509645-205922707,13.7009376604943,13.7310699346545,14,0,1,0,14,0
H3K4me1_TDH_BP/samples/mantle/ERS333895/problems/chr1:149509645-205922707,13.7310699346545,13.7410751349099,14,0,1,0,14,0
H3K4me1_TDH_BP/samples/mantle/ERS333895/problems/chr1:149509645-205922707,13.7410751349099,13.8150005152198,14,0,1,1,14,1
H3K4me1_TDH_BP/samples/mantle/ERS333895/problems/chr1:149509645-205922707,13.8150005152198,14.9016923633368,14,0,1,1,14,1
H3K4me1_TDH_BP/samples/mantle/ERS333895/problems/chr1:149509645-205922707,14.9016923633368,Inf,14,0,1,1,14,1
H3K4me1_TDH_BP/samples/mantle/ERS333895/problems/chr2:162200000-234003741,-Inf,2.50228882941791,8,8,2,0,8,8
H3K4me1_TDH_BP/samples/mantle/ERS333895/problems/chr2:162200000-234003741,2.50228882941791,7.00710640772985,8,8,2,0,8,8
H3K4me1_TDH_BP/samples/mantle/ERS333895/problems/chr2:162200000-234003741,7.00710640772985,8.66882749283226,8,8,2,0,8,8
H3K4me1_TDH_BP/samples/mantle/ERS333895/problems/chr2:162200000-234003741,8.66882749283226,9.42195070780854,8,3,2,0,8,3
H3K4me1_TDH_BP/samples/mantle/ERS333895/problems/chr2:162200000-234003741,9.42195070780854,10.0787923992831,8,3,2,0,8,3
H3K4me1_TDH_BP/samples/mantle/ERS333895/problems/chr2:162200000-234003741,10.0787923992831,10.4794184550578,8,1,2,0,8,1
H3K4me1_TDH_BP/samples/mantle/ERS333895/problems/chr2:162200000-234003741,10.4794184550578,10.4874391763241,8,1,2,0,8,1
H3K4me1_TDH_BP/samples/mantle/ERS333895/problems/chr2:162200000-234003741,10.4874391763241,10.4931123218108,8,1,2,0,8,1
H3K4me1_TDH_BP/samples/mantle/ERS333895/problems/chr2:162200000-234003741,10.4931123218108,10.4940004974783,8,1,2,0,8,1
H3K4me1_TDH_BP/samples/mantle/ERS333895/problems/chr2:162200000-234003741,10.4940004974783,10.4977180482392,8,0,2,0,8,0
H3K4me1_TDH_BP/samples/mantle/ERS333895/problems/chr2:162200000-234003741,10.4977180482392,10.5078121715378,8,0,2,0,8,0
H3K4me1_TDH_BP/samples/mantle/ERS333895/problems/chr2:162200000-234003741,10.5078121715378,10.5380565900374,8,0,2,0,8,0
H3K4me1_TDH_BP/samples/mantle/ERS333895/problems/chr2:162200000-234003741,10.5380565900374,10.6072522142263,8,0,2,0,8,0
H3K4me1_TDH_BP/samples/mantle/ERS333895/problems/chr2:162200000-234003741,10.6072522142263,10.7614336288577,8,0,2,0,8,0
H3K4me1_TDH_BP/samples/mantle/ERS333895/problems/chr2:162200000-234003741,10.7614336288577,11.0999721069751,8,0,2,0,8,0
H3K4me1_TDH_BP/samples/mantle/ERS333895/problems/chr2:162200000-234003741,11.0999721069751,11.4569973280146,8,0,2,0,8,0
H3K4me1_TDH_BP/samples/mantle/ERS333895/problems/chr2:162200000-234003741,11.4569973280146,11.6324913295517,8,0,2,0,8,0
H3K4me1_TDH_BP/samples/mantle/ERS333895/problems/chr2:162200000-234003741,11.6324913295517,11.7366084505354,8,0,2,0,8,0
H3K4me1_TDH_BP/samples/mantle/ERS333895/problems/chr2:162200000-234003741,11.7366084505354,11.7820294529024,8,0,2,0,8,0
H3K4me1_TDH_BP/samples/mantle/ERS333895/problems/chr2:162200000-234003741,11.7820294529024,11.8025234017136,8,0,2,0,8,0
H3K4me1_TDH_BP/samples/mantle/ERS333895/problems/chr2:162200000-234003741,11.8025234017136,11.8092804388237,8,0,2,0,8,0
H3K4me1_TDH_BP/samples/mantle/ERS333895/problems/chr2:162200000-234003741,11.8092804388237,11.8106237414516,8,0,2,0,8,0
H3K4me1_TDH_BP/samples/mantle/ERS333895/problems/chr2:162200000-234003741,11.8106237414516,11.8125595995129,8,0,2,2,8,2
H3K4me1_TDH_BP/samples/mantle/ERS333895/problems/chr2:162200000-234003741,11.8125595995129,11.8204341913903,8,0,2,2,8,2
H3K4me1_TDH_BP/samples/mantle/ERS333895/problems/chr2:162200000-234003741,11.8204341913903,12.0656282129754,8,0,2,2,8,2
H3K4me1_TDH_BP/samples/mantle/ERS333895/problems/chr2:162200000-234003741,12.0656282129754,13.6953897806122,8,0,2,2,8,2
H3K4me1_TDH_BP/samples/mantle/ERS333895/problems/chr2:162200000-234003741,13.6953897806122,Inf,8,0,2,2,8,2
H3K4me1_TDH_BP/samples/mantle/ERS333895/problems/chr2:16329724-21153113,-Inf,2.61505738422936,7,7,4,0,7,7
H3K4me1_TDH_BP/samples/mantle/ERS333895/problems/chr2:16329724-21153113,2.61505738422936,6.26346202744122,7,7,4,0,7,7
H3K4me1_TDH_BP/samples/mantle/ERS333895/problems/chr2:16329724-21153113,6.26346202744122,7.50464252977271,7,7,4,0,7,7
H3K4me1_TDH_BP/samples/mantle/ERS333895/problems/chr2:16329724-21153113,7.50464252977271,8.39007737030139,7,4,4,0,7,4
H3K4me1_TDH_BP/samples/mantle/ERS333895/problems/chr2:16329724-21153113,8.39007737030139,8.9842572873849,7,3,4,0,7,3
H3K4me1_TDH_BP/samples/mantle/ERS333895/problems/chr2:16329724-21153113,8.9842572873849,9.45417721823646,7,2,4,0,7,2
H3K4me1_TDH_BP/samples/mantle/ERS333895/problems/chr2:16329724-21153113,9.45417721823646,9.73146209393699,7,2,4,0,7,2
H3K4me1_TDH_BP/samples/mantle/ERS333895/problems/chr2:16329724-21153113,9.73146209393699,9.86722704932455,7,1,4,0,7,1
H3K4me1_TDH_BP/samples/mantle/ERS333895/problems/chr2:16329724-21153113,9.86722704932455,9.88753233108143,7,1,4,0,7,1
H3K4me1_TDH_BP/samples/mantle/ERS333895/problems/chr2:16329724-21153113,9.88753233108143,9.90830351313722,7,0,4,0,7,0
H3K4me1_TDH_BP/samples/mantle/ERS333895/problems/chr2:16329724-21153113,9.90830351313722,9.95875346398706,7,0,4,0,7,0
H3K4me1_TDH_BP/samples/mantle/ERS333895/problems/chr2:16329724-21153113,9.95875346398706,10.0448585130101,7,0,4,0,7,0
H3K4me1_TDH_BP/samples/mantle/ERS333895/problems/chr2:16329724-21153113,10.0448585130101,10.0888362347738,7,0,4,0,7,0
H3K4me1_TDH_BP/samples/mantle/ERS333895/problems/chr2:16329724-21153113,10.0888362347738,10.1145003206752,7,0,4,0,7,0
H3K4me1_TDH_BP/samples/mantle/ERS333895/problems/chr2:16329724-21153113,10.1145003206752,10.1768462051547,7,0,4,1,7,1
H3K4me1_TDH_BP/samples/mantle/ERS333895/problems/chr2:16329724-21153113,10.1768462051547,10.3354916454481,7,0,4,1,7,1
H3K4me1_TDH_BP/samples/mantle/ERS333895/problems/chr2:16329724-21153113,10.3354916454481,10.6527796278315,7,0,4,3,7,3
H3K4me1_TDH_BP/samples/mantle/ERS333895/problems/chr2:16329724-21153113,10.6527796278315,11.4669074897885,7,0,4,4,7,4
H3K4me1_TDH_BP/samples/mantle/ERS333895/problems/chr2:16329724-21153113,11.4669074897885,13.1732321018717,7,0,4,4,7,4
H3K4me1_TDH_BP/samples/mantle/ERS333895/problems/chr2:16329724-21153113,13.1732321018717,Inf,7,0,4,4,7,4
H3K4me1_TDH_BP/samples/mantle/ERS333895/problems/chr3:60000-66170270,-Inf,2.5390985334459,11,11,0,0,11,11
H3K4me1_TDH_BP/samples/mantle/ERS333895/problems/chr3:60000-66170270,2.5390985334459,7.14178860060248,11,11,0,0,11,11
H3K4me1_TDH_BP/samples/mantle/ERS333895/problems/chr3:60000-66170270,7.14178860060248,8.95277482315152,11,11,0,0,11,11
H3K4me1_TDH_BP/samples/mantle/ERS333895/problems/chr3:60000-66170270,8.95277482315152,9.64734848183075,11,11,0,0,11,11
H3K4me1_TDH_BP/samples/mantle/ERS333895/problems/chr3:60000-66170270,9.64734848183075,9.89293831590261,11,11,0,0,11,11
H3K4me1_TDH_BP/samples/mantle/ERS333895/problems/chr3:60000-66170270,9.89293831590261,10.0186613121513,11,11,0,0,11,11
H3K4me1_TDH_BP/samples/mantle/ERS333895/problems/chr3:60000-66170270,10.0186613121513,10.0779296008737,11,11,0,0,11,11
H3K4me1_TDH_BP/samples/mantle/ERS333895/problems/chr3:60000-66170270,10.0779296008737,10.0948688761302,11,11,0,0,11,11
H3K4me1_TDH_BP/samples/mantle/ERS333895/problems/chr3:60000-66170270,10.0948688761302,10.1012481895935,11,11,0,0,11,11
H3K4me1_TDH_BP/samples/mantle/ERS333895/problems/chr3:60000-66170270,10.1012481895935,10.1041093856221,11,11,0,0,11,11
H3K4me1_TDH_BP/samples/mantle/ERS333895/problems/chr3:60000-66170270,10.1041093856221,10.1050930923495,11,11,0,0,11,11
H3K4me1_TDH_BP/samples/mantle/ERS333895/problems/chr3:60000-66170270,10.1050930923495,10.1058727202351,11,0,0,0,11,0
H3K4me1_TDH_BP/samples/mantle/ERS333895/problems/chr3:60000-66170270,10.1058727202351,10.1270679603163,11,0,0,0,11,0
H3K4me1_TDH_BP/samples/mantle/ERS333895/problems/chr3:60000-66170270,10.1270679603163,10.5305286486292,11,0,0,0,11,0
H3K4me1_TDH_BP/samples/mantle/ERS333895/problems/chr3:60000-66170270,10.5305286486292,12.7070085589379,11,0,0,0,11,0
H3K4me1_TDH_BP/samples/mantle/ERS333895/problems/chr3:60000-66170270,12.7070085589379,Inf,11,0,0,0,11,0
H3K4me1_TDH_BP/samples/mantle/ERS333895/problems/chr4:75452279-190000000,-Inf,2.50148287339348,11,11,4,0,11,11
H3K4me1_TDH_BP/samples/mantle/ERS333895/problems/chr4:75452279-190000000,2.50148287339348,6.88017499818215,11,11,4,0,11,11
H3K4me1_TDH_BP/samples/mantle/ERS333895/problems/chr4:75452279-190000000,6.88017499818215,8.40636824557513,11,9,4,0,11,9
H3K4me1_TDH_BP/samples/mantle/ERS333895/problems/chr4:75452279-190000000,8.40636824557513,9.30225596935341,11,7,4,0,11,7
H3K4me1_TDH_BP/samples/mantle/ERS333895/problems/chr4:75452279-190000000,9.30225596935341,10.1780780369084,11,7,4,2,11,9
H3K4me1_TDH_BP/samples/mantle/ERS333895/problems/chr4:75452279-190000000,10.1780780369084,10.4709117457414,11,7,4,2,11,9
H3K4me1_TDH_BP/samples/mantle/ERS333895/problems/chr4:75452279-190000000,10.4709117457414,10.6100258288301,11,7,4,2,11,9
H3K4me1_TDH_BP/samples/mantle/ERS333895/problems/chr4:75452279-190000000,10.6100258288301,10.6618469175149,11,6,4,2,11,8
H3K4me1_TDH_BP/samples/mantle/ERS333895/problems/chr4:75452279-190000000,10.6618469175149,10.7554272340898,11,6,4,3,11,9
H3K4me1_TDH_BP/samples/mantle/ERS333895/problems/chr4:75452279-190000000,10.7554272340898,10.9265923860784,11,5,4,3,11,8
H3K4me1_TDH_BP/samples/mantle/ERS333895/problems/chr4:75452279-190000000,10.9265923860784,11.0680357756611,11,1,4,3,11,4
H3K4me1_TDH_BP/samples/mantle/ERS333895/problems/chr4:75452279-190000000,11.0680357756611,11.1059693324875,11,1,4,3,11,4
H3K4me1_TDH_BP/samples/mantle/ERS333895/problems/chr4:75452279-190000000,11.1059693324875,11.1156948455097,11,1,4,3,11,4
H3K4me1_TDH_BP/samples/mantle/ERS333895/problems/chr4:75452279-190000000,11.1156948455097,11.1213306722249,11,1,4,3,11,4
H3K4me1_TDH_BP/samples/mantle/ERS333895/problems/chr4:75452279-190000000,11.1213306722249,11.1240362737757,11,1,4,3,11,4
H3K4me1_TDH_BP/samples/mantle/ERS333895/problems/chr4:75452279-190000000,11.1240362737757,11.1241530506044,11,0,4,3,11,3
H3K4me1_TDH_BP/samples/mantle/ERS333895/problems/chr4:75452279-190000000,11.1241530506044,11.142031779486,11,0,4,3,11,3
H3K4me1_TDH_BP/samples/mantle/ERS333895/problems/chr4:75452279-190000000,11.142031779486,11.2301919256197,11,0,4,3,11,3
H3K4me1_TDH_BP/samples/mantle/ERS333895/problems/chr4:75452279-190000000,11.2301919256197,11.3640195814301,11,0,4,3,11,3
H3K4me1_TDH_BP/samples/mantle/ERS333895/problems/chr4:75452279-190000000,11.3640195814301,11.5030028133262,11,0,4,3,11,3
H3K4me1_TDH_BP/samples/mantle/ERS333895/problems/chr4:75452279-190000000,11.5030028133262,11.6304034824238,11,0,4,3,11,3
H3K4me1_TDH_BP/samples/mantle/ERS333895/problems/chr4:75452279-190000000,11.6304034824238,11.7813388780124,11,0,4,3,11,3
H3K4me1_TDH_BP/samples/mantle/ERS333895/problems/chr4:75452279-190000000,11.7813388780124,11.913230824432,11,0,4,3,11,3
H3K4me1_TDH_BP/samples/mantle/ERS333895/problems/chr4:75452279-190000000,11.913230824432,12.0214199431621,11,0,4,3,11,3
H3K4me1_TDH_BP/samples/mantle/ERS333895/problems/chr4:75452279-190000000,12.0214199431621,12.1021805138736,11,0,4,3,11,3
H3K4me1_TDH_BP/samples/mantle/ERS333895/problems/chr4:75452279-190000000,12.1021805138736,12.2001412423798,11,0,4,3,11,3
H3K4me1_TDH_BP/samples/mantle/ERS333895/problems/chr4:75452279-190000000,12.2001412423798,12.3244594798963,11,0,4,3,11,3
H3K4me1_TDH_BP/samples/mantle/ERS333895/problems/chr4:75452279-190000000,12.3244594798963,12.4117002191438,11,0,4,3,11,3
H3K4me1_TDH_BP/samples/mantle/ERS333895/problems/chr4:75452279-190000000,12.4117002191438,12.5289861106507,11,0,4,3,11,3
H3K4me1_TDH_BP/samples/mantle/ERS333895/problems/chr4:75452279-190000000,12.5289861106507,12.658320322736,11,0,4,3,11,3
H3K4me1_TDH_BP/samples/mantle/ERS333895/problems/chr4:75452279-190000000,12.658320322736,12.7325566658463,11,0,4,3,11,3
H3K4me1_TDH_BP/samples/mantle/ERS333895/problems/chr4:75452279-190000000,12.7325566658463,12.7512950602154,11,0,4,3,11,3
H3K4me1_TDH_BP/samples/mantle/ERS333895/problems/chr4:75452279-190000000,12.7512950602154,12.7592570644773,11,0,4,3,11,3
H3K4me1_TDH_BP/samples/mantle/ERS333895/problems/chr4:75452279-190000000,12.7592570644773,12.7676228274894,11,0,4,3,11,3
H3K4me1_TDH_BP/samples/mantle/ERS333895/problems/chr4:75452279-190000000,12.7676228274894,12.7915737939553,11,0,4,4,11,4
H3K4me1_TDH_BP/samples/mantle/ERS333895/problems/chr4:75452279-190000000,12.7915737939553,13.0388846988547,11,0,4,4,11,4
H3K4me1_TDH_BP/samples/mantle/ERS333895/problems/chr4:75452279-190000000,13.0388846988547,14.4895326385747,11,0,4,4,11,4
H3K4me1_TDH_BP/samples/mantle/ERS333895/problems/chr4:75452279-190000000,14.4895326385747,Inf,11,0,4,4,11,4
H3K4me1_TDH_BP/samples/mantle/ERS333895/problems/chr5:91686128-138787073,-Inf,2.47787807330082,15,15,1,0,15,15
H3K4me1_TDH_BP/samples/mantle/ERS333895/problems/chr5:91686128-138787073,2.47787807330082,7.06322661842435,15,15,1,0,15,15
H3K4me1_TDH_BP/samples/mantle/ERS333895/problems/chr5:91686128-138787073,7.06322661842435,8.82623381780012,15,11,1,0,15,11
H3K4me1_TDH_BP/samples/mantle/ERS333895/problems/chr5:91686128-138787073,8.82623381780012,9.62322163129772,15,8,1,0,15,8
H3K4me1_TDH_BP/samples/mantle/ERS333895/problems/chr5:91686128-138787073,9.62322163129772,10.104315707068,15,2,1,0,15,2
H3K4me1_TDH_BP/samples/mantle/ERS333895/problems/chr5:91686128-138787073,10.104315707068,10.3340792205502,15,1,1,0,15,1
H3K4me1_TDH_BP/samples/mantle/ERS333895/problems/chr5:91686128-138787073,10.3340792205502,10.3856709523194,15,1,1,0,15,1
H3K4me1_TDH_BP/samples/mantle/ERS333895/problems/chr5:91686128-138787073,10.3856709523194,10.3870156739155,15,1,1,0,15,1
H3K4me1_TDH_BP/samples/mantle/ERS333895/problems/chr5:91686128-138787073,10.3870156739155,10.3875329672827,15,1,1,0,15,1
H3K4me1_TDH_BP/samples/mantle/ERS333895/problems/chr5:91686128-138787073,10.3875329672827,10.389440520332,15,0,1,0,15,0
H3K4me1_TDH_BP/samples/mantle/ERS333895/problems/chr5:91686128-138787073,10.389440520332,10.3967664094784,15,0,1,0,15,0
H3K4me1_TDH_BP/samples/mantle/ERS333895/problems/chr5:91686128-138787073,10.3967664094784,10.4144828935021,15,0,1,0,15,0
H3K4me1_TDH_BP/samples/mantle/ERS333895/problems/chr5:91686128-138787073,10.4144828935021,10.4534941425916,15,0,1,0,15,0
H3K4me1_TDH_BP/samples/mantle/ERS333895/problems/chr5:91686128-138787073,10.4534941425916,10.5772458905393,15,0,1,0,15,0
H3K4me1_TDH_BP/samples/mantle/ERS333895/problems/chr5:91686128-138787073,10.5772458905393,11.4901537187039,15,0,1,0,15,0
H3K4me1_TDH_BP/samples/mantle/ERS333895/problems/chr5:91686128-138787073,11.4901537187039,13.0589706897514,15,0,1,0,15,0
H3K4me1_TDH_BP/samples/mantle/ERS333895/problems/chr5:91686128-138787073,13.0589706897514,14.0969319405941,15,0,1,0,15,0
H3K4me1_TDH_BP/samples/mantle/ERS333895/problems/chr5:91686128-138787073,14.0969319405941,14.4174206442043,15,0,1,0,15,0
H3K4me1_TDH_BP/samples/mantle/ERS333895/problems/chr5:91686128-138787073,14.4174206442043,14.4376492491386,15,0,1,0,15,0
H3K4me1_TDH_BP/samples/mantle/ERS333895/problems/chr5:91686128-138787073,14.4376492491386,14.4570308074869,15,0,1,1,15,1
H3K4me1_TDH_BP/samples/mantle/ERS333895/problems/chr5:91686128-138787073,14.4570308074869,14.7353562831929,15,0,1,1,15,1
H3K4me1_TDH_BP/samples/mantle/ERS333895/problems/chr5:91686128-138787073,14.7353562831929,15.5680710991344,15,0,1,1,15,1
H3K4me1_TDH_BP/samples/mantle/ERS333895/problems/chr5:91686128-138787073,15.5680710991344,Inf,15,0,1,1,15,1
H3K4me1_TDH_BP/samples/mantle/ERS333896/problems/chr1:149509645-205922707,-Inf,2.28092874209441,14,14,1,0,14,14
H3K4me1_TDH_BP/samples/mantle/ERS333896/problems/chr1:149509645-205922707,2.28092874209441,7.13207333079225,14,14,1,0,14,14
H3K4me1_TDH_BP/samples/mantle/ERS333896/problems/chr1:149509645-205922707,7.13207333079225,9.07684827872026,14,9,1,0,14,9
H3K4me1_TDH_BP/samples/mantle/ERS333896/problems/chr1:149509645-205922707,9.07684827872026,9.99450501079514,14,4,1,0,14,4
H3K4me1_TDH_BP/samples/mantle/ERS333896/problems/chr1:149509645-205922707,9.99450501079514,10.5429478986654,14,4,1,0,14,4
H3K4me1_TDH_BP/samples/mantle/ERS333896/problems/chr1:149509645-205922707,10.5429478986654,10.7917776096772,14,4,1,0,14,4
H3K4me1_TDH_BP/samples/mantle/ERS333896/problems/chr1:149509645-205922707,10.7917776096772,10.8702162704956,14,3,1,0,14,3
H3K4me1_TDH_BP/samples/mantle/ERS333896/problems/chr1:149509645-205922707,10.8702162704956,10.902387507858,14,3,1,0,14,3
H3K4me1_TDH_BP/samples/mantle/ERS333896/problems/chr1:149509645-205922707,10.902387507858,10.914052938934,14,2,1,0,14,2
H3K4me1_TDH_BP/samples/mantle/ERS333896/problems/chr1:149509645-205922707,10.914052938934,10.9169085341549,14,2,1,0,14,2
H3K4me1_TDH_BP/samples/mantle/ERS333896/problems/chr1:149509645-205922707,10.9169085341549,10.918397756645,14,2,1,0,14,2
H3K4me1_TDH_BP/samples/mantle/ERS333896/problems/chr1:149509645-205922707,10.918397756645,10.9189097429087,14,0,1,0,14,0
H3K4me1_TDH_BP/samples/mantle/ERS333896/problems/chr1:149509645-205922707,10.9189097429087,10.9322817715341,14,0,1,0,14,0
H3K4me1_TDH_BP/samples/mantle/ERS333896/problems/chr1:149509645-205922707,10.9322817715341,11.0537340027299,14,0,1,0,14,0
H3K4me1_TDH_BP/samples/mantle/ERS333896/problems/chr1:149509645-205922707,11.0537340027299,12.0238418588284,14,0,1,0,14,0
H3K4me1_TDH_BP/samples/mantle/ERS333896/problems/chr1:149509645-205922707,12.0238418588284,13.35352684897,14,0,1,0,14,0
H3K4me1_TDH_BP/samples/mantle/ERS333896/problems/chr1:149509645-205922707,13.35352684897,13.7906355878701,14,0,1,0,14,0
H3K4me1_TDH_BP/samples/mantle/ERS333896/problems/chr1:149509645-205922707,13.7906355878701,13.8371979300421,14,0,1,0,14,0
H3K4me1_TDH_BP/samples/mantle/ERS333896/problems/chr1:149509645-205922707,13.8371979300421,13.8487457501569,14,0,1,1,14,1
H3K4me1_TDH_BP/samples/mantle/ERS333896/problems/chr1:149509645-205922707,13.8487457501569,13.8944597923845,14,0,1,1,14,1
H3K4me1_TDH_BP/samples/mantle/ERS333896/problems/chr1:149509645-205922707,13.8944597923845,13.9808222312015,14,0,1,1,14,1
H3K4me1_TDH_BP/samples/mantle/ERS333896/problems/chr1:149509645-205922707,13.9808222312015,14.2727923949834,14,0,1,1,14,1
H3K4me1_TDH_BP/samples/mantle/ERS333896/problems/chr1:149509645-205922707,14.2727923949834,15.8033915487861,14,13,1,1,14,14
H3K4me1_TDH_BP/samples/mantle/ERS333896/problems/chr1:149509645-205922707,15.8033915487861,Inf,14,0,1,1,14,1
H3K4me1_TDH_BP/samples/mantle/ERS333896/problems/chr2:162200000-234003741,-Inf,2.42135544807988,8,8,2,0,8,8
H3K4me1_TDH_BP/samples/mantle/ERS333896/problems/chr2:162200000-234003741,2.42135544807988,6.81920943884234,8,8,2,0,8,8
H3K4me1_TDH_BP/samples/mantle/ERS333896/problems/chr2:162200000-234003741,6.81920943884234,8.55828389406003,8,8,2,0,8,8
H3K4me1_TDH_BP/samples/mantle/ERS333896/problems/chr2:162200000-234003741,8.55828389406003,9.88200057050488,8,4,2,0,8,4
H3K4me1_TDH_BP/samples/mantle/ERS333896/problems/chr2:162200000-234003741,9.88200057050488,10.0158934045642,8,4,2,0,8,4
H3K4me1_TDH_BP/samples/mantle/ERS333896/problems/chr2:162200000-234003741,10.0158934045642,10.0538975397326,8,4,2,0,8,4
H3K4me1_TDH_BP/samples/mantle/ERS333896/problems/chr2:162200000-234003741,10.0538975397326,10.0684289871429,8,4,2,0,8,4
H3K4me1_TDH_BP/samples/mantle/ERS333896/problems/chr2:162200000-234003741,10.0684289871429,10.069210502387,8,4,2,0,8,4
H3K4me1_TDH_BP/samples/mantle/ERS333896/problems/chr2:162200000-234003741,10.069210502387,10.071466951011,8,0,2,0,8,0
H3K4me1_TDH_BP/samples/mantle/ERS333896/problems/chr2:162200000-234003741,10.071466951011,10.0744620487668,8,0,2,0,8,0
H3K4me1_TDH_BP/samples/mantle/ERS333896/problems/chr2:162200000-234003741,10.0744620487668,10.0824984640957,8,0,2,0,8,0
H3K4me1_TDH_BP/samples/mantle/ERS333896/problems/chr2:162200000-234003741,10.0824984640957,10.1362776023658,8,0,2,0,8,0
H3K4me1_TDH_BP/samples/mantle/ERS333896/problems/chr2:162200000-234003741,10.1362776023658,10.4281471709882,8,0,2,0,8,0
H3K4me1_TDH_BP/samples/mantle/ERS333896/problems/chr2:162200000-234003741,10.4281471709882,10.9738263260409,8,0,2,0,8,0
H3K4me1_TDH_BP/samples/mantle/ERS333896/problems/chr2:162200000-234003741,10.9738263260409,11.3793146317115,8,0,2,0,8,0
H3K4me1_TDH_BP/samples/mantle/ERS333896/problems/chr2:162200000-234003741,11.3793146317115,11.6330161467056,8,0,2,0,8,0
H3K4me1_TDH_BP/samples/mantle/ERS333896/problems/chr2:162200000-234003741,11.6330161467056,11.7344962574741,8,0,2,0,8,0
H3K4me1_TDH_BP/samples/mantle/ERS333896/problems/chr2:162200000-234003741,11.7344962574741,11.7593838309726,8,0,2,0,8,0
H3K4me1_TDH_BP/samples/mantle/ERS333896/problems/chr2:162200000-234003741,11.7593838309726,11.764510510305,8,0,2,0,8,0
H3K4me1_TDH_BP/samples/mantle/ERS333896/problems/chr2:162200000-234003741,11.764510510305,11.7696750232571,8,0,2,2,8,2
H3K4me1_TDH_BP/samples/mantle/ERS333896/problems/chr2:162200000-234003741,11.7696750232571,11.7788261010952,8,0,2,2,8,2
H3K4me1_TDH_BP/samples/mantle/ERS333896/problems/chr2:162200000-234003741,11.7788261010952,11.8094693408663,8,0,2,2,8,2
H3K4me1_TDH_BP/samples/mantle/ERS333896/problems/chr2:162200000-234003741,11.8094693408663,12.4318202762317,8,0,2,2,8,2
H3K4me1_TDH_BP/samples/mantle/ERS333896/problems/chr2:162200000-234003741,12.4318202762317,14.4622491108157,8,0,2,2,8,2
H3K4me1_TDH_BP/samples/mantle/ERS333896/problems/chr2:162200000-234003741,14.4622491108157,Inf,8,0,2,2,8,2
H3K4me1_TDH_BP/samples/mantle/ERS333896/problems/chr2:16329724-21153113,-Inf,2.46500609578425,7,7,4,0,7,7
H3K4me1_TDH_BP/samples/mantle/ERS333896/problems/chr2:16329724-21153113,2.46500609578425,6.36821724528544,7,7,4,0,7,7
H3K4me1_TDH_BP/samples/mantle/ERS333896/problems/chr2:16329724-21153113,6.36821724528544,7.7048182388808,7,7,4,0,7,7
H3K4me1_TDH_BP/samples/mantle/ERS333896/problems/chr2:16329724-21153113,7.7048182388808,8.57151831804893,7,4,4,0,7,4
H3K4me1_TDH_BP/samples/mantle/ERS333896/problems/chr2:16329724-21153113,8.57151831804893,8.83971929468222,7,3,4,0,7,3
H3K4me1_TDH_BP/samples/mantle/ERS333896/problems/chr2:16329724-21153113,8.83971929468222,9.06903307244444,7,3,4,0,7,3
H3K4me1_TDH_BP/samples/mantle/ERS333896/problems/chr2:16329724-21153113,9.06903307244444,9.27046646806226,7,2,4,0,7,2
H3K4me1_TDH_BP/samples/mantle/ERS333896/problems/chr2:16329724-21153113,9.27046646806226,9.41228491106495,7,2,4,0,7,2
H3K4me1_TDH_BP/samples/mantle/ERS333896/problems/chr2:16329724-21153113,9.41228491106495,9.44232202299621,7,2,4,0,7,2
H3K4me1_TDH_BP/samples/mantle/ERS333896/problems/chr2:16329724-21153113,9.44232202299621,9.47183465068325,7,1,4,0,7,1
H3K4me1_TDH_BP/samples/mantle/ERS333896/problems/chr2:16329724-21153113,9.47183465068325,9.51692851310758,7,1,4,0,7,1
H3K4me1_TDH_BP/samples/mantle/ERS333896/problems/chr2:16329724-21153113,9.51692851310758,9.56971559224387,7,1,4,0,7,1
H3K4me1_TDH_BP/samples/mantle/ERS333896/problems/chr2:16329724-21153113,9.56971559224387,9.6249481622324,7,1,4,0,7,1
H3K4me1_TDH_BP/samples/mantle/ERS333896/problems/chr2:16329724-21153113,9.6249481622324,9.66132676059794,7,1,4,0,7,1
H3K4me1_TDH_BP/samples/mantle/ERS333896/problems/chr2:16329724-21153113,9.66132676059794,9.72160189869874,7,1,4,0,7,1
H3K4me1_TDH_BP/samples/mantle/ERS333896/problems/chr2:16329724-21153113,9.72160189869874,9.74131595100113,7,1,4,0,7,1
H3K4me1_TDH_BP/samples/mantle/ERS333896/problems/chr2:16329724-21153113,9.74131595100113,9.80617280342312,7,1,4,0,7,1
H3K4me1_TDH_BP/samples/mantle/ERS333896/problems/chr2:16329724-21153113,9.80617280342312,9.83876083293112,7,1,4,0,7,1
H3K4me1_TDH_BP/samples/mantle/ERS333896/problems/chr2:16329724-21153113,9.83876083293112,9.85272139135793,7,1,4,0,7,1
H3K4me1_TDH_BP/samples/mantle/ERS333896/problems/chr2:16329724-21153113,9.85272139135793,9.85853746875651,7,1,4,0,7,1
H3K4me1_TDH_BP/samples/mantle/ERS333896/problems/chr2:16329724-21153113,9.85853746875651,9.87403520080125,7,1,4,0,7,1
H3K4me1_TDH_BP/samples/mantle/ERS333896/problems/chr2:16329724-21153113,9.87403520080125,9.96549800983704,7,1,4,1,7,2
H3K4me1_TDH_BP/samples/mantle/ERS333896/problems/chr2:16329724-21153113,9.96549800983704,10.0971680287053,7,1,4,1,7,2
H3K4me1_TDH_BP/samples/mantle/ERS333896/problems/chr2:16329724-21153113,10.0971680287053,10.162644777044,7,1,4,1,7,2
H3K4me1_TDH_BP/samples/mantle/ERS333896/problems/chr2:16329724-21153113,10.162644777044,10.1781188517112,7,1,4,1,7,2
H3K4me1_TDH_BP/samples/mantle/ERS333896/problems/chr2:16329724-21153113,10.1781188517112,10.1850702012773,7,1,4,1,7,2
H3K4me1_TDH_BP/samples/mantle/ERS333896/problems/chr2:16329724-21153113,10.1850702012773,10.2130206507717,7,0,4,1,7,1
H3K4me1_TDH_BP/samples/mantle/ERS333896/problems/chr2:16329724-21153113,10.2130206507717,10.2544358408103,7,0,4,1,7,1
H3K4me1_TDH_BP/samples/mantle/ERS333896/problems/chr2:16329724-21153113,10.2544358408103,10.2792427425611,7,0,4,1,7,1
H3K4me1_TDH_BP/samples/mantle/ERS333896/problems/chr2:16329724-21153113,10.2792427425611,10.3196789273664,7,0,4,1,7,1
H3K4me1_TDH_BP/samples/mantle/ERS333896/problems/chr2:16329724-21153113,10.3196789273664,10.3723301846564,7,0,4,1,7,1
H3K4me1_TDH_BP/samples/mantle/ERS333896/problems/chr2:16329724-21153113,10.3723301846564,10.39743231107,7,0,4,1,7,1
H3K4me1_TDH_BP/samples/mantle/ERS333896/problems/chr2:16329724-21153113,10.39743231107,10.4368083046458,7,0,4,1,7,1
H3K4me1_TDH_BP/samples/mantle/ERS333896/problems/chr2:16329724-21153113,10.4368083046458,10.4655665339409,7,0,4,1,7,1
H3K4me1_TDH_BP/samples/mantle/ERS333896/problems/chr2:16329724-21153113,10.4655665339409,10.4731805266418,7,0,4,1,7,1
H3K4me1_TDH_BP/samples/mantle/ERS333896/problems/chr2:16329724-21153113,10.4731805266418,10.6801771151081,7,0,4,2,7,2
H3K4me1_TDH_BP/samples/mantle/ERS333896/problems/chr2:16329724-21153113,10.6801771151081,11.0692605407387,7,0,4,2,7,2
H3K4me1_TDH_BP/samples/mantle/ERS333896/problems/chr2:16329724-21153113,11.0692605407387,11.4986820446656,7,0,4,2,7,2
H3K4me1_TDH_BP/samples/mantle/ERS333896/problems/chr2:16329724-21153113,11.4986820446656,12.2949715727303,7,0,4,4,7,4
H3K4me1_TDH_BP/samples/mantle/ERS333896/problems/chr2:16329724-21153113,12.2949715727303,14.4188098476088,7,0,4,4,7,4
H3K4me1_TDH_BP/samples/mantle/ERS333896/problems/chr2:16329724-21153113,14.4188098476088,Inf,7,0,4,4,7,4
H3K4me1_TDH_BP/samples/mantle/ERS333896/problems/chr3:60000-66170270,-Inf,2.3857308100964,11,11,0,0,11,11
H3K4me1_TDH_BP/samples/mantle/ERS333896/problems/chr3:60000-66170270,2.3857308100964,6.95751080486723,11,11,0,0,11,11
H3K4me1_TDH_BP/samples/mantle/ERS333896/problems/chr3:60000-66170270,6.95751080486723,8.55569480797379,11,11,0,0,11,11
H3K4me1_TDH_BP/samples/mantle/ERS333896/problems/chr3:60000-66170270,8.55569480797379,9.27332952139436,11,10,0,0,11,10
H3K4me1_TDH_BP/samples/mantle/ERS333896/problems/chr3:60000-66170270,9.27332952139436,9.78899071571463,11,7,0,0,11,7
H3K4me1_TDH_BP/samples/mantle/ERS333896/problems/chr3:60000-66170270,9.78899071571463,10.073756310351,11,7,0,0,11,7
H3K4me1_TDH_BP/samples/mantle/ERS333896/problems/chr3:60000-66170270,10.073756310351,10.2217062724947,11,7,0,0,11,7
H3K4me1_TDH_BP/samples/mantle/ERS333896/problems/chr3:60000-66170270,10.2217062724947,10.2824197499354,11,7,0,0,11,7
H3K4me1_TDH_BP/samples/mantle/ERS333896/problems/chr3:60000-66170270,10.2824197499354,10.2913192210179,11,7,0,0,11,7
H3K4me1_TDH_BP/samples/mantle/ERS333896/problems/chr3:60000-66170270,10.2913192210179,10.2935829303148,11,7,0,0,11,7
H3K4me1_TDH_BP/samples/mantle/ERS333896/problems/chr3:60000-66170270,10.2935829303148,10.2951810690999,11,0,0,0,11,0
H3K4me1_TDH_BP/samples/mantle/ERS333896/problems/chr3:60000-66170270,10.2951810690999,10.2970385162503,11,0,0,0,11,0
H3K4me1_TDH_BP/samples/mantle/ERS333896/problems/chr3:60000-66170270,10.2970385162503,10.302784861232,11,0,0,0,11,0
H3K4me1_TDH_BP/samples/mantle/ERS333896/problems/chr3:60000-66170270,10.302784861232,10.3172872850762,11,0,0,0,11,0
H3K4me1_TDH_BP/samples/mantle/ERS333896/problems/chr3:60000-66170270,10.3172872850762,10.3537367335101,11,0,0,0,11,0
H3K4me1_TDH_BP/samples/mantle/ERS333896/problems/chr3:60000-66170270,10.3537367335101,12.3759502568534,11,0,0,0,11,0
H3K4me1_TDH_BP/samples/mantle/ERS333896/problems/chr3:60000-66170270,12.3759502568534,Inf,11,0,0,0,11,0
H3K4me1_TDH_BP/samples/mantle/ERS333896/problems/chr4:75452279-190000000,-Inf,2.4640769917114,11,11,4,0,11,11
H3K4me1_TDH_BP/samples/mantle/ERS333896/problems/chr4:75452279-190000000,2.4640769917114,6.74246807094565,11,11,4,0,11,11
H3K4me1_TDH_BP/samples/mantle/ERS333896/problems/chr4:75452279-190000000,6.74246807094565,8.09009778441831,11,10,4,0,11,10
H3K4me1_TDH_BP/samples/mantle/ERS333896/problems/chr4:75452279-190000000,8.09009778441831,8.52958003891854,11,9,4,0,11,9
H3K4me1_TDH_BP/samples/mantle/ERS333896/problems/chr4:75452279-190000000,8.52958003891854,8.84484476449558,11,9,4,0,11,9
H3K4me1_TDH_BP/samples/mantle/ERS333896/problems/chr4:75452279-190000000,8.84484476449558,9.07447254910716,11,7,4,0,11,7
H3K4me1_TDH_BP/samples/mantle/ERS333896/problems/chr4:75452279-190000000,9.07447254910716,9.21674635945373,11,7,4,0,11,7
H3K4me1_TDH_BP/samples/mantle/ERS333896/problems/chr4:75452279-190000000,9.21674635945373,9.32521086583395,11,6,4,0,11,6
H3K4me1_TDH_BP/samples/mantle/ERS333896/problems/chr4:75452279-190000000,9.32521086583395,9.58320638895837,11,6,4,2,11,8
H3K4me1_TDH_BP/samples/mantle/ERS333896/problems/chr4:75452279-190000000,9.58320638895837,9.82532115222431,11,6,4,2,11,8
H3K4me1_TDH_BP/samples/mantle/ERS333896/problems/chr4:75452279-190000000,9.82532115222431,9.86684984081169,11,1,4,2,11,3
H3K4me1_TDH_BP/samples/mantle/ERS333896/problems/chr4:75452279-190000000,9.86684984081169,9.88723134530179,11,1,4,2,11,3
H3K4me1_TDH_BP/samples/mantle/ERS333896/problems/chr4:75452279-190000000,9.88723134530179,9.89620708989493,11,1,4,2,11,3
H3K4me1_TDH_BP/samples/mantle/ERS333896/problems/chr4:75452279-190000000,9.89620708989493,9.90177344522878,11,1,4,2,11,3
H3K4me1_TDH_BP/samples/mantle/ERS333896/problems/chr4:75452279-190000000,9.90177344522878,9.90336172857343,11,1,4,2,11,3
H3K4me1_TDH_BP/samples/mantle/ERS333896/problems/chr4:75452279-190000000,9.90336172857343,9.90361751098794,11,1,4,2,11,3
H3K4me1_TDH_BP/samples/mantle/ERS333896/problems/chr4:75452279-190000000,9.90361751098794,9.90408436539258,11,0,4,2,11,2
H3K4me1_TDH_BP/samples/mantle/ERS333896/problems/chr4:75452279-190000000,9.90408436539258,9.90521702360454,11,0,4,2,11,2
H3K4me1_TDH_BP/samples/mantle/ERS333896/problems/chr4:75452279-190000000,9.90521702360454,9.95851810190407,11,0,4,2,11,2
H3K4me1_TDH_BP/samples/mantle/ERS333896/problems/chr4:75452279-190000000,9.95851810190407,10.0676011215375,11,0,4,2,11,2
H3K4me1_TDH_BP/samples/mantle/ERS333896/problems/chr4:75452279-190000000,10.0676011215375,10.1935357725247,11,0,4,2,11,2
H3K4me1_TDH_BP/samples/mantle/ERS333896/problems/chr4:75452279-190000000,10.1935357725247,10.3190433116527,11,0,4,2,11,2
H3K4me1_TDH_BP/samples/mantle/ERS333896/problems/chr4:75452279-190000000,10.3190433116527,10.4500901878786,11,0,4,2,11,2
H3K4me1_TDH_BP/samples/mantle/ERS333896/problems/chr4:75452279-190000000,10.4500901878786,10.5974752390836,11,0,4,2,11,2
H3K4me1_TDH_BP/samples/mantle/ERS333896/problems/chr4:75452279-190000000,10.5974752390836,10.7477568764096,11,0,4,2,11,2
H3K4me1_TDH_BP/samples/mantle/ERS333896/problems/chr4:75452279-190000000,10.7477568764096,10.9283305193261,11,0,4,2,11,2
H3K4me1_TDH_BP/samples/mantle/ERS333896/problems/chr4:75452279-190000000,10.9283305193261,11.0835032035573,11,0,4,2,11,2
H3K4me1_TDH_BP/samples/mantle/ERS333896/problems/chr4:75452279-190000000,11.0835032035573,11.229900922215,11,0,4,2,11,2
H3K4me1_TDH_BP/samples/mantle/ERS333896/problems/chr4:75452279-190000000,11.229900922215,11.3951941100194,11,0,4,2,11,2
H3K4me1_TDH_BP/samples/mantle/ERS333896/problems/chr4:75452279-190000000,11.3951941100194,11.5659012556504,11,0,4,2,11,2
H3K4me1_TDH_BP/samples/mantle/ERS333896/problems/chr4:75452279-190000000,11.5659012556504,11.7453835479047,11,0,4,2,11,2
H3K4me1_TDH_BP/samples/mantle/ERS333896/problems/chr4:75452279-190000000,11.7453835479047,11.9075784565291,11,0,4,2,11,2
H3K4me1_TDH_BP/samples/mantle/ERS333896/problems/chr4:75452279-190000000,11.9075784565291,12.0904090464729,11,0,4,2,11,2
H3K4me1_TDH_BP/samples/mantle/ERS333896/problems/chr4:75452279-190000000,12.0904090464729,12.2416379818476,11,0,4,2,11,2
H3K4me1_TDH_BP/samples/mantle/ERS333896/problems/chr4:75452279-190000000,12.2416379818476,12.3268301652571,11,0,4,2,11,2
H3K4me1_TDH_BP/samples/mantle/ERS333896/problems/chr4:75452279-190000000,12.3268301652571,12.3496075666187,11,0,4,2,11,2
H3K4me1_TDH_BP/samples/mantle/ERS333896/problems/chr4:75452279-190000000,12.3496075666187,12.3542372613371,11,0,4,2,11,2
H3K4me1_TDH_BP/samples/mantle/ERS333896/problems/chr4:75452279-190000000,12.3542372613371,12.3543119772027,11,0,4,3,11,3
H3K4me1_TDH_BP/samples/mantle/ERS333896/problems/chr4:75452279-190000000,12.3543119772027,12.3561693783354,11,0,4,3,11,3
H3K4me1_TDH_BP/samples/mantle/ERS333896/problems/chr4:75452279-190000000,12.3561693783354,12.3775766341157,11,0,4,3,11,3
H3K4me1_TDH_BP/samples/mantle/ERS333896/problems/chr4:75452279-190000000,12.3775766341157,12.4934528078821,11,0,4,3,11,3
H3K4me1_TDH_BP/samples/mantle/ERS333896/problems/chr4:75452279-190000000,12.4934528078821,12.8442045654297,11,0,4,3,11,3
H3K4me1_TDH_BP/samples/mantle/ERS333896/problems/chr4:75452279-190000000,12.8442045654297,14.6456431742303,11,0,4,4,11,4
H3K4me1_TDH_BP/samples/mantle/ERS333896/problems/chr4:75452279-190000000,14.6456431742303,Inf,11,0,4,4,11,4
H3K4me1_TDH_BP/samples/mantle/ERS333896/problems/chr5:91686128-138787073,-Inf,2.44600354529124,15,15,1,0,15,15
H3K4me1_TDH_BP/samples/mantle/ERS333896/problems/chr5:91686128-138787073,2.44600354529124,6.89834116140674,15,15,1,0,15,15
H3K4me1_TDH_BP/samples/mantle/ERS333896/problems/chr5:91686128-138787073,6.89834116140674,8.37814534620692,15,15,1,0,15,15
H3K4me1_TDH_BP/samples/mantle/ERS333896/problems/chr5:91686128-138787073,8.37814534620692,8.95068870089109,15,12,1,0,15,12
H3K4me1_TDH_BP/samples/mantle/ERS333896/problems/chr5:91686128-138787073,8.95068870089109,9.42903383336661,15,9,1,0,15,9
H3K4me1_TDH_BP/samples/mantle/ERS333896/problems/chr5:91686128-138787073,9.42903383336661,9.70930660587562,15,9,1,0,15,9
H3K4me1_TDH_BP/samples/mantle/ERS333896/problems/chr5:91686128-138787073,9.70930660587562,9.85708238694605,15,7,1,0,15,7
H3K4me1_TDH_BP/samples/mantle/ERS333896/problems/chr5:91686128-138787073,9.85708238694605,9.92410188773264,15,7,1,0,15,7
H3K4me1_TDH_BP/samples/mantle/ERS333896/problems/chr5:91686128-138787073,9.92410188773264,9.93931996243548,15,7,1,0,15,7
H3K4me1_TDH_BP/samples/mantle/ERS333896/problems/chr5:91686128-138787073,9.93931996243548,9.94715555503938,15,7,1,0,15,7
H3K4me1_TDH_BP/samples/mantle/ERS333896/problems/chr5:91686128-138787073,9.94715555503938,9.94912243623095,15,7,1,0,15,7
H3K4me1_TDH_BP/samples/mantle/ERS333896/problems/chr5:91686128-138787073,9.94912243623095,9.95111121467677,15,0,1,0,15,0
H3K4me1_TDH_BP/samples/mantle/ERS333896/problems/chr5:91686128-138787073,9.95111121467677,9.95764171651107,15,0,1,0,15,0
H3K4me1_TDH_BP/samples/mantle/ERS333896/problems/chr5:91686128-138787073,9.95764171651107,9.98627630543971,15,0,1,0,15,0
H3K4me1_TDH_BP/samples/mantle/ERS333896/problems/chr5:91686128-138787073,9.98627630543971,10.9683381374736,15,0,1,0,15,0
H3K4me1_TDH_BP/samples/mantle/ERS333896/problems/chr5:91686128-138787073,10.9683381374736,12.4766474761882,15,0,1,0,15,0
H3K4me1_TDH_BP/samples/mantle/ERS333896/problems/chr5:91686128-138787073,12.4766474761882,13.0270146602868,15,0,1,0,15,0
H3K4me1_TDH_BP/samples/mantle/ERS333896/problems/chr5:91686128-138787073,13.0270146602868,13.2840501959916,15,0,1,0,15,0
H3K4me1_TDH_BP/samples/mantle/ERS333896/problems/chr5:91686128-138787073,13.2840501959916,13.5031685792705,15,0,1,0,15,0
H3K4me1_TDH_BP/samples/mantle/ERS333896/problems/chr5:91686128-138787073,13.5031685792705,13.5393279804775,15,0,1,1,15,1
H3K4me1_TDH_BP/samples/mantle/ERS333896/problems/chr5:91686128-138787073,13.5393279804775,13.6214743515413,15,0,1,1,15,1
H3K4me1_TDH_BP/samples/mantle/ERS333896/problems/chr5:91686128-138787073,13.6214743515413,13.6932479739955,15,0,1,1,15,1
H3K4me1_TDH_BP/samples/mantle/ERS333896/problems/chr5:91686128-138787073,13.6932479739955,15.1141527044941,15,0,1,1,15,1
H3K4me1_TDH_BP/samples/mantle/ERS333896/problems/chr5:91686128-138787073,15.1141527044941,Inf,15,0,1,1,15,1
H3K4me1_TDH_BP/samples/myeloid/ERS255951/problems/chr1:149509645-205922707,-Inf,2.22526883148594,14,14,3,0,14,14
H3K4me1_TDH_BP/samples/myeloid/ERS255951/problems/chr1:149509645-205922707,2.22526883148594,6.75587971125758,14,14,3,0,14,14
H3K4me1_TDH_BP/samples/myeloid/ERS255951/problems/chr1:149509645-205922707,6.75587971125758,8.53501133911746,14,13,3,0,14,13
H3K4me1_TDH_BP/samples/myeloid/ERS255951/problems/chr1:149509645-205922707,8.53501133911746,9.65217595701545,14,5,3,0,14,5
H3K4me1_TDH_BP/samples/myeloid/ERS255951/problems/chr1:149509645-205922707,9.65217595701545,9.84985133898091,14,4,3,0,14,4
H3K4me1_TDH_BP/samples/myeloid/ERS255951/problems/chr1:149509645-205922707,9.84985133898091,9.86929195907234,14,4,3,0,14,4
H3K4me1_TDH_BP/samples/myeloid/ERS255951/problems/chr1:149509645-205922707,9.86929195907234,9.871179432096,14,4,3,0,14,4
H3K4me1_TDH_BP/samples/myeloid/ERS255951/problems/chr1:149509645-205922707,9.871179432096,9.87174535407232,14,4,3,0,14,4
H3K4me1_TDH_BP/samples/myeloid/ERS255951/problems/chr1:149509645-205922707,9.87174535407232,9.87479641579118,14,0,3,0,14,0
H3K4me1_TDH_BP/samples/myeloid/ERS255951/problems/chr1:149509645-205922707,9.87479641579118,9.88492243251578,14,0,3,0,14,0
H3K4me1_TDH_BP/samples/myeloid/ERS255951/problems/chr1:149509645-205922707,9.88492243251578,9.91466258836221,14,0,3,0,14,0
H3K4me1_TDH_BP/samples/myeloid/ERS255951/problems/chr1:149509645-205922707,9.91466258836221,9.98305740059236,14,0,3,0,14,0
H3K4me1_TDH_BP/samples/myeloid/ERS255951/problems/chr1:149509645-205922707,9.98305740059236,10.1321422360721,14,0,3,0,14,0
H3K4me1_TDH_BP/samples/myeloid/ERS255951/problems/chr1:149509645-205922707,10.1321422360721,10.4550154692258,14,0,3,0,14,0
H3K4me1_TDH_BP/samples/myeloid/ERS255951/problems/chr1:149509645-205922707,10.4550154692258,10.8170307867073,14,0,3,0,14,0
H3K4me1_TDH_BP/samples/myeloid/ERS255951/problems/chr1:149509645-205922707,10.8170307867073,10.9423613491951,14,0,3,0,14,0
H3K4me1_TDH_BP/samples/myeloid/ERS255951/problems/chr1:149509645-205922707,10.9423613491951,10.945635005895,14,0,3,0,14,0
H3K4me1_TDH_BP/samples/myeloid/ERS255951/problems/chr1:149509645-205922707,10.945635005895,10.9486950540343,14,0,3,0,14,0
H3K4me1_TDH_BP/samples/myeloid/ERS255951/problems/chr1:149509645-205922707,10.9486950540343,10.9495200371279,14,0,3,0,14,0
H3K4me1_TDH_BP/samples/myeloid/ERS255951/problems/chr1:149509645-205922707,10.9495200371279,10.9500350058694,14,0,3,2,14,2
H3K4me1_TDH_BP/samples/myeloid/ERS255951/problems/chr1:149509645-205922707,10.9500350058694,10.9612512044945,14,0,3,2,14,2
H3K4me1_TDH_BP/samples/myeloid/ERS255951/problems/chr1:149509645-205922707,10.9612512044945,10.9826565228674,14,0,3,2,14,2
H3K4me1_TDH_BP/samples/myeloid/ERS255951/problems/chr1:149509645-205922707,10.9826565228674,11.0336817140005,14,0,3,2,14,2
H3K4me1_TDH_BP/samples/myeloid/ERS255951/problems/chr1:149509645-205922707,11.0336817140005,11.128551723458,14,0,3,2,14,2
H3K4me1_TDH_BP/samples/myeloid/ERS255951/problems/chr1:149509645-205922707,11.128551723458,11.7591958705194,14,0,3,2,14,2
H3K4me1_TDH_BP/samples/myeloid/ERS255951/problems/chr1:149509645-205922707,11.7591958705194,13.6691717965779,14,0,3,2,14,2
H3K4me1_TDH_BP/samples/myeloid/ERS255951/problems/chr1:149509645-205922707,13.6691717965779,Inf,14,0,3,3,14,3
H3K4me1_TDH_BP/samples/myeloid/ERS255951/problems/chr2:162200000-234003741,-Inf,2.26468112016253,8,8,2,0,8,8
H3K4me1_TDH_BP/samples/myeloid/ERS255951/problems/chr2:162200000-234003741,2.26468112016253,6.5983120217386,8,8,2,0,8,8
H3K4me1_TDH_BP/samples/myeloid/ERS255951/problems/chr2:162200000-234003741,6.5983120217386,8.28845085906733,8,8,2,0,8,8
H3K4me1_TDH_BP/samples/myeloid/ERS255951/problems/chr2:162200000-234003741,8.28845085906733,9.58727799727342,8,6,2,0,8,6
H3K4me1_TDH_BP/samples/myeloid/ERS255951/problems/chr2:162200000-234003741,9.58727799727342,10.6640783875093,8,3,2,0,8,3
H3K4me1_TDH_BP/samples/myeloid/ERS255951/problems/chr2:162200000-234003741,10.6640783875093,10.8493381719226,8,1,2,0,8,1
H3K4me1_TDH_BP/samples/myeloid/ERS255951/problems/chr2:162200000-234003741,10.8493381719226,10.8923683022443,8,1,2,0,8,1
H3K4me1_TDH_BP/samples/myeloid/ERS255951/problems/chr2:162200000-234003741,10.8923683022443,10.9081966740181,8,1,2,0,8,1
H3K4me1_TDH_BP/samples/myeloid/ERS255951/problems/chr2:162200000-234003741,10.9081966740181,10.9132621925595,8,1,2,0,8,1
H3K4me1_TDH_BP/samples/myeloid/ERS255951/problems/chr2:162200000-234003741,10.9132621925595,10.9138073107417,8,0,2,0,8,0
H3K4me1_TDH_BP/samples/myeloid/ERS255951/problems/chr2:162200000-234003741,10.9138073107417,10.9156568570913,8,0,2,0,8,0
H3K4me1_TDH_BP/samples/myeloid/ERS255951/problems/chr2:162200000-234003741,10.9156568570913,10.9178551341121,8,0,2,0,8,0
H3K4me1_TDH_BP/samples/myeloid/ERS255951/problems/chr2:162200000-234003741,10.9178551341121,10.9386021480889,8,0,2,0,8,0
H3K4me1_TDH_BP/samples/myeloid/ERS255951/problems/chr2:162200000-234003741,10.9386021480889,11.0387655195187,8,0,2,0,8,0
H3K4me1_TDH_BP/samples/myeloid/ERS255951/problems/chr2:162200000-234003741,11.0387655195187,11.4942987675596,8,0,2,0,8,0
H3K4me1_TDH_BP/samples/myeloid/ERS255951/problems/chr2:162200000-234003741,11.4942987675596,12.0141328338128,8,0,2,0,8,0
H3K4me1_TDH_BP/samples/myeloid/ERS255951/problems/chr2:162200000-234003741,12.0141328338128,12.1888649556184,8,0,2,0,8,0
H3K4me1_TDH_BP/samples/myeloid/ERS255951/problems/chr2:162200000-234003741,12.1888649556184,12.2835813297918,8,0,2,0,8,0
H3K4me1_TDH_BP/samples/myeloid/ERS255951/problems/chr2:162200000-234003741,12.2835813297918,12.321305281449,8,0,2,0,8,0
H3K4me1_TDH_BP/samples/myeloid/ERS255951/problems/chr2:162200000-234003741,12.321305281449,12.3433283620368,8,0,2,0,8,0
H3K4me1_TDH_BP/samples/myeloid/ERS255951/problems/chr2:162200000-234003741,12.3433283620368,12.3483025463586,8,0,2,0,8,0
H3K4me1_TDH_BP/samples/myeloid/ERS255951/problems/chr2:162200000-234003741,12.3483025463586,12.3504170920871,8,0,2,0,8,0
H3K4me1_TDH_BP/samples/myeloid/ERS255951/problems/chr2:162200000-234003741,12.3504170920871,12.6212801158794,8,0,2,2,8,2
H3K4me1_TDH_BP/samples/myeloid/ERS255951/problems/chr2:162200000-234003741,12.6212801158794,14.1780871806483,8,0,2,2,8,2
H3K4me1_TDH_BP/samples/myeloid/ERS255951/problems/chr2:162200000-234003741,14.1780871806483,Inf,8,0,2,2,8,2
H3K4me1_TDH_BP/samples/myeloid/ERS255951/problems/chr2:16329724-21153113,-Inf,2.23085805577736,7,7,2,0,7,7
H3K4me1_TDH_BP/samples/myeloid/ERS255951/problems/chr2:16329724-21153113,2.23085805577736,6.50386333700057,7,7,2,0,7,7
H3K4me1_TDH_BP/samples/myeloid/ERS255951/problems/chr2:16329724-21153113,6.50386333700057,8.22256453777861,7,7,2,0,7,7
H3K4me1_TDH_BP/samples/myeloid/ERS255951/problems/chr2:16329724-21153113,8.22256453777861,9.46166468106738,7,5,2,0,7,5
H3K4me1_TDH_BP/samples/myeloid/ERS255951/problems/chr2:16329724-21153113,9.46166468106738,10.3465167885362,7,3,2,0,7,3
H3K4me1_TDH_BP/samples/myeloid/ERS255951/problems/chr2:16329724-21153113,10.3465167885362,10.3929680248141,7,2,2,0,7,2
H3K4me1_TDH_BP/samples/myeloid/ERS255951/problems/chr2:16329724-21153113,10.3929680248141,10.4705168023079,7,2,2,0,7,2
H3K4me1_TDH_BP/samples/myeloid/ERS255951/problems/chr2:16329724-21153113,10.4705168023079,10.7180084435778,7,2,2,0,7,2
H3K4me1_TDH_BP/samples/myeloid/ERS255951/problems/chr2:16329724-21153113,10.7180084435778,10.9826814144828,7,2,2,0,7,2
H3K4me1_TDH_BP/samples/myeloid/ERS255951/problems/chr2:16329724-21153113,10.9826814144828,11.1294471745764,7,2,2,0,7,2
H3K4me1_TDH_BP/samples/myeloid/ERS255951/problems/chr2:16329724-21153113,11.1294471745764,11.4375797892257,7,2,2,0,7,2
H3K4me1_TDH_BP/samples/myeloid/ERS255951/problems/chr2:16329724-21153113,11.4375797892257,11.6841525835469,7,2,2,0,7,2
H3K4me1_TDH_BP/samples/myeloid/ERS255951/problems/chr2:16329724-21153113,11.6841525835469,11.8783033890572,7,2,2,0,7,2
H3K4me1_TDH_BP/samples/myeloid/ERS255951/problems/chr2:16329724-21153113,11.8783033890572,11.9497312888928,7,2,2,2,7,4
H3K4me1_TDH_BP/samples/myeloid/ERS255951/problems/chr2:16329724-21153113,11.9497312888928,12.1427782868807,7,2,2,2,7,4
H3K4me1_TDH_BP/samples/myeloid/ERS255951/problems/chr2:16329724-21153113,12.1427782868807,12.3368810722407,7,2,2,2,7,4
H3K4me1_TDH_BP/samples/myeloid/ERS255951/problems/chr2:16329724-21153113,12.3368810722407,12.3460917966082,7,0,2,2,7,2
H3K4me1_TDH_BP/samples/myeloid/ERS255951/problems/chr2:16329724-21153113,12.3460917966082,13.5483715697196,7,0,2,2,7,2
H3K4me1_TDH_BP/samples/myeloid/ERS255951/problems/chr2:16329724-21153113,13.5483715697196,13.9922133439099,7,0,2,2,7,2
H3K4me1_TDH_BP/samples/myeloid/ERS255951/problems/chr2:16329724-21153113,13.9922133439099,Inf,7,0,2,2,7,2
H3K4me1_TDH_BP/samples/myeloid/ERS255951/problems/chr3:60000-66170270,-Inf,2.22064039388671,11,11,4,0,11,11
H3K4me1_TDH_BP/samples/myeloid/ERS255951/problems/chr3:60000-66170270,2.22064039388671,6.67327107374428,11,11,4,0,11,11
H3K4me1_TDH_BP/samples/myeloid/ERS255951/problems/chr3:60000-66170270,6.67327107374428,8.00427118186018,11,11,4,0,11,11
H3K4me1_TDH_BP/samples/myeloid/ERS255951/problems/chr3:60000-66170270,8.00427118186018,8.21144290283429,11,11,4,0,11,11
H3K4me1_TDH_BP/samples/myeloid/ERS255951/problems/chr3:60000-66170270,8.21144290283429,8.31895285434276,11,11,4,0,11,11
H3K4me1_TDH_BP/samples/myeloid/ERS255951/problems/chr3:60000-66170270,8.31895285434276,8.36606858519186,11,10,4,0,11,10
H3K4me1_TDH_BP/samples/myeloid/ERS255951/problems/chr3:60000-66170270,8.36606858519186,8.37820703566363,11,10,4,0,11,10
H3K4me1_TDH_BP/samples/myeloid/ERS255951/problems/chr3:60000-66170270,8.37820703566363,8.38199071145891,11,10,4,0,11,10
H3K4me1_TDH_BP/samples/myeloid/ERS255951/problems/chr3:60000-66170270,8.38199071145891,8.3833602350401,11,10,4,0,11,10
H3K4me1_TDH_BP/samples/myeloid/ERS255951/problems/chr3:60000-66170270,8.3833602350401,8.38376780611655,11,10,4,0,11,10
H3K4me1_TDH_BP/samples/myeloid/ERS255951/problems/chr3:60000-66170270,8.38376780611655,8.38380839378301,11,9,4,1,11,10
H3K4me1_TDH_BP/samples/myeloid/ERS255951/problems/chr3:60000-66170270,8.38380839378301,8.38416227210093,11,9,4,1,11,10
H3K4me1_TDH_BP/samples/myeloid/ERS255951/problems/chr3:60000-66170270,8.38416227210093,8.38500115953526,11,9,4,1,11,10
H3K4me1_TDH_BP/samples/myeloid/ERS255951/problems/chr3:60000-66170270,8.38500115953526,8.39076633488254,11,9,4,1,11,10
H3K4me1_TDH_BP/samples/myeloid/ERS255951/problems/chr3:60000-66170270,8.39076633488254,8.41595581152977,11,9,4,1,11,10
H3K4me1_TDH_BP/samples/myeloid/ERS255951/problems/chr3:60000-66170270,8.41595581152977,8.78146698124085,11,9,4,1,11,10
H3K4me1_TDH_BP/samples/myeloid/ERS255951/problems/chr3:60000-66170270,8.78146698124085,9.64749083890812,11,7,4,1,11,8
H3K4me1_TDH_BP/samples/myeloid/ERS255951/problems/chr3:60000-66170270,9.64749083890812,10.0660762887361,11,5,4,1,11,6
H3K4me1_TDH_BP/samples/myeloid/ERS255951/problems/chr3:60000-66170270,10.0660762887361,10.1001641236838,11,5,4,1,11,6
H3K4me1_TDH_BP/samples/myeloid/ERS255951/problems/chr3:60000-66170270,10.1001641236838,10.1196613478568,11,5,4,1,11,6
H3K4me1_TDH_BP/samples/myeloid/ERS255951/problems/chr3:60000-66170270,10.1196613478568,10.1270447284291,11,5,4,1,11,6
H3K4me1_TDH_BP/samples/myeloid/ERS255951/problems/chr3:60000-66170270,10.1270447284291,10.1273817080733,11,0,4,2,11,2
H3K4me1_TDH_BP/samples/myeloid/ERS255951/problems/chr3:60000-66170270,10.1273817080733,10.130950889527,11,0,4,2,11,2
H3K4me1_TDH_BP/samples/myeloid/ERS255951/problems/chr3:60000-66170270,10.130950889527,10.1349702220179,11,0,4,2,11,2
H3K4me1_TDH_BP/samples/myeloid/ERS255951/problems/chr3:60000-66170270,10.1349702220179,10.1884661796126,11,0,4,2,11,2
H3K4me1_TDH_BP/samples/myeloid/ERS255951/problems/chr3:60000-66170270,10.1884661796126,10.3088665055284,11,0,4,2,11,2
H3K4me1_TDH_BP/samples/myeloid/ERS255951/problems/chr3:60000-66170270,10.3088665055284,10.4158495257944,11,0,4,2,11,2
H3K4me1_TDH_BP/samples/myeloid/ERS255951/problems/chr3:60000-66170270,10.4158495257944,10.5400273566552,11,0,4,2,11,2
H3K4me1_TDH_BP/samples/myeloid/ERS255951/problems/chr3:60000-66170270,10.5400273566552,10.6378868904692,11,0,4,2,11,2
H3K4me1_TDH_BP/samples/myeloid/ERS255951/problems/chr3:60000-66170270,10.6378868904692,10.6998238343564,11,0,4,2,11,2
H3K4me1_TDH_BP/samples/myeloid/ERS255951/problems/chr3:60000-66170270,10.6998238343564,10.7980817106256,11,0,4,2,11,2
H3K4me1_TDH_BP/samples/myeloid/ERS255951/problems/chr3:60000-66170270,10.7980817106256,10.9093430157901,11,0,4,2,11,2
H3K4me1_TDH_BP/samples/myeloid/ERS255951/problems/chr3:60000-66170270,10.9093430157901,10.9855546870035,11,0,4,2,11,2
H3K4me1_TDH_BP/samples/myeloid/ERS255951/problems/chr3:60000-66170270,10.9855546870035,11.0914886172883,11,0,4,2,11,2
H3K4me1_TDH_BP/samples/myeloid/ERS255951/problems/chr3:60000-66170270,11.0914886172883,11.2208105889266,11,0,4,2,11,2
H3K4me1_TDH_BP/samples/myeloid/ERS255951/problems/chr3:60000-66170270,11.2208105889266,11.326656709888,11,0,4,2,11,2
H3K4me1_TDH_BP/samples/myeloid/ERS255951/problems/chr3:60000-66170270,11.326656709888,11.3986972747012,11,0,4,2,11,2
H3K4me1_TDH_BP/samples/myeloid/ERS255951/problems/chr3:60000-66170270,11.3986972747012,11.4901128877687,11,0,4,2,11,2
H3K4me1_TDH_BP/samples/myeloid/ERS255951/problems/chr3:60000-66170270,11.4901128877687,11.5691607213362,11,0,4,2,11,2
H3K4me1_TDH_BP/samples/myeloid/ERS255951/problems/chr3:60000-66170270,11.5691607213362,11.6413996795758,11,0,4,2,11,2
H3K4me1_TDH_BP/samples/myeloid/ERS255951/problems/chr3:60000-66170270,11.6413996795758,11.6679652086788,11,0,4,2,11,2
H3K4me1_TDH_BP/samples/myeloid/ERS255951/problems/chr3:60000-66170270,11.6679652086788,11.6798489918645,11,0,4,2,11,2
H3K4me1_TDH_BP/samples/myeloid/ERS255951/problems/chr3:60000-66170270,11.6798489918645,11.6812296778127,11,0,4,2,11,2
H3K4me1_TDH_BP/samples/myeloid/ERS255951/problems/chr3:60000-66170270,11.6812296778127,11.6820276008986,11,0,4,2,11,2
H3K4me1_TDH_BP/samples/myeloid/ERS255951/problems/chr3:60000-66170270,11.6820276008986,11.6918576674006,11,0,4,4,11,4
H3K4me1_TDH_BP/samples/myeloid/ERS255951/problems/chr3:60000-66170270,11.6918576674006,11.7347143605064,11,0,4,4,11,4
H3K4me1_TDH_BP/samples/myeloid/ERS255951/problems/chr3:60000-66170270,11.7347143605064,11.8858885623699,11,0,4,4,11,4
H3K4me1_TDH_BP/samples/myeloid/ERS255951/problems/chr3:60000-66170270,11.8858885623699,12.1847862230543,11,0,4,4,11,4
H3K4me1_TDH_BP/samples/myeloid/ERS255951/problems/chr3:60000-66170270,12.1847862230543,13.7165556169658,11,0,4,4,11,4
H3K4me1_TDH_BP/samples/myeloid/ERS255951/problems/chr3:60000-66170270,13.7165556169658,Inf,11,0,4,4,11,4
H3K4me1_TDH_BP/samples/myeloid/ERS255951/problems/chr4:75452279-190000000,-Inf,2.32149443553206,11,11,1,0,11,11
H3K4me1_TDH_BP/samples/myeloid/ERS255951/problems/chr4:75452279-190000000,2.32149443553206,6.535890422499,11,11,1,0,11,11
H3K4me1_TDH_BP/samples/myeloid/ERS255951/problems/chr4:75452279-190000000,6.535890422499,8.15094320827586,11,11,1,0,11,11
H3K4me1_TDH_BP/samples/myeloid/ERS255951/problems/chr4:75452279-190000000,8.15094320827586,9.17669430516787,11,10,1,0,11,10
H3K4me1_TDH_BP/samples/myeloid/ERS255951/problems/chr4:75452279-190000000,9.17669430516787,10.0987202182491,11,8,1,0,11,8
H3K4me1_TDH_BP/samples/myeloid/ERS255951/problems/chr4:75452279-190000000,10.0987202182491,10.2961393947649,11,8,1,0,11,8
H3K4me1_TDH_BP/samples/myeloid/ERS255951/problems/chr4:75452279-190000000,10.2961393947649,10.3722561663407,11,1,1,0,11,1
H3K4me1_TDH_BP/samples/myeloid/ERS255951/problems/chr4:75452279-190000000,10.3722561663407,10.3728847654471,11,1,1,0,11,1
H3K4me1_TDH_BP/samples/myeloid/ERS255951/problems/chr4:75452279-190000000,10.3728847654471,10.3730315524199,11,1,1,0,11,1
H3K4me1_TDH_BP/samples/myeloid/ERS255951/problems/chr4:75452279-190000000,10.3730315524199,10.3737951683851,11,0,1,0,11,0
H3K4me1_TDH_BP/samples/myeloid/ERS255951/problems/chr4:75452279-190000000,10.3737951683851,10.3783007573958,11,0,1,0,11,0
H3K4me1_TDH_BP/samples/myeloid/ERS255951/problems/chr4:75452279-190000000,10.3783007573958,10.3871021003155,11,0,1,0,11,0
H3K4me1_TDH_BP/samples/myeloid/ERS255951/problems/chr4:75452279-190000000,10.3871021003155,10.4049170871737,11,0,1,0,11,0
H3K4me1_TDH_BP/samples/myeloid/ERS255951/problems/chr4:75452279-190000000,10.4049170871737,10.4305895442427,11,0,1,0,11,0
H3K4me1_TDH_BP/samples/myeloid/ERS255951/problems/chr4:75452279-190000000,10.4305895442427,10.4869641756876,11,0,1,0,11,0
H3K4me1_TDH_BP/samples/myeloid/ERS255951/problems/chr4:75452279-190000000,10.4869641756876,10.9063146652744,11,0,1,0,11,0
H3K4me1_TDH_BP/samples/myeloid/ERS255951/problems/chr4:75452279-190000000,10.9063146652744,11.5117778545367,11,0,1,0,11,0
H3K4me1_TDH_BP/samples/myeloid/ERS255951/problems/chr4:75452279-190000000,11.5117778545367,11.8534327164483,11,0,1,0,11,0
H3K4me1_TDH_BP/samples/myeloid/ERS255951/problems/chr4:75452279-190000000,11.8534327164483,12.0241230766082,11,0,1,0,11,0
H3K4me1_TDH_BP/samples/myeloid/ERS255951/problems/chr4:75452279-190000000,12.0241230766082,12.0588812231201,11,0,1,0,11,0
H3K4me1_TDH_BP/samples/myeloid/ERS255951/problems/chr4:75452279-190000000,12.0588812231201,12.0717716893535,11,0,1,0,11,0
H3K4me1_TDH_BP/samples/myeloid/ERS255951/problems/chr4:75452279-190000000,12.0717716893535,12.0795907482823,11,0,1,1,11,1
H3K4me1_TDH_BP/samples/myeloid/ERS255951/problems/chr4:75452279-190000000,12.0795907482823,12.1316975928382,11,0,1,1,11,1
H3K4me1_TDH_BP/samples/myeloid/ERS255951/problems/chr4:75452279-190000000,12.1316975928382,12.300493405933,11,0,1,1,11,1
H3K4me1_TDH_BP/samples/myeloid/ERS255951/problems/chr4:75452279-190000000,12.300493405933,13.5240367309532,11,0,1,1,11,1
H3K4me1_TDH_BP/samples/myeloid/ERS255951/problems/chr4:75452279-190000000,13.5240367309532,Inf,11,0,1,1,11,1
H3K4me1_TDH_BP/samples/myeloid/ERS255951/problems/chr5:91686128-138787073,-Inf,2.29009635718247,15,15,5,0,15,15
H3K4me1_TDH_BP/samples/myeloid/ERS255951/problems/chr5:91686128-138787073,2.29009635718247,6.59772595185713,15,15,5,0,15,15
H3K4me1_TDH_BP/samples/myeloid/ERS255951/problems/chr5:91686128-138787073,6.59772595185713,8.27133431068914,15,15,5,0,15,15
H3K4me1_TDH_BP/samples/myeloid/ERS255951/problems/chr5:91686128-138787073,8.27133431068914,9.22281977774728,15,10,5,0,15,10
H3K4me1_TDH_BP/samples/myeloid/ERS255951/problems/chr5:91686128-138787073,9.22281977774728,9.73480030311276,15,6,5,0,15,6
H3K4me1_TDH_BP/samples/myeloid/ERS255951/problems/chr5:91686128-138787073,9.73480030311276,10.0755755968677,15,5,5,0,15,5
H3K4me1_TDH_BP/samples/myeloid/ERS255951/problems/chr5:91686128-138787073,10.0755755968677,10.2480911416987,15,5,5,0,15,5
H3K4me1_TDH_BP/samples/myeloid/ERS255951/problems/chr5:91686128-138787073,10.2480911416987,10.3176720297527,15,1,5,0,15,1
H3K4me1_TDH_BP/samples/myeloid/ERS255951/problems/chr5:91686128-138787073,10.3176720297527,10.3219814337717,15,1,5,0,15,1
H3K4me1_TDH_BP/samples/myeloid/ERS255951/problems/chr5:91686128-138787073,10.3219814337717,10.3236761397674,15,1,5,0,15,1
H3K4me1_TDH_BP/samples/myeloid/ERS255951/problems/chr5:91686128-138787073,10.3236761397674,10.3245488950963,15,1,5,0,15,1
H3K4me1_TDH_BP/samples/myeloid/ERS255951/problems/chr5:91686128-138787073,10.3245488950963,10.3289804306437,15,0,5,0,15,0
H3K4me1_TDH_BP/samples/myeloid/ERS255951/problems/chr5:91686128-138787073,10.3289804306437,10.3420920441704,15,0,5,0,15,0
H3K4me1_TDH_BP/samples/myeloid/ERS255951/problems/chr5:91686128-138787073,10.3420920441704,10.3688613947789,15,0,5,0,15,0
H3K4me1_TDH_BP/samples/myeloid/ERS255951/problems/chr5:91686128-138787073,10.3688613947789,10.4129731140486,15,0,5,0,15,0
H3K4me1_TDH_BP/samples/myeloid/ERS255951/problems/chr5:91686128-138787073,10.4129731140486,10.6321784392109,15,0,5,0,15,0
H3K4me1_TDH_BP/samples/myeloid/ERS255951/problems/chr5:91686128-138787073,10.6321784392109,10.878521178647,15,0,5,0,15,0
H3K4me1_TDH_BP/samples/myeloid/ERS255951/problems/chr5:91686128-138787073,10.878521178647,10.9974600466293,15,0,5,0,15,0
H3K4me1_TDH_BP/samples/myeloid/ERS255951/problems/chr5:91686128-138787073,10.9974600466293,11.038832825848,15,0,5,0,15,0
H3K4me1_TDH_BP/samples/myeloid/ERS255951/problems/chr5:91686128-138787073,11.038832825848,11.0455419176698,15,0,5,0,15,0
H3K4me1_TDH_BP/samples/myeloid/ERS255951/problems/chr5:91686128-138787073,11.0455419176698,11.0465037551128,15,0,5,0,15,0
H3K4me1_TDH_BP/samples/myeloid/ERS255951/problems/chr5:91686128-138787073,11.0465037551128,11.0465694182083,15,0,5,0,15,0
H3K4me1_TDH_BP/samples/myeloid/ERS255951/problems/chr5:91686128-138787073,11.0465694182083,11.0499688928029,15,0,5,2,15,2
H3K4me1_TDH_BP/samples/myeloid/ERS255951/problems/chr5:91686128-138787073,11.0499688928029,11.0608176962661,15,0,5,2,15,2
H3K4me1_TDH_BP/samples/myeloid/ERS255951/problems/chr5:91686128-138787073,11.0608176962661,11.085397783402,15,0,5,2,15,2
H3K4me1_TDH_BP/samples/myeloid/ERS255951/problems/chr5:91686128-138787073,11.085397783402,11.4709054025492,15,0,5,2,15,2
H3K4me1_TDH_BP/samples/myeloid/ERS255951/problems/chr5:91686128-138787073,11.4709054025492,13.1567427002744,15,0,5,2,15,2
H3K4me1_TDH_BP/samples/myeloid/ERS255951/problems/chr5:91686128-138787073,13.1567427002744,Inf,15,0,5,5,15,5
H3K4me1_TDH_BP/samples/myeloid/ERS365962/problems/chr1:149509645-205922707,-Inf,1.90374594669184,14,14,3,0,14,14
H3K4me1_TDH_BP/samples/myeloid/ERS365962/problems/chr1:149509645-205922707,1.90374594669184,6.43019193604194,14,14,3,0,14,14
H3K4me1_TDH_BP/samples/myeloid/ERS365962/problems/chr1:149509645-205922707,6.43019193604194,8.14769774021811,14,14,3,0,14,14
H3K4me1_TDH_BP/samples/myeloid/ERS365962/problems/chr1:149509645-205922707,8.14769774021811,9.013896945067,14,12,3,0,14,12
H3K4me1_TDH_BP/samples/myeloid/ERS365962/problems/chr1:149509645-205922707,9.013896945067,9.43858577253823,14,5,3,0,14,5
H3K4me1_TDH_BP/samples/myeloid/ERS365962/problems/chr1:149509645-205922707,9.43858577253823,9.65222318322883,14,1,3,0,14,1
H3K4me1_TDH_BP/samples/myeloid/ERS365962/problems/chr1:149509645-205922707,9.65222318322883,9.65378524518369,14,1,3,0,14,1
H3K4me1_TDH_BP/samples/myeloid/ERS365962/problems/chr1:149509645-205922707,9.65378524518369,9.65409259262927,14,0,3,0,14,0
H3K4me1_TDH_BP/samples/myeloid/ERS365962/problems/chr1:149509645-205922707,9.65409259262927,9.65563541288799,14,0,3,0,14,0
H3K4me1_TDH_BP/samples/myeloid/ERS365962/problems/chr1:149509645-205922707,9.65563541288799,9.66210062231038,14,0,3,0,14,0
H3K4me1_TDH_BP/samples/myeloid/ERS365962/problems/chr1:149509645-205922707,9.66210062231038,9.67451013027669,14,0,3,0,14,0
H3K4me1_TDH_BP/samples/myeloid/ERS365962/problems/chr1:149509645-205922707,9.67451013027669,9.69790096306997,14,0,3,0,14,0
H3K4me1_TDH_BP/samples/myeloid/ERS365962/problems/chr1:149509645-205922707,9.69790096306997,9.7440608436328,14,0,3,0,14,0
H3K4me1_TDH_BP/samples/myeloid/ERS365962/problems/chr1:149509645-205922707,9.7440608436328,9.83448315725993,14,0,3,0,14,0
H3K4me1_TDH_BP/samples/myeloid/ERS365962/problems/chr1:149509645-205922707,9.83448315725993,10.0362355991744,14,0,3,0,14,0
H3K4me1_TDH_BP/samples/myeloid/ERS365962/problems/chr1:149509645-205922707,10.0362355991744,10.255488265779,14,0,3,0,14,0
H3K4me1_TDH_BP/samples/myeloid/ERS365962/problems/chr1:149509645-205922707,10.255488265779,10.3286030364812,14,0,3,0,14,0
H3K4me1_TDH_BP/samples/myeloid/ERS365962/problems/chr1:149509645-205922707,10.3286030364812,10.331544968064,14,0,3,0,14,0
H3K4me1_TDH_BP/samples/myeloid/ERS365962/problems/chr1:149509645-205922707,10.331544968064,10.3323959653064,14,0,3,0,14,0
H3K4me1_TDH_BP/samples/myeloid/ERS365962/problems/chr1:149509645-205922707,10.3323959653064,10.3337330223587,14,0,3,2,14,2
H3K4me1_TDH_BP/samples/myeloid/ERS365962/problems/chr1:149509645-205922707,10.3337330223587,10.3393963243494,14,0,3,2,14,2
H3K4me1_TDH_BP/samples/myeloid/ERS365962/problems/chr1:149509645-205922707,10.3393963243494,10.3517157650744,14,0,3,2,14,2
H3K4me1_TDH_BP/samples/myeloid/ERS365962/problems/chr1:149509645-205922707,10.3517157650744,10.3742634037292,14,0,3,2,14,2
H3K4me1_TDH_BP/samples/myeloid/ERS365962/problems/chr1:149509645-205922707,10.3742634037292,10.4299226090785,14,0,3,2,14,2
H3K4me1_TDH_BP/samples/myeloid/ERS365962/problems/chr1:149509645-205922707,10.4299226090785,10.6163980458191,14,0,3,2,14,2
H3K4me1_TDH_BP/samples/myeloid/ERS365962/problems/chr1:149509645-205922707,10.6163980458191,11.1702241431838,14,0,3,2,14,2
H3K4me1_TDH_BP/samples/myeloid/ERS365962/problems/chr1:149509645-205922707,11.1702241431838,12.8202275390808,14,0,3,2,14,2
H3K4me1_TDH_BP/samples/myeloid/ERS365962/problems/chr1:149509645-205922707,12.8202275390808,Inf,14,0,3,3,14,3
H3K4me1_TDH_BP/samples/myeloid/ERS365962/problems/chr2:162200000-234003741,-Inf,1.93252204958053,8,8,2,0,8,8
H3K4me1_TDH_BP/samples/myeloid/ERS365962/problems/chr2:162200000-234003741,1.93252204958053,6.30055371579297,8,8,2,0,8,8
H3K4me1_TDH_BP/samples/myeloid/ERS365962/problems/chr2:162200000-234003741,6.30055371579297,7.94822399095124,8,8,2,0,8,8
H3K4me1_TDH_BP/samples/myeloid/ERS365962/problems/chr2:162200000-234003741,7.94822399095124,8.66555013284776,8,8,2,0,8,8
H3K4me1_TDH_BP/samples/myeloid/ERS365962/problems/chr2:162200000-234003741,8.66555013284776,8.96297629874678,8,7,2,0,8,7
H3K4me1_TDH_BP/samples/myeloid/ERS365962/problems/chr2:162200000-234003741,8.96297629874678,9.17583408480843,8,6,2,0,8,6
H3K4me1_TDH_BP/samples/myeloid/ERS365962/problems/chr2:162200000-234003741,9.17583408480843,9.36547455465156,8,6,2,1,8,7
H3K4me1_TDH_BP/samples/myeloid/ERS365962/problems/chr2:162200000-234003741,9.36547455465156,9.74948501710201,8,3,2,1,8,4
H3K4me1_TDH_BP/samples/myeloid/ERS365962/problems/chr2:162200000-234003741,9.74948501710201,10.2490654011959,8,2,2,1,8,3
H3K4me1_TDH_BP/samples/myeloid/ERS365962/problems/chr2:162200000-234003741,10.2490654011959,10.4811047707889,8,2,2,1,8,3
H3K4me1_TDH_BP/samples/myeloid/ERS365962/problems/chr2:162200000-234003741,10.4811047707889,10.5405452788619,8,2,2,1,8,3
H3K4me1_TDH_BP/samples/myeloid/ERS365962/problems/chr2:162200000-234003741,10.5405452788619,10.5561114895966,8,2,2,1,8,3
H3K4me1_TDH_BP/samples/myeloid/ERS365962/problems/chr2:162200000-234003741,10.5561114895966,10.5592945392327,8,2,2,1,8,3
H3K4me1_TDH_BP/samples/myeloid/ERS365962/problems/chr2:162200000-234003741,10.5592945392327,10.5595618109259,8,2,2,1,8,3
H3K4me1_TDH_BP/samples/myeloid/ERS365962/problems/chr2:162200000-234003741,10.5595618109259,10.5595830887648,8,0,2,1,8,1
H3K4me1_TDH_BP/samples/myeloid/ERS365962/problems/chr2:162200000-234003741,10.5595830887648,10.5702752211319,8,0,2,1,8,1
H3K4me1_TDH_BP/samples/myeloid/ERS365962/problems/chr2:162200000-234003741,10.5702752211319,10.6041141620361,8,0,2,1,8,1
H3K4me1_TDH_BP/samples/myeloid/ERS365962/problems/chr2:162200000-234003741,10.6041141620361,10.6818654640591,8,0,2,1,8,1
H3K4me1_TDH_BP/samples/myeloid/ERS365962/problems/chr2:162200000-234003741,10.6818654640591,10.8092650410675,8,0,2,1,8,1
H3K4me1_TDH_BP/samples/myeloid/ERS365962/problems/chr2:162200000-234003741,10.8092650410675,10.9118960188389,8,0,2,1,8,1
H3K4me1_TDH_BP/samples/myeloid/ERS365962/problems/chr2:162200000-234003741,10.9118960188389,10.9820268815839,8,0,2,1,8,1
H3K4me1_TDH_BP/samples/myeloid/ERS365962/problems/chr2:162200000-234003741,10.9820268815839,11.0567567850276,8,0,2,1,8,1
H3K4me1_TDH_BP/samples/myeloid/ERS365962/problems/chr2:162200000-234003741,11.0567567850276,11.119368528794,8,0,2,1,8,1
H3K4me1_TDH_BP/samples/myeloid/ERS365962/problems/chr2:162200000-234003741,11.119368528794,11.2162558102234,8,0,2,1,8,1
H3K4me1_TDH_BP/samples/myeloid/ERS365962/problems/chr2:162200000-234003741,11.2162558102234,11.3068983522088,8,0,2,1,8,1
H3K4me1_TDH_BP/samples/myeloid/ERS365962/problems/chr2:162200000-234003741,11.3068983522088,11.3778774326697,8,0,2,1,8,1
H3K4me1_TDH_BP/samples/myeloid/ERS365962/problems/chr2:162200000-234003741,11.3778774326697,11.4714383134574,8,0,2,1,8,1
H3K4me1_TDH_BP/samples/myeloid/ERS365962/problems/chr2:162200000-234003741,11.4714383134574,11.5412438511108,8,0,2,1,8,1
H3K4me1_TDH_BP/samples/myeloid/ERS365962/problems/chr2:162200000-234003741,11.5412438511108,11.6538687384403,8,0,2,1,8,1
H3K4me1_TDH_BP/samples/myeloid/ERS365962/problems/chr2:162200000-234003741,11.6538687384403,11.7691828729306,8,0,2,1,8,1
H3K4me1_TDH_BP/samples/myeloid/ERS365962/problems/chr2:162200000-234003741,11.7691828729306,11.8273679002401,8,0,2,1,8,1
H3K4me1_TDH_BP/samples/myeloid/ERS365962/problems/chr2:162200000-234003741,11.8273679002401,11.8648299051446,8,0,2,1,8,1
H3K4me1_TDH_BP/samples/myeloid/ERS365962/problems/chr2:162200000-234003741,11.8648299051446,11.8680598019482,8,0,2,1,8,1
H3K4me1_TDH_BP/samples/myeloid/ERS365962/problems/chr2:162200000-234003741,11.8680598019482,11.9000338344119,8,0,2,2,8,2
H3K4me1_TDH_BP/samples/myeloid/ERS365962/problems/chr2:162200000-234003741,11.9000338344119,12.0314971586479,8,0,2,2,8,2
H3K4me1_TDH_BP/samples/myeloid/ERS365962/problems/chr2:162200000-234003741,12.0314971586479,13.220857829886,8,0,2,2,8,2
H3K4me1_TDH_BP/samples/myeloid/ERS365962/problems/chr2:162200000-234003741,13.220857829886,Inf,8,0,2,2,8,2
H3K4me1_TDH_BP/samples/myeloid/ERS365962/problems/chr2:16329724-21153113,-Inf,1.91206231582631,7,7,2,0,7,7
H3K4me1_TDH_BP/samples/myeloid/ERS365962/problems/chr2:16329724-21153113,1.91206231582631,6.21844088305436,7,7,2,0,7,7
H3K4me1_TDH_BP/samples/myeloid/ERS365962/problems/chr2:16329724-21153113,6.21844088305436,7.88590299601499,7,7,2,0,7,7
H3K4me1_TDH_BP/samples/myeloid/ERS365962/problems/chr2:16329724-21153113,7.88590299601499,8.77793666460947,7,6,2,0,7,6
H3K4me1_TDH_BP/samples/myeloid/ERS365962/problems/chr2:16329724-21153113,8.77793666460947,9.90676697220865,7,4,2,0,7,4
H3K4me1_TDH_BP/samples/myeloid/ERS365962/problems/chr2:16329724-21153113,9.90676697220865,10.9411319673228,7,3,2,0,7,3
H3K4me1_TDH_BP/samples/myeloid/ERS365962/problems/chr2:16329724-21153113,10.9411319673228,11.2650355281352,7,3,2,0,7,3
H3K4me1_TDH_BP/samples/myeloid/ERS365962/problems/chr2:16329724-21153113,11.2650355281352,11.4534358662329,7,3,2,2,7,5
H3K4me1_TDH_BP/samples/myeloid/ERS365962/problems/chr2:16329724-21153113,11.4534358662329,11.622603864958,7,3,2,2,7,5
H3K4me1_TDH_BP/samples/myeloid/ERS365962/problems/chr2:16329724-21153113,11.622603864958,12.0173867772563,7,0,2,2,7,2
H3K4me1_TDH_BP/samples/myeloid/ERS365962/problems/chr2:16329724-21153113,12.0173867772563,12.203889071815,7,0,2,2,7,2
H3K4me1_TDH_BP/samples/myeloid/ERS365962/problems/chr2:16329724-21153113,12.203889071815,13.3459714710392,7,0,2,2,7,2
H3K4me1_TDH_BP/samples/myeloid/ERS365962/problems/chr2:16329724-21153113,13.3459714710392,Inf,7,0,2,2,7,2
H3K4me1_TDH_BP/samples/myeloid/ERS365962/problems/chr3:60000-66170270,-Inf,1.89920786274231,11,11,4,0,11,11
H3K4me1_TDH_BP/samples/myeloid/ERS365962/problems/chr3:60000-66170270,1.89920786274231,6.36838300863336,11,11,4,0,11,11
H3K4me1_TDH_BP/samples/myeloid/ERS365962/problems/chr3:60000-66170270,6.36838300863336,8.08241827391505,11,11,4,0,11,11
H3K4me1_TDH_BP/samples/myeloid/ERS365962/problems/chr3:60000-66170270,8.08241827391505,9.13804293165482,11,9,4,0,11,9
H3K4me1_TDH_BP/samples/myeloid/ERS365962/problems/chr3:60000-66170270,9.13804293165482,10.1596867060446,11,6,4,0,11,6
H3K4me1_TDH_BP/samples/myeloid/ERS365962/problems/chr3:60000-66170270,10.1596867060446,10.3763982546816,11,4,4,0,11,4
H3K4me1_TDH_BP/samples/myeloid/ERS365962/problems/chr3:60000-66170270,10.3763982546816,10.4693428073643,11,4,4,0,11,4
H3K4me1_TDH_BP/samples/myeloid/ERS365962/problems/chr3:60000-66170270,10.4693428073643,10.4797730034761,11,4,4,0,11,4
H3K4me1_TDH_BP/samples/myeloid/ERS365962/problems/chr3:60000-66170270,10.4797730034761,10.4831764162821,11,4,4,0,11,4
H3K4me1_TDH_BP/samples/myeloid/ERS365962/problems/chr3:60000-66170270,10.4831764162821,10.4860711535771,11,0,4,0,11,0
H3K4me1_TDH_BP/samples/myeloid/ERS365962/problems/chr3:60000-66170270,10.4860711535771,10.4932767384304,11,0,4,0,11,0
H3K4me1_TDH_BP/samples/myeloid/ERS365962/problems/chr3:60000-66170270,10.4932767384304,10.5206520879778,11,0,4,0,11,0
H3K4me1_TDH_BP/samples/myeloid/ERS365962/problems/chr3:60000-66170270,10.5206520879778,10.5827265799206,11,0,4,0,11,0
H3K4me1_TDH_BP/samples/myeloid/ERS365962/problems/chr3:60000-66170270,10.5827265799206,10.7130834350876,11,0,4,0,11,0
H3K4me1_TDH_BP/samples/myeloid/ERS365962/problems/chr3:60000-66170270,10.7130834350876,10.8353478530476,11,0,4,0,11,0
H3K4me1_TDH_BP/samples/myeloid/ERS365962/problems/chr3:60000-66170270,10.8353478530476,10.879762183593,11,0,4,0,11,0
H3K4me1_TDH_BP/samples/myeloid/ERS365962/problems/chr3:60000-66170270,10.879762183593,10.900920043689,11,0,4,0,11,0
H3K4me1_TDH_BP/samples/myeloid/ERS365962/problems/chr3:60000-66170270,10.900920043689,10.9041172423446,11,0,4,2,11,2
H3K4me1_TDH_BP/samples/myeloid/ERS365962/problems/chr3:60000-66170270,10.9041172423446,10.9080082558264,11,0,4,2,11,2
H3K4me1_TDH_BP/samples/myeloid/ERS365962/problems/chr3:60000-66170270,10.9080082558264,10.9242397302358,11,0,4,2,11,2
H3K4me1_TDH_BP/samples/myeloid/ERS365962/problems/chr3:60000-66170270,10.9242397302358,10.9671690486864,11,0,4,2,11,2
H3K4me1_TDH_BP/samples/myeloid/ERS365962/problems/chr3:60000-66170270,10.9671690486864,11.2443741730654,11,0,4,2,11,2
H3K4me1_TDH_BP/samples/myeloid/ERS365962/problems/chr3:60000-66170270,11.2443741730654,12.0276340848235,11,0,4,4,11,4
H3K4me1_TDH_BP/samples/myeloid/ERS365962/problems/chr3:60000-66170270,12.0276340848235,13.8464329653025,11,0,4,4,11,4
H3K4me1_TDH_BP/samples/myeloid/ERS365962/problems/chr3:60000-66170270,13.8464329653025,Inf,11,0,4,4,11,4
H3K4me1_TDH_BP/samples/myeloid/ERS365962/problems/chr4:75452279-190000000,-Inf,1.97952196231884,11,11,1,0,11,11
H3K4me1_TDH_BP/samples/myeloid/ERS365962/problems/chr4:75452279-190000000,1.97952196231884,6.2854573180791,11,11,1,0,11,11
H3K4me1_TDH_BP/samples/myeloid/ERS365962/problems/chr4:75452279-190000000,6.2854573180791,7.86984383090448,11,11,1,0,11,11
H3K4me1_TDH_BP/samples/myeloid/ERS365962/problems/chr4:75452279-190000000,7.86984383090448,8.70001116327849,11,11,1,0,11,11
H3K4me1_TDH_BP/samples/myeloid/ERS365962/problems/chr4:75452279-190000000,8.70001116327849,9.36485605908728,11,11,1,0,11,11
H3K4me1_TDH_BP/samples/myeloid/ERS365962/problems/chr4:75452279-190000000,9.36485605908728,9.75587655521031,11,8,1,0,11,8
H3K4me1_TDH_BP/samples/myeloid/ERS365962/problems/chr4:75452279-190000000,9.75587655521031,10.0160791790034,11,7,1,0,11,7
H3K4me1_TDH_BP/samples/myeloid/ERS365962/problems/chr4:75452279-190000000,10.0160791790034,10.1631284288873,11,7,1,0,11,7
H3K4me1_TDH_BP/samples/myeloid/ERS365962/problems/chr4:75452279-190000000,10.1631284288873,10.2172570964529,11,6,1,0,11,6
H3K4me1_TDH_BP/samples/myeloid/ERS365962/problems/chr4:75452279-190000000,10.2172570964529,10.232430297865,11,6,1,0,11,6
H3K4me1_TDH_BP/samples/myeloid/ERS365962/problems/chr4:75452279-190000000,10.232430297865,10.2414119907324,11,6,1,0,11,6
H3K4me1_TDH_BP/samples/myeloid/ERS365962/problems/chr4:75452279-190000000,10.2414119907324,10.2439471415862,11,6,1,0,11,6
H3K4me1_TDH_BP/samples/myeloid/ERS365962/problems/chr4:75452279-190000000,10.2439471415862,10.2442707297608,11,0,1,0,11,0
H3K4me1_TDH_BP/samples/myeloid/ERS365962/problems/chr4:75452279-190000000,10.2442707297608,10.2448036147632,11,0,1,0,11,0
H3K4me1_TDH_BP/samples/myeloid/ERS365962/problems/chr4:75452279-190000000,10.2448036147632,10.2467232000466,11,0,1,0,11,0
H3K4me1_TDH_BP/samples/myeloid/ERS365962/problems/chr4:75452279-190000000,10.2467232000466,10.268573071121,11,0,1,0,11,0
H3K4me1_TDH_BP/samples/myeloid/ERS365962/problems/chr4:75452279-190000000,10.268573071121,10.7099777793478,11,0,1,0,11,0
H3K4me1_TDH_BP/samples/myeloid/ERS365962/problems/chr4:75452279-190000000,10.7099777793478,11.6009453227944,11,0,1,0,11,0
H3K4me1_TDH_BP/samples/myeloid/ERS365962/problems/chr4:75452279-190000000,11.6009453227944,11.9480925982854,11,0,1,0,11,0
H3K4me1_TDH_BP/samples/myeloid/ERS365962/problems/chr4:75452279-190000000,11.9480925982854,12.0224046982712,11,0,1,0,11,0
H3K4me1_TDH_BP/samples/myeloid/ERS365962/problems/chr4:75452279-190000000,12.0224046982712,12.035021846927,11,0,1,0,11,0
H3K4me1_TDH_BP/samples/myeloid/ERS365962/problems/chr4:75452279-190000000,12.035021846927,12.0425837272156,11,0,1,1,11,1
H3K4me1_TDH_BP/samples/myeloid/ERS365962/problems/chr4:75452279-190000000,12.0425837272156,12.0520030549738,11,0,1,1,11,1
H3K4me1_TDH_BP/samples/myeloid/ERS365962/problems/chr4:75452279-190000000,12.0520030549738,12.1248744609436,11,0,1,1,11,1
H3K4me1_TDH_BP/samples/myeloid/ERS365962/problems/chr4:75452279-190000000,12.1248744609436,12.3334589522901,11,0,1,1,11,1
H3K4me1_TDH_BP/samples/myeloid/ERS365962/problems/chr4:75452279-190000000,12.3334589522901,13.4818835974393,11,0,1,1,11,1
H3K4me1_TDH_BP/samples/myeloid/ERS365962/problems/chr4:75452279-190000000,13.4818835974393,Inf,11,0,1,1,11,1
H3K4me1_TDH_BP/samples/myeloid/ERS365962/problems/chr5:91686128-138787073,-Inf,1.9542570415446,15,15,5,0,15,15
H3K4me1_TDH_BP/samples/myeloid/ERS365962/problems/chr5:91686128-138787073,1.9542570415446,6.31027316475208,15,15,5,0,15,15
H3K4me1_TDH_BP/samples/myeloid/ERS365962/problems/chr5:91686128-138787073,6.31027316475208,7.93817150602428,15,15,5,0,15,15
H3K4me1_TDH_BP/samples/myeloid/ERS365962/problems/chr5:91686128-138787073,7.93817150602428,8.83177331974734,15,13,5,0,15,13
H3K4me1_TDH_BP/samples/myeloid/ERS365962/problems/chr5:91686128-138787073,8.83177331974734,9.70338129000107,15,11,5,0,15,11
H3K4me1_TDH_BP/samples/myeloid/ERS365962/problems/chr5:91686128-138787073,9.70338129000107,10.0033006539016,15,1,5,0,15,1
H3K4me1_TDH_BP/samples/myeloid/ERS365962/problems/chr5:91686128-138787073,10.0033006539016,10.0095927911441,15,1,5,0,15,1
H3K4me1_TDH_BP/samples/myeloid/ERS365962/problems/chr5:91686128-138787073,10.0095927911441,10.0112231618763,15,1,5,0,15,1
H3K4me1_TDH_BP/samples/myeloid/ERS365962/problems/chr5:91686128-138787073,10.0112231618763,10.0113945702066,15,1,5,0,15,1
H3K4me1_TDH_BP/samples/myeloid/ERS365962/problems/chr5:91686128-138787073,10.0113945702066,10.0116402605094,15,0,5,0,15,0
H3K4me1_TDH_BP/samples/myeloid/ERS365962/problems/chr5:91686128-138787073,10.0116402605094,10.0152597467375,15,0,5,0,15,0
H3K4me1_TDH_BP/samples/myeloid/ERS365962/problems/chr5:91686128-138787073,10.0152597467375,10.0288765628919,15,0,5,0,15,0
H3K4me1_TDH_BP/samples/myeloid/ERS365962/problems/chr5:91686128-138787073,10.0288765628919,10.0602335859332,15,0,5,0,15,0
H3K4me1_TDH_BP/samples/myeloid/ERS365962/problems/chr5:91686128-138787073,10.0602335859332,10.1247184435261,15,0,5,0,15,0
H3K4me1_TDH_BP/samples/myeloid/ERS365962/problems/chr5:91686128-138787073,10.1247184435261,10.2573688956795,15,0,5,0,15,0
H3K4me1_TDH_BP/samples/myeloid/ERS365962/problems/chr5:91686128-138787073,10.2573688956795,10.5096864853537,15,0,5,0,15,0
H3K4me1_TDH_BP/samples/myeloid/ERS365962/problems/chr5:91686128-138787073,10.5096864853537,10.9545480179038,15,0,5,0,15,0
H3K4me1_TDH_BP/samples/myeloid/ERS365962/problems/chr5:91686128-138787073,10.9545480179038,11.2493955601029,15,0,5,0,15,0
H3K4me1_TDH_BP/samples/myeloid/ERS365962/problems/chr5:91686128-138787073,11.2493955601029,11.276144901392,15,0,5,0,15,0
H3K4me1_TDH_BP/samples/myeloid/ERS365962/problems/chr5:91686128-138787073,11.276144901392,11.2799563335915,15,1,5,2,15,3
H3K4me1_TDH_BP/samples/myeloid/ERS365962/problems/chr5:91686128-138787073,11.2799563335915,11.2929794047658,15,1,5,2,15,3
H3K4me1_TDH_BP/samples/myeloid/ERS365962/problems/chr5:91686128-138787073,11.2929794047658,11.3508075970222,15,1,5,2,15,3
H3K4me1_TDH_BP/samples/myeloid/ERS365962/problems/chr5:91686128-138787073,11.3508075970222,11.4323418981393,15,1,5,2,15,3
H3K4me1_TDH_BP/samples/myeloid/ERS365962/problems/chr5:91686128-138787073,11.4323418981393,11.5342747687384,15,1,5,2,15,3
H3K4me1_TDH_BP/samples/myeloid/ERS365962/problems/chr5:91686128-138787073,11.5342747687384,11.5512955527232,15,1,5,2,15,3
H3K4me1_TDH_BP/samples/myeloid/ERS365962/problems/chr5:91686128-138787073,11.5512955527232,11.5515031726097,15,1,5,2,15,3
H3K4me1_TDH_BP/samples/myeloid/ERS365962/problems/chr5:91686128-138787073,11.5515031726097,11.7361715129123,15,0,5,5,15,5
H3K4me1_TDH_BP/samples/myeloid/ERS365962/problems/chr5:91686128-138787073,11.7361715129123,13.1703358064922,15,0,5,5,15,5
H3K4me1_TDH_BP/samples/myeloid/ERS365962/problems/chr5:91686128-138787073,13.1703358064922,Inf,15,0,5,5,15,5
H3K4me1_TDH_BP/samples/myeloid/ERS365963/problems/chr1:149509645-205922707,-Inf,1.95532492436216,14,14,3,0,14,14
H3K4me1_TDH_BP/samples/myeloid/ERS365963/problems/chr1:149509645-205922707,1.95532492436216,6.53275514196236,14,14,3,0,14,14
H3K4me1_TDH_BP/samples/myeloid/ERS365963/problems/chr1:149509645-205922707,6.53275514196236,8.22761208352844,14,14,3,0,14,14
H3K4me1_TDH_BP/samples/myeloid/ERS365963/problems/chr1:149509645-205922707,8.22761208352844,8.9351836052217,14,12,3,0,14,12
H3K4me1_TDH_BP/samples/myeloid/ERS365963/problems/chr1:149509645-205922707,8.9351836052217,9.20845842793991,14,7,3,0,14,7
H3K4me1_TDH_BP/samples/myeloid/ERS365963/problems/chr1:149509645-205922707,9.20845842793991,9.39135433078607,14,7,3,0,14,7
H3K4me1_TDH_BP/samples/myeloid/ERS365963/problems/chr1:149509645-205922707,9.39135433078607,9.50776611134787,14,3,3,0,14,3
H3K4me1_TDH_BP/samples/myeloid/ERS365963/problems/chr1:149509645-205922707,9.50776611134787,9.5769691125537,14,3,3,0,14,3
H3K4me1_TDH_BP/samples/myeloid/ERS365963/problems/chr1:149509645-205922707,9.5769691125537,9.61417697263478,14,3,3,0,14,3
H3K4me1_TDH_BP/samples/myeloid/ERS365963/problems/chr1:149509645-205922707,9.61417697263478,9.63034349469093,14,7,3,0,14,7
H3K4me1_TDH_BP/samples/myeloid/ERS365963/problems/chr1:149509645-205922707,9.63034349469093,9.63460022179021,14,7,3,0,14,7
H3K4me1_TDH_BP/samples/myeloid/ERS365963/problems/chr1:149509645-205922707,9.63460022179021,9.63489887721084,14,7,3,0,14,7
H3K4me1_TDH_BP/samples/myeloid/ERS365963/problems/chr1:149509645-205922707,9.63489887721084,9.63534008826689,14,7,3,0,14,7
H3K4me1_TDH_BP/samples/myeloid/ERS365963/problems/chr1:149509645-205922707,9.63534008826689,9.63625083239013,14,2,3,0,14,2
H3K4me1_TDH_BP/samples/myeloid/ERS365963/problems/chr1:149509645-205922707,9.63625083239013,9.63953053125779,14,2,3,0,14,2
H3K4me1_TDH_BP/samples/myeloid/ERS365963/problems/chr1:149509645-205922707,9.63953053125779,9.64819497038263,14,2,3,0,14,2
H3K4me1_TDH_BP/samples/myeloid/ERS365963/problems/chr1:149509645-205922707,9.64819497038263,9.67507834168242,14,2,3,0,14,2
H3K4me1_TDH_BP/samples/myeloid/ERS365963/problems/chr1:149509645-205922707,9.67507834168242,9.71500800533796,14,2,3,0,14,2
H3K4me1_TDH_BP/samples/myeloid/ERS365963/problems/chr1:149509645-205922707,9.71500800533796,9.74210923865904,14,2,3,0,14,2
H3K4me1_TDH_BP/samples/myeloid/ERS365963/problems/chr1:149509645-205922707,9.74210923865904,9.76555265175668,14,2,3,0,14,2
H3K4me1_TDH_BP/samples/myeloid/ERS365963/problems/chr1:149509645-205922707,9.76555265175668,9.79009231586553,14,2,3,0,14,2
H3K4me1_TDH_BP/samples/myeloid/ERS365963/problems/chr1:149509645-205922707,9.79009231586553,9.83138850719545,14,2,3,0,14,2
H3K4me1_TDH_BP/samples/myeloid/ERS365963/problems/chr1:149509645-205922707,9.83138850719545,9.87824637150413,14,2,3,0,14,2
H3K4me1_TDH_BP/samples/myeloid/ERS365963/problems/chr1:149509645-205922707,9.87824637150413,9.90363307995666,14,2,3,0,14,2
H3K4me1_TDH_BP/samples/myeloid/ERS365963/problems/chr1:149509645-205922707,9.90363307995666,9.94745144182691,14,2,3,0,14,2
H3K4me1_TDH_BP/samples/myeloid/ERS365963/problems/chr1:149509645-205922707,9.94745144182691,9.98305707485681,14,2,3,0,14,2
H3K4me1_TDH_BP/samples/myeloid/ERS365963/problems/chr1:149509645-205922707,9.98305707485681,9.98893098739004,14,2,3,0,14,2
H3K4me1_TDH_BP/samples/myeloid/ERS365963/problems/chr1:149509645-205922707,9.98893098739004,9.98997803091307,14,2,3,2,14,4
H3K4me1_TDH_BP/samples/myeloid/ERS365963/problems/chr1:149509645-205922707,9.98997803091307,9.99070961258512,14,2,3,2,14,4
H3K4me1_TDH_BP/samples/myeloid/ERS365963/problems/chr1:149509645-205922707,9.99070961258512,9.99298006435022,14,2,3,2,14,4
H3K4me1_TDH_BP/samples/myeloid/ERS365963/problems/chr1:149509645-205922707,9.99298006435022,10.0056525529191,14,2,3,2,14,4
H3K4me1_TDH_BP/samples/myeloid/ERS365963/problems/chr1:149509645-205922707,10.0056525529191,10.0302347598583,14,2,3,2,14,4
H3K4me1_TDH_BP/samples/myeloid/ERS365963/problems/chr1:149509645-205922707,10.0302347598583,10.0650926719507,14,2,3,2,14,4
H3K4me1_TDH_BP/samples/myeloid/ERS365963/problems/chr1:149509645-205922707,10.0650926719507,10.09033723722,14,2,3,2,14,4
H3K4me1_TDH_BP/samples/myeloid/ERS365963/problems/chr1:149509645-205922707,10.09033723722,10.0938052773912,14,2,3,2,14,4
H3K4me1_TDH_BP/samples/myeloid/ERS365963/problems/chr1:149509645-205922707,10.0938052773912,10.0940188418146,14,0,3,2,14,2
H3K4me1_TDH_BP/samples/myeloid/ERS365963/problems/chr1:149509645-205922707,10.0940188418146,10.0943331715021,14,0,3,2,14,2
H3K4me1_TDH_BP/samples/myeloid/ERS365963/problems/chr1:149509645-205922707,10.0943331715021,10.0954023947878,14,0,3,2,14,2
H3K4me1_TDH_BP/samples/myeloid/ERS365963/problems/chr1:149509645-205922707,10.0954023947878,10.0994505091197,14,0,3,2,14,2
H3K4me1_TDH_BP/samples/myeloid/ERS365963/problems/chr1:149509645-205922707,10.0994505091197,10.1193685857058,14,0,3,2,14,2
H3K4me1_TDH_BP/samples/myeloid/ERS365963/problems/chr1:149509645-205922707,10.1193685857058,10.2085991873932,14,0,3,2,14,2
H3K4me1_TDH_BP/samples/myeloid/ERS365963/problems/chr1:149509645-205922707,10.2085991873932,10.3318818810405,14,0,3,2,14,2
H3K4me1_TDH_BP/samples/myeloid/ERS365963/problems/chr1:149509645-205922707,10.3318818810405,10.3993828465274,14,0,3,2,14,2
H3K4me1_TDH_BP/samples/myeloid/ERS365963/problems/chr1:149509645-205922707,10.3993828465274,10.480952675915,14,0,3,2,14,2
H3K4me1_TDH_BP/samples/myeloid/ERS365963/problems/chr1:149509645-205922707,10.480952675915,10.5611072840324,14,0,3,2,14,2
H3K4me1_TDH_BP/samples/myeloid/ERS365963/problems/chr1:149509645-205922707,10.5611072840324,10.6772215132551,14,0,3,2,14,2
H3K4me1_TDH_BP/samples/myeloid/ERS365963/problems/chr1:149509645-205922707,10.6772215132551,10.7812900519627,14,0,3,2,14,2
H3K4me1_TDH_BP/samples/myeloid/ERS365963/problems/chr1:149509645-205922707,10.7812900519627,10.8772758738154,14,0,3,2,14,2
H3K4me1_TDH_BP/samples/myeloid/ERS365963/problems/chr1:149509645-205922707,10.8772758738154,10.9655251255234,14,0,3,2,14,2
H3K4me1_TDH_BP/samples/myeloid/ERS365963/problems/chr1:149509645-205922707,10.9655251255234,11.0704350740791,14,0,3,2,14,2
H3K4me1_TDH_BP/samples/myeloid/ERS365963/problems/chr1:149509645-205922707,11.0704350740791,11.1301052827422,14,0,3,2,14,2
H3K4me1_TDH_BP/samples/myeloid/ERS365963/problems/chr1:149509645-205922707,11.1301052827422,11.236139690407,14,0,3,2,14,2
H3K4me1_TDH_BP/samples/myeloid/ERS365963/problems/chr1:149509645-205922707,11.236139690407,11.3603087117566,14,0,3,2,14,2
H3K4me1_TDH_BP/samples/myeloid/ERS365963/problems/chr1:149509645-205922707,11.3603087117566,11.4701781673236,14,0,3,2,14,2
H3K4me1_TDH_BP/samples/myeloid/ERS365963/problems/chr1:149509645-205922707,11.4701781673236,11.5374857178554,14,0,3,2,14,2
H3K4me1_TDH_BP/samples/myeloid/ERS365963/problems/chr1:149509645-205922707,11.5374857178554,11.5414461849885,14,0,3,2,14,2
H3K4me1_TDH_BP/samples/myeloid/ERS365963/problems/chr1:149509645-205922707,11.5414461849885,11.5464199199334,14,0,3,3,14,3
H3K4me1_TDH_BP/samples/myeloid/ERS365963/problems/chr1:149509645-205922707,11.5464199199334,11.5584893389277,14,0,3,3,14,3
H3K4me1_TDH_BP/samples/myeloid/ERS365963/problems/chr1:149509645-205922707,11.5584893389277,11.5827720087611,14,0,3,3,14,3
H3K4me1_TDH_BP/samples/myeloid/ERS365963/problems/chr1:149509645-205922707,11.5827720087611,11.8043158750634,14,0,3,3,14,3
H3K4me1_TDH_BP/samples/myeloid/ERS365963/problems/chr1:149509645-205922707,11.8043158750634,13.0975625800147,14,0,3,3,14,3
H3K4me1_TDH_BP/samples/myeloid/ERS365963/problems/chr1:149509645-205922707,13.0975625800147,Inf,14,0,3,3,14,3
H3K4me1_TDH_BP/samples/myeloid/ERS365963/problems/chr2:162200000-234003741,-Inf,1.98951480693644,8,8,2,0,8,8
H3K4me1_TDH_BP/samples/myeloid/ERS365963/problems/chr2:162200000-234003741,1.98951480693644,6.47374195760619,8,8,2,0,8,8
H3K4me1_TDH_BP/samples/myeloid/ERS365963/problems/chr2:162200000-234003741,6.47374195760619,8.11015087955514,8,8,2,0,8,8
H3K4me1_TDH_BP/samples/myeloid/ERS365963/problems/chr2:162200000-234003741,8.11015087955514,8.90748256766753,8,8,2,0,8,8
H3K4me1_TDH_BP/samples/myeloid/ERS365963/problems/chr2:162200000-234003741,8.90748256766753,9.5708668069302,8,5,2,0,8,5
H3K4me1_TDH_BP/samples/myeloid/ERS365963/problems/chr2:162200000-234003741,9.5708668069302,10.319147772195,8,5,2,1,8,6
H3K4me1_TDH_BP/samples/myeloid/ERS365963/problems/chr2:162200000-234003741,10.319147772195,10.6564507091975,8,5,2,1,8,6
H3K4me1_TDH_BP/samples/myeloid/ERS365963/problems/chr2:162200000-234003741,10.6564507091975,10.7893334591304,8,4,2,1,8,5
H3K4me1_TDH_BP/samples/myeloid/ERS365963/problems/chr2:162200000-234003741,10.7893334591304,10.7958535925441,8,4,2,1,8,5
H3K4me1_TDH_BP/samples/myeloid/ERS365963/problems/chr2:162200000-234003741,10.7958535925441,10.798918687509,8,0,2,1,8,1
H3K4me1_TDH_BP/samples/myeloid/ERS365963/problems/chr2:162200000-234003741,10.798918687509,10.8034300582328,8,0,2,1,8,1
H3K4me1_TDH_BP/samples/myeloid/ERS365963/problems/chr2:162200000-234003741,10.8034300582328,10.8180726299883,8,0,2,1,8,1
H3K4me1_TDH_BP/samples/myeloid/ERS365963/problems/chr2:162200000-234003741,10.8180726299883,10.8347695109521,8,0,2,1,8,1
H3K4me1_TDH_BP/samples/myeloid/ERS365963/problems/chr2:162200000-234003741,10.8347695109521,10.9109798280045,8,0,2,1,8,1
H3K4me1_TDH_BP/samples/myeloid/ERS365963/problems/chr2:162200000-234003741,10.9109798280045,11.0188005286501,8,0,2,1,8,1
H3K4me1_TDH_BP/samples/myeloid/ERS365963/problems/chr2:162200000-234003741,11.0188005286501,11.1180865448301,8,0,2,1,8,1
H3K4me1_TDH_BP/samples/myeloid/ERS365963/problems/chr2:162200000-234003741,11.1180865448301,11.2058816859858,8,0,2,1,8,1
H3K4me1_TDH_BP/samples/myeloid/ERS365963/problems/chr2:162200000-234003741,11.2058816859858,11.2777649003535,8,0,2,1,8,1
H3K4me1_TDH_BP/samples/myeloid/ERS365963/problems/chr2:162200000-234003741,11.2777649003535,11.3807124608291,8,0,2,1,8,1
H3K4me1_TDH_BP/samples/myeloid/ERS365963/problems/chr2:162200000-234003741,11.3807124608291,11.4710981653016,8,0,2,1,8,1
H3K4me1_TDH_BP/samples/myeloid/ERS365963/problems/chr2:162200000-234003741,11.4710981653016,11.5637610376173,8,0,2,1,8,1
H3K4me1_TDH_BP/samples/myeloid/ERS365963/problems/chr2:162200000-234003741,11.5637610376173,11.6129523393754,8,0,2,1,8,1
H3K4me1_TDH_BP/samples/myeloid/ERS365963/problems/chr2:162200000-234003741,11.6129523393754,11.7192005973926,8,0,2,1,8,1
H3K4me1_TDH_BP/samples/myeloid/ERS365963/problems/chr2:162200000-234003741,11.7192005973926,11.7786449017992,8,0,2,1,8,1
H3K4me1_TDH_BP/samples/myeloid/ERS365963/problems/chr2:162200000-234003741,11.7786449017992,11.8586867562177,8,0,2,1,8,1
H3K4me1_TDH_BP/samples/myeloid/ERS365963/problems/chr2:162200000-234003741,11.8586867562177,11.9781651028766,8,0,2,1,8,1
H3K4me1_TDH_BP/samples/myeloid/ERS365963/problems/chr2:162200000-234003741,11.9781651028766,11.9858465234217,8,0,2,2,8,2
H3K4me1_TDH_BP/samples/myeloid/ERS365963/problems/chr2:162200000-234003741,11.9858465234217,11.9995893475849,8,0,2,2,8,2
H3K4me1_TDH_BP/samples/myeloid/ERS365963/problems/chr2:162200000-234003741,11.9995893475849,12.0232946699148,8,0,2,2,8,2
H3K4me1_TDH_BP/samples/myeloid/ERS365963/problems/chr2:162200000-234003741,12.0232946699148,12.0871997898335,8,0,2,2,8,2
H3K4me1_TDH_BP/samples/myeloid/ERS365963/problems/chr2:162200000-234003741,12.0871997898335,13.3159200789745,8,0,2,2,8,2
H3K4me1_TDH_BP/samples/myeloid/ERS365963/problems/chr2:162200000-234003741,13.3159200789745,Inf,8,0,2,2,8,2
H3K4me1_TDH_BP/samples/myeloid/ERS365963/problems/chr2:16329724-21153113,-Inf,1.96482381005708,7,7,2,0,7,7
H3K4me1_TDH_BP/samples/myeloid/ERS365963/problems/chr2:16329724-21153113,1.96482381005708,6.41389373318294,7,7,2,0,7,7
H3K4me1_TDH_BP/samples/myeloid/ERS365963/problems/chr2:16329724-21153113,6.41389373318294,8.07315359513136,7,7,2,0,7,7
H3K4me1_TDH_BP/samples/myeloid/ERS365963/problems/chr2:16329724-21153113,8.07315359513136,8.88870392021696,7,7,2,0,7,7
H3K4me1_TDH_BP/samples/myeloid/ERS365963/problems/chr2:16329724-21153113,8.88870392021696,9.59087394052909,7,5,2,0,7,5
H3K4me1_TDH_BP/samples/myeloid/ERS365963/problems/chr2:16329724-21153113,9.59087394052909,10.5286625112475,7,4,2,0,7,4
H3K4me1_TDH_BP/samples/myeloid/ERS365963/problems/chr2:16329724-21153113,10.5286625112475,11.5546811461772,7,5,2,2,7,7
H3K4me1_TDH_BP/samples/myeloid/ERS365963/problems/chr2:16329724-21153113,11.5546811461772,12.105665435291,7,5,2,2,7,7
H3K4me1_TDH_BP/samples/myeloid/ERS365963/problems/chr2:16329724-21153113,12.105665435291,12.9699050244574,7,0,2,2,7,2
H3K4me1_TDH_BP/samples/myeloid/ERS365963/problems/chr2:16329724-21153113,12.9699050244574,Inf,7,0,2,2,7,2
H3K4me1_TDH_BP/samples/myeloid/ERS365963/problems/chr3:60000-66170270,-Inf,1.94013179214628,11,11,4,0,11,11
H3K4me1_TDH_BP/samples/myeloid/ERS365963/problems/chr3:60000-66170270,1.94013179214628,6.4670328155551,11,11,4,0,11,11
H3K4me1_TDH_BP/samples/myeloid/ERS365963/problems/chr3:60000-66170270,6.4670328155551,8.16546191166506,11,11,4,0,11,11
H3K4me1_TDH_BP/samples/myeloid/ERS365963/problems/chr3:60000-66170270,8.16546191166506,9.02663309998268,11,10,4,0,11,10
H3K4me1_TDH_BP/samples/myeloid/ERS365963/problems/chr3:60000-66170270,9.02663309998268,9.9590283532932,11,6,4,0,11,6
H3K4me1_TDH_BP/samples/myeloid/ERS365963/problems/chr3:60000-66170270,9.9590283532932,10.6280942656295,11,6,4,3,11,9
H3K4me1_TDH_BP/samples/myeloid/ERS365963/problems/chr3:60000-66170270,10.6280942656295,10.6402262763867,11,6,4,3,11,9
H3K4me1_TDH_BP/samples/myeloid/ERS365963/problems/chr3:60000-66170270,10.6402262763867,10.6444592693778,11,6,4,3,11,9
H3K4me1_TDH_BP/samples/myeloid/ERS365963/problems/chr3:60000-66170270,10.6444592693778,10.6554817638054,11,0,4,4,11,4
H3K4me1_TDH_BP/samples/myeloid/ERS365963/problems/chr3:60000-66170270,10.6554817638054,10.6924317288901,11,0,4,4,11,4
H3K4me1_TDH_BP/samples/myeloid/ERS365963/problems/chr3:60000-66170270,10.6924317288901,10.7729128906688,11,0,4,4,11,4
H3K4me1_TDH_BP/samples/myeloid/ERS365963/problems/chr3:60000-66170270,10.7729128906688,10.949676766922,11,0,4,4,11,4
H3K4me1_TDH_BP/samples/myeloid/ERS365963/problems/chr3:60000-66170270,10.949676766922,11.4369272157783,11,0,4,4,11,4
H3K4me1_TDH_BP/samples/myeloid/ERS365963/problems/chr3:60000-66170270,11.4369272157783,11.9632152490163,11,0,4,4,11,4
H3K4me1_TDH_BP/samples/myeloid/ERS365963/problems/chr3:60000-66170270,11.9632152490163,12.2589975024144,11,0,4,4,11,4
H3K4me1_TDH_BP/samples/myeloid/ERS365963/problems/chr3:60000-66170270,12.2589975024144,12.6401344817473,11,0,4,4,11,4
H3K4me1_TDH_BP/samples/myeloid/ERS365963/problems/chr3:60000-66170270,12.6401344817473,13.1065883056854,11,0,4,4,11,4
H3K4me1_TDH_BP/samples/myeloid/ERS365963/problems/chr3:60000-66170270,13.1065883056854,13.3089081183438,11,0,4,4,11,4
H3K4me1_TDH_BP/samples/myeloid/ERS365963/problems/chr3:60000-66170270,13.3089081183438,13.8272667082756,11,0,4,4,11,4
H3K4me1_TDH_BP/samples/myeloid/ERS365963/problems/chr3:60000-66170270,13.8272667082756,14.2650858682751,11,0,4,4,11,4
H3K4me1_TDH_BP/samples/myeloid/ERS365963/problems/chr3:60000-66170270,14.2650858682751,14.7258458509489,11,0,4,4,11,4
H3K4me1_TDH_BP/samples/myeloid/ERS365963/problems/chr3:60000-66170270,14.7258458509489,15.4049005877969,11,0,4,4,11,4
H3K4me1_TDH_BP/samples/myeloid/ERS365963/problems/chr3:60000-66170270,15.4049005877969,Inf,11,0,4,4,11,4
H3K4me1_TDH_BP/samples/myeloid/ERS365963/problems/chr4:75452279-190000000,-Inf,2.04021069754884,11,11,1,0,11,11
H3K4me1_TDH_BP/samples/myeloid/ERS365963/problems/chr4:75452279-190000000,2.04021069754884,6.50536810085733,11,11,1,0,11,11
H3K4me1_TDH_BP/samples/myeloid/ERS365963/problems/chr4:75452279-190000000,6.50536810085733,8.09450116197654,11,11,1,0,11,11
H3K4me1_TDH_BP/samples/myeloid/ERS365963/problems/chr4:75452279-190000000,8.09450116197654,8.84466068691137,11,9,1,0,11,9
H3K4me1_TDH_BP/samples/myeloid/ERS365963/problems/chr4:75452279-190000000,8.84466068691137,9.43202509953654,11,7,1,0,11,7
H3K4me1_TDH_BP/samples/myeloid/ERS365963/problems/chr4:75452279-190000000,9.43202509953654,10.0032286948995,11,9,1,0,11,9
H3K4me1_TDH_BP/samples/myeloid/ERS365963/problems/chr4:75452279-190000000,10.0032286948995,10.3311811616817,11,7,1,0,11,7
H3K4me1_TDH_BP/samples/myeloid/ERS365963/problems/chr4:75452279-190000000,10.3311811616817,10.487127932523,11,7,1,0,11,7
H3K4me1_TDH_BP/samples/myeloid/ERS365963/problems/chr4:75452279-190000000,10.487127932523,10.5771346027402,11,9,1,0,11,9
H3K4me1_TDH_BP/samples/myeloid/ERS365963/problems/chr4:75452279-190000000,10.5771346027402,10.5932965860212,11,9,1,0,11,9
H3K4me1_TDH_BP/samples/myeloid/ERS365963/problems/chr4:75452279-190000000,10.5932965860212,10.5992987402294,11,9,1,0,11,9
H3K4me1_TDH_BP/samples/myeloid/ERS365963/problems/chr4:75452279-190000000,10.5992987402294,10.6031324612295,11,9,1,0,11,9
H3K4me1_TDH_BP/samples/myeloid/ERS365963/problems/chr4:75452279-190000000,10.6031324612295,10.6037501820143,11,0,1,0,11,0
H3K4me1_TDH_BP/samples/myeloid/ERS365963/problems/chr4:75452279-190000000,10.6037501820143,10.614155368207,11,0,1,0,11,0
H3K4me1_TDH_BP/samples/myeloid/ERS365963/problems/chr4:75452279-190000000,10.614155368207,10.659811975246,11,0,1,0,11,0
H3K4me1_TDH_BP/samples/myeloid/ERS365963/problems/chr4:75452279-190000000,10.659811975246,10.800657446536,11,0,1,0,11,0
H3K4me1_TDH_BP/samples/myeloid/ERS365963/problems/chr4:75452279-190000000,10.800657446536,11.1222344021561,11,0,1,0,11,0
H3K4me1_TDH_BP/samples/myeloid/ERS365963/problems/chr4:75452279-190000000,11.1222344021561,11.2730654930924,11,0,1,0,11,0
H3K4me1_TDH_BP/samples/myeloid/ERS365963/problems/chr4:75452279-190000000,11.2730654930924,11.3004849521166,11,0,1,1,11,1
H3K4me1_TDH_BP/samples/myeloid/ERS365963/problems/chr4:75452279-190000000,11.3004849521166,11.3139475308234,11,0,1,1,11,1
H3K4me1_TDH_BP/samples/myeloid/ERS365963/problems/chr4:75452279-190000000,11.3139475308234,11.336463933321,11,0,1,1,11,1
H3K4me1_TDH_BP/samples/myeloid/ERS365963/problems/chr4:75452279-190000000,11.336463933321,11.4018352247326,11,0,1,1,11,1
H3K4me1_TDH_BP/samples/myeloid/ERS365963/problems/chr4:75452279-190000000,11.4018352247326,11.5256336517638,11,0,1,1,11,1
H3K4me1_TDH_BP/samples/myeloid/ERS365963/problems/chr4:75452279-190000000,11.5256336517638,12.6628974219315,11,0,1,1,11,1
H3K4me1_TDH_BP/samples/myeloid/ERS365963/problems/chr4:75452279-190000000,12.6628974219315,Inf,11,0,1,1,11,1
H3K4me1_TDH_BP/samples/myeloid/ERS365963/problems/chr5:91686128-138787073,-Inf,2.00782196706721,15,15,5,0,15,15
H3K4me1_TDH_BP/samples/myeloid/ERS365963/problems/chr5:91686128-138787073,2.00782196706721,6.48273406989527,15,15,5,0,15,15
H3K4me1_TDH_BP/samples/myeloid/ERS365963/problems/chr5:91686128-138787073,6.48273406989527,8.10661472656954,15,15,5,0,15,15
H3K4me1_TDH_BP/samples/myeloid/ERS365963/problems/chr5:91686128-138787073,8.10661472656954,8.74564285939938,15,12,5,0,15,12
H3K4me1_TDH_BP/samples/myeloid/ERS365963/problems/chr5:91686128-138787073,8.74564285939938,9.07442512216613,15,13,5,0,15,13
H3K4me1_TDH_BP/samples/myeloid/ERS365963/problems/chr5:91686128-138787073,9.07442512216613,9.40773018313054,15,5,5,0,15,5
H3K4me1_TDH_BP/samples/myeloid/ERS365963/problems/chr5:91686128-138787073,9.40773018313054,9.57612841633459,15,4,5,0,15,4
H3K4me1_TDH_BP/samples/myeloid/ERS365963/problems/chr5:91686128-138787073,9.57612841633459,9.59713943513111,15,3,5,0,15,3
H3K4me1_TDH_BP/samples/myeloid/ERS365963/problems/chr5:91686128-138787073,9.59713943513111,9.63211419245548,15,3,5,0,15,3
H3K4me1_TDH_BP/samples/myeloid/ERS365963/problems/chr5:91686128-138787073,9.63211419245548,9.71812002627972,15,3,5,0,15,3
H3K4me1_TDH_BP/samples/myeloid/ERS365963/problems/chr5:91686128-138787073,9.71812002627972,9.8313893712294,15,3,5,0,15,3
H3K4me1_TDH_BP/samples/myeloid/ERS365963/problems/chr5:91686128-138787073,9.8313893712294,9.94202793148289,15,3,5,0,15,3
H3K4me1_TDH_BP/samples/myeloid/ERS365963/problems/chr5:91686128-138787073,9.94202793148289,10.0236041776876,15,3,5,0,15,3
H3K4me1_TDH_BP/samples/myeloid/ERS365963/problems/chr5:91686128-138787073,10.0236041776876,10.1219965984934,15,3,5,0,15,3
H3K4me1_TDH_BP/samples/myeloid/ERS365963/problems/chr5:91686128-138787073,10.1219965984934,10.2067983525273,15,3,5,0,15,3
H3K4me1_TDH_BP/samples/myeloid/ERS365963/problems/chr5:91686128-138787073,10.2067983525273,10.2759774981944,15,3,5,0,15,3
H3K4me1_TDH_BP/samples/myeloid/ERS365963/problems/chr5:91686128-138787073,10.2759774981944,10.2890118890533,15,3,5,0,15,3
H3K4me1_TDH_BP/samples/myeloid/ERS365963/problems/chr5:91686128-138787073,10.2890118890533,10.2911566595103,15,3,5,0,15,3
H3K4me1_TDH_BP/samples/myeloid/ERS365963/problems/chr5:91686128-138787073,10.2911566595103,10.2911797667616,15,2,5,0,15,2
H3K4me1_TDH_BP/samples/myeloid/ERS365963/problems/chr5:91686128-138787073,10.2911797667616,10.294247240324,15,2,5,0,15,2
H3K4me1_TDH_BP/samples/myeloid/ERS365963/problems/chr5:91686128-138787073,10.294247240324,10.3029428625108,15,2,5,0,15,2
H3K4me1_TDH_BP/samples/myeloid/ERS365963/problems/chr5:91686128-138787073,10.3029428625108,10.3091644350099,15,2,5,0,15,2
H3K4me1_TDH_BP/samples/myeloid/ERS365963/problems/chr5:91686128-138787073,10.3091644350099,10.3134650570202,15,2,5,0,15,2
H3K4me1_TDH_BP/samples/myeloid/ERS365963/problems/chr5:91686128-138787073,10.3134650570202,10.3241069884729,15,2,5,0,15,2
H3K4me1_TDH_BP/samples/myeloid/ERS365963/problems/chr5:91686128-138787073,10.3241069884729,10.3276824528055,15,2,5,0,15,2
H3K4me1_TDH_BP/samples/myeloid/ERS365963/problems/chr5:91686128-138787073,10.3276824528055,10.3340068789172,15,2,5,0,15,2
H3K4me1_TDH_BP/samples/myeloid/ERS365963/problems/chr5:91686128-138787073,10.3340068789172,10.3427493055331,15,2,5,0,15,2
H3K4me1_TDH_BP/samples/myeloid/ERS365963/problems/chr5:91686128-138787073,10.3427493055331,10.3473720640841,15,2,5,0,15,2
H3K4me1_TDH_BP/samples/myeloid/ERS365963/problems/chr5:91686128-138787073,10.3473720640841,10.3576123392528,15,2,5,0,15,2
H3K4me1_TDH_BP/samples/myeloid/ERS365963/problems/chr5:91686128-138787073,10.3576123392528,10.3596081655386,15,2,5,1,15,3
H3K4me1_TDH_BP/samples/myeloid/ERS365963/problems/chr5:91686128-138787073,10.3596081655386,10.3854691692959,15,2,5,1,15,3
H3K4me1_TDH_BP/samples/myeloid/ERS365963/problems/chr5:91686128-138787073,10.3854691692959,10.435588210576,15,3,5,3,15,6
H3K4me1_TDH_BP/samples/myeloid/ERS365963/problems/chr5:91686128-138787073,10.435588210576,10.6753499218885,15,3,5,3,15,6
H3K4me1_TDH_BP/samples/myeloid/ERS365963/problems/chr5:91686128-138787073,10.6753499218885,11.059957508965,15,3,5,3,15,6
H3K4me1_TDH_BP/samples/myeloid/ERS365963/problems/chr5:91686128-138787073,11.059957508965,11.0904012855122,15,3,5,3,15,6
H3K4me1_TDH_BP/samples/myeloid/ERS365963/problems/chr5:91686128-138787073,11.0904012855122,11.1250605092203,15,3,5,3,15,6
H3K4me1_TDH_BP/samples/myeloid/ERS365963/problems/chr5:91686128-138787073,11.1250605092203,11.1385999883494,15,0,5,5,15,5
H3K4me1_TDH_BP/samples/myeloid/ERS365963/problems/chr5:91686128-138787073,11.1385999883494,11.2174041768209,15,0,5,5,15,5
H3K4me1_TDH_BP/samples/myeloid/ERS365963/problems/chr5:91686128-138787073,11.2174041768209,11.3635797673201,15,0,5,5,15,5
H3K4me1_TDH_BP/samples/myeloid/ERS365963/problems/chr5:91686128-138787073,11.3635797673201,11.789728032079,15,0,5,5,15,5
H3K4me1_TDH_BP/samples/myeloid/ERS365963/problems/chr5:91686128-138787073,11.789728032079,13.3104964029781,15,0,5,5,15,5
H3K4me1_TDH_BP/samples/myeloid/ERS365963/problems/chr5:91686128-138787073,13.3104964029781,Inf,15,0,5,5,15,5
H3K4me1_TDH_BP/samples/myeloid/ERS365965/problems/chr1:149509645-205922707,-Inf,2.20700992100897,14,14,3,0,14,14
H3K4me1_TDH_BP/samples/myeloid/ERS365965/problems/chr1:149509645-205922707,2.20700992100897,6.90794663717767,14,14,3,0,14,14
H3K4me1_TDH_BP/samples/myeloid/ERS365965/problems/chr1:149509645-205922707,6.90794663717767,8.64154864219422,14,14,3,0,14,14
H3K4me1_TDH_BP/samples/myeloid/ERS365965/problems/chr1:149509645-205922707,8.64154864219422,9.53632030662928,14,8,3,0,14,8
H3K4me1_TDH_BP/samples/myeloid/ERS365965/problems/chr1:149509645-205922707,9.53632030662928,9.62331240593721,14,4,3,0,14,4
H3K4me1_TDH_BP/samples/myeloid/ERS365965/problems/chr1:149509645-205922707,9.62331240593721,9.65195224397691,14,4,3,0,14,4
H3K4me1_TDH_BP/samples/myeloid/ERS365965/problems/chr1:149509645-205922707,9.65195224397691,9.66449152264276,14,3,3,0,14,3
H3K4me1_TDH_BP/samples/myeloid/ERS365965/problems/chr1:149509645-205922707,9.66449152264276,9.66783704039797,14,2,3,0,14,2
H3K4me1_TDH_BP/samples/myeloid/ERS365965/problems/chr1:149509645-205922707,9.66783704039797,9.66880072750294,14,2,3,0,14,2
H3K4me1_TDH_BP/samples/myeloid/ERS365965/problems/chr1:149509645-205922707,9.66880072750294,9.66906964705219,14,2,3,0,14,2
H3K4me1_TDH_BP/samples/myeloid/ERS365965/problems/chr1:149509645-205922707,9.66906964705219,9.66933487652087,14,0,3,0,14,0
H3K4me1_TDH_BP/samples/myeloid/ERS365965/problems/chr1:149509645-205922707,9.66933487652087,9.67003569108157,14,0,3,0,14,0
H3K4me1_TDH_BP/samples/myeloid/ERS365965/problems/chr1:149509645-205922707,9.67003569108157,9.67566375153459,14,0,3,0,14,0
H3K4me1_TDH_BP/samples/myeloid/ERS365965/problems/chr1:149509645-205922707,9.67566375153459,9.71731686946909,14,0,3,0,14,0
H3K4me1_TDH_BP/samples/myeloid/ERS365965/problems/chr1:149509645-205922707,9.71731686946909,9.96312284271068,14,0,3,0,14,0
H3K4me1_TDH_BP/samples/myeloid/ERS365965/problems/chr1:149509645-205922707,9.96312284271068,10.6567745282243,14,0,3,0,14,0
H3K4me1_TDH_BP/samples/myeloid/ERS365965/problems/chr1:149509645-205922707,10.6567745282243,11.3361947303919,14,0,3,0,14,0
H3K4me1_TDH_BP/samples/myeloid/ERS365965/problems/chr1:149509645-205922707,11.3361947303919,11.4952803549027,14,0,3,0,14,0
H3K4me1_TDH_BP/samples/myeloid/ERS365965/problems/chr1:149509645-205922707,11.4952803549027,11.5267739526873,14,0,3,0,14,0
H3K4me1_TDH_BP/samples/myeloid/ERS365965/problems/chr1:149509645-205922707,11.5267739526873,11.5401089931892,14,0,3,0,14,0
H3K4me1_TDH_BP/samples/myeloid/ERS365965/problems/chr1:149509645-205922707,11.5401089931892,11.5472112982631,14,0,3,0,14,0
H3K4me1_TDH_BP/samples/myeloid/ERS365965/problems/chr1:149509645-205922707,11.5472112982631,11.5586995702411,14,0,3,0,14,0
H3K4me1_TDH_BP/samples/myeloid/ERS365965/problems/chr1:149509645-205922707,11.5586995702411,11.5985140735318,14,0,3,2,14,2
H3K4me1_TDH_BP/samples/myeloid/ERS365965/problems/chr1:149509645-205922707,11.5985140735318,11.6966080561867,14,0,3,2,14,2
H3K4me1_TDH_BP/samples/myeloid/ERS365965/problems/chr1:149509645-205922707,11.6966080561867,12.1124963646805,14,0,3,2,14,2
H3K4me1_TDH_BP/samples/myeloid/ERS365965/problems/chr1:149509645-205922707,12.1124963646805,13.6063716952833,14,0,3,2,14,2
H3K4me1_TDH_BP/samples/myeloid/ERS365965/problems/chr1:149509645-205922707,13.6063716952833,Inf,14,0,3,3,14,3
H3K4me1_TDH_BP/samples/myeloid/ERS365965/problems/chr2:162200000-234003741,-Inf,2.23837666902098,8,8,2,0,8,8
H3K4me1_TDH_BP/samples/myeloid/ERS365965/problems/chr2:162200000-234003741,2.23837666902098,6.75539385368451,8,8,2,0,8,8
H3K4me1_TDH_BP/samples/myeloid/ERS365965/problems/chr2:162200000-234003741,6.75539385368451,8.4152256684464,8,8,2,0,8,8
H3K4me1_TDH_BP/samples/myeloid/ERS365965/problems/chr2:162200000-234003741,8.4152256684464,9.24514725387064,8,7,2,0,8,7
H3K4me1_TDH_BP/samples/myeloid/ERS365965/problems/chr2:162200000-234003741,9.24514725387064,9.67142759492015,8,6,2,0,8,6
H3K4me1_TDH_BP/samples/myeloid/ERS365965/problems/chr2:162200000-234003741,9.67142759492015,9.91595407928858,8,7,2,0,8,7
H3K4me1_TDH_BP/samples/myeloid/ERS365965/problems/chr2:162200000-234003741,9.91595407928858,9.97442208222811,8,5,2,0,8,5
H3K4me1_TDH_BP/samples/myeloid/ERS365965/problems/chr2:162200000-234003741,9.97442208222811,10.0355108626808,8,5,2,1,8,6
H3K4me1_TDH_BP/samples/myeloid/ERS365965/problems/chr2:162200000-234003741,10.0355108626808,10.0682605492833,8,5,2,1,8,6
H3K4me1_TDH_BP/samples/myeloid/ERS365965/problems/chr2:162200000-234003741,10.0682605492833,10.0729589419922,8,5,2,1,8,6
H3K4me1_TDH_BP/samples/myeloid/ERS365965/problems/chr2:162200000-234003741,10.0729589419922,10.0729913275088,8,0,2,1,8,1
H3K4me1_TDH_BP/samples/myeloid/ERS365965/problems/chr2:162200000-234003741,10.0729913275088,10.0743444088771,8,0,2,1,8,1
H3K4me1_TDH_BP/samples/myeloid/ERS365965/problems/chr2:162200000-234003741,10.0743444088771,10.0781121732492,8,0,2,1,8,1
H3K4me1_TDH_BP/samples/myeloid/ERS365965/problems/chr2:162200000-234003741,10.0781121732492,10.0881289938853,8,0,2,1,8,1
H3K4me1_TDH_BP/samples/myeloid/ERS365965/problems/chr2:162200000-234003741,10.0881289938853,10.1136391458699,8,0,2,1,8,1
H3K4me1_TDH_BP/samples/myeloid/ERS365965/problems/chr2:162200000-234003741,10.1136391458699,10.2567353027084,8,0,2,1,8,1
H3K4me1_TDH_BP/samples/myeloid/ERS365965/problems/chr2:162200000-234003741,10.2567353027084,10.4256827800649,8,0,2,1,8,1
H3K4me1_TDH_BP/samples/myeloid/ERS365965/problems/chr2:162200000-234003741,10.4256827800649,10.4970333712427,8,0,2,1,8,1
H3K4me1_TDH_BP/samples/myeloid/ERS365965/problems/chr2:162200000-234003741,10.4970333712427,10.6310543516536,8,0,2,1,8,1
H3K4me1_TDH_BP/samples/myeloid/ERS365965/problems/chr2:162200000-234003741,10.6310543516536,10.7990258045264,8,0,2,1,8,1
H3K4me1_TDH_BP/samples/myeloid/ERS365965/problems/chr2:162200000-234003741,10.7990258045264,10.9662113528315,8,0,2,1,8,1
H3K4me1_TDH_BP/samples/myeloid/ERS365965/problems/chr2:162200000-234003741,10.9662113528315,11.1400164058064,8,0,2,1,8,1
H3K4me1_TDH_BP/samples/myeloid/ERS365965/problems/chr2:162200000-234003741,11.1400164058064,11.2956192933033,8,0,2,1,8,1
H3K4me1_TDH_BP/samples/myeloid/ERS365965/problems/chr2:162200000-234003741,11.2956192933033,11.3972382823083,8,0,2,1,8,1
H3K4me1_TDH_BP/samples/myeloid/ERS365965/problems/chr2:162200000-234003741,11.3972382823083,11.5552286731546,8,0,2,1,8,1
H3K4me1_TDH_BP/samples/myeloid/ERS365965/problems/chr2:162200000-234003741,11.5552286731546,11.7345897576266,8,0,2,1,8,1
H3K4me1_TDH_BP/samples/myeloid/ERS365965/problems/chr2:162200000-234003741,11.7345897576266,11.8444235455312,8,0,2,1,8,1
H3K4me1_TDH_BP/samples/myeloid/ERS365965/problems/chr2:162200000-234003741,11.8444235455312,12.0244272606511,8,0,2,1,8,1
H3K4me1_TDH_BP/samples/myeloid/ERS365965/problems/chr2:162200000-234003741,12.0244272606511,12.1446267805153,8,0,2,1,8,1
H3K4me1_TDH_BP/samples/myeloid/ERS365965/problems/chr2:162200000-234003741,12.1446267805153,12.1465922112574,8,0,2,2,8,2
H3K4me1_TDH_BP/samples/myeloid/ERS365965/problems/chr2:162200000-234003741,12.1465922112574,12.160358800877,8,0,2,2,8,2
H3K4me1_TDH_BP/samples/myeloid/ERS365965/problems/chr2:162200000-234003741,12.160358800877,12.1785241063129,8,0,2,2,8,2
H3K4me1_TDH_BP/samples/myeloid/ERS365965/problems/chr2:162200000-234003741,12.1785241063129,12.2244454184884,8,0,2,2,8,2
H3K4me1_TDH_BP/samples/myeloid/ERS365965/problems/chr2:162200000-234003741,12.2244454184884,12.3322290321363,8,0,2,2,8,2
H3K4me1_TDH_BP/samples/myeloid/ERS365965/problems/chr2:162200000-234003741,12.3322290321363,12.6908869848241,8,0,2,2,8,2
H3K4me1_TDH_BP/samples/myeloid/ERS365965/problems/chr2:162200000-234003741,12.6908869848241,14.0975537915875,8,0,2,2,8,2
H3K4me1_TDH_BP/samples/myeloid/ERS365965/problems/chr2:162200000-234003741,14.0975537915875,Inf,8,0,2,2,8,2
H3K4me1_TDH_BP/samples/myeloid/ERS365965/problems/chr2:16329724-21153113,-Inf,2.24524783228666,7,7,2,0,7,7
H3K4me1_TDH_BP/samples/myeloid/ERS365965/problems/chr2:16329724-21153113,2.24524783228666,6.71574773519269,7,7,2,0,7,7
H3K4me1_TDH_BP/samples/myeloid/ERS365965/problems/chr2:16329724-21153113,6.71574773519269,8.35503500037764,7,7,2,0,7,7
H3K4me1_TDH_BP/samples/myeloid/ERS365965/problems/chr2:16329724-21153113,8.35503500037764,9.38286734347118,7,5,2,0,7,5
H3K4me1_TDH_BP/samples/myeloid/ERS365965/problems/chr2:16329724-21153113,9.38286734347118,10.3410474869948,7,3,2,0,7,3
H3K4me1_TDH_BP/samples/myeloid/ERS365965/problems/chr2:16329724-21153113,10.3410474869948,10.4692404168755,7,3,2,0,7,3
H3K4me1_TDH_BP/samples/myeloid/ERS365965/problems/chr2:16329724-21153113,10.4692404168755,10.5038284950371,7,3,2,0,7,3
H3K4me1_TDH_BP/samples/myeloid/ERS365965/problems/chr2:16329724-21153113,10.5038284950371,10.7546292163369,7,2,2,0,7,2
H3K4me1_TDH_BP/samples/myeloid/ERS365965/problems/chr2:16329724-21153113,10.7546292163369,11.023267065341,7,2,2,0,7,2
H3K4me1_TDH_BP/samples/myeloid/ERS365965/problems/chr2:16329724-21153113,11.023267065341,11.2606915823511,7,2,2,0,7,2
H3K4me1_TDH_BP/samples/myeloid/ERS365965/problems/chr2:16329724-21153113,11.2606915823511,11.5343362237433,7,2,2,0,7,2
H3K4me1_TDH_BP/samples/myeloid/ERS365965/problems/chr2:16329724-21153113,11.5343362237433,11.781059401727,7,2,2,0,7,2
H3K4me1_TDH_BP/samples/myeloid/ERS365965/problems/chr2:16329724-21153113,11.781059401727,11.796618858962,7,2,2,0,7,2
H3K4me1_TDH_BP/samples/myeloid/ERS365965/problems/chr2:16329724-21153113,11.796618858962,12.0034353603268,7,2,2,2,7,4
H3K4me1_TDH_BP/samples/myeloid/ERS365965/problems/chr2:16329724-21153113,12.0034353603268,12.3763728171338,7,2,2,2,7,4
H3K4me1_TDH_BP/samples/myeloid/ERS365965/problems/chr2:16329724-21153113,12.3763728171338,12.5523905091895,7,0,2,2,7,2
H3K4me1_TDH_BP/samples/myeloid/ERS365965/problems/chr2:16329724-21153113,12.5523905091895,12.5936653799295,7,0,2,2,7,2
H3K4me1_TDH_BP/samples/myeloid/ERS365965/problems/chr2:16329724-21153113,12.5936653799295,12.9091582579237,7,0,2,2,7,2
H3K4me1_TDH_BP/samples/myeloid/ERS365965/problems/chr2:16329724-21153113,12.9091582579237,13.8801892332327,7,0,2,2,7,2
H3K4me1_TDH_BP/samples/myeloid/ERS365965/problems/chr2:16329724-21153113,13.8801892332327,Inf,7,0,2,2,7,2
H3K4me1_TDH_BP/samples/myeloid/ERS365965/problems/chr3:60000-66170270,-Inf,2.22151483909565,11,11,4,0,11,11
H3K4me1_TDH_BP/samples/myeloid/ERS365965/problems/chr3:60000-66170270,2.22151483909565,6.89121043595757,11,11,4,0,11,11
H3K4me1_TDH_BP/samples/myeloid/ERS365965/problems/chr3:60000-66170270,6.89121043595757,8.60999963996033,11,11,4,0,11,11
H3K4me1_TDH_BP/samples/myeloid/ERS365965/problems/chr3:60000-66170270,8.60999963996033,9.70762677692399,11,6,4,0,11,6
H3K4me1_TDH_BP/samples/myeloid/ERS365965/problems/chr3:60000-66170270,9.70762677692399,10.175975215013,11,5,4,0,11,5
H3K4me1_TDH_BP/samples/myeloid/ERS365965/problems/chr3:60000-66170270,10.175975215013,10.2376683214962,11,5,4,0,11,5
H3K4me1_TDH_BP/samples/myeloid/ERS365965/problems/chr3:60000-66170270,10.2376683214962,10.2419067807531,11,5,4,0,11,5
H3K4me1_TDH_BP/samples/myeloid/ERS365965/problems/chr3:60000-66170270,10.2419067807531,10.2444648368876,11,5,4,0,11,5
H3K4me1_TDH_BP/samples/myeloid/ERS365965/problems/chr3:60000-66170270,10.2444648368876,10.2447970951497,11,0,4,0,11,0
H3K4me1_TDH_BP/samples/myeloid/ERS365965/problems/chr3:60000-66170270,10.2447970951497,10.2454701776104,11,0,4,0,11,0
H3K4me1_TDH_BP/samples/myeloid/ERS365965/problems/chr3:60000-66170270,10.2454701776104,10.2465950529786,11,0,4,0,11,0
H3K4me1_TDH_BP/samples/myeloid/ERS365965/problems/chr3:60000-66170270,10.2465950529786,10.2537794333581,11,0,4,0,11,0
H3K4me1_TDH_BP/samples/myeloid/ERS365965/problems/chr3:60000-66170270,10.2537794333581,10.2738886523098,11,0,4,0,11,0
H3K4me1_TDH_BP/samples/myeloid/ERS365965/problems/chr3:60000-66170270,10.2738886523098,10.3232374151758,11,0,4,0,11,0
H3K4me1_TDH_BP/samples/myeloid/ERS365965/problems/chr3:60000-66170270,10.3232374151758,10.4700418666345,11,0,4,0,11,0
H3K4me1_TDH_BP/samples/myeloid/ERS365965/problems/chr3:60000-66170270,10.4700418666345,10.7114773636075,11,0,4,0,11,0
H3K4me1_TDH_BP/samples/myeloid/ERS365965/problems/chr3:60000-66170270,10.7114773636075,10.8960628494926,11,0,4,0,11,0
H3K4me1_TDH_BP/samples/myeloid/ERS365965/problems/chr3:60000-66170270,10.8960628494926,10.9406349100567,11,0,4,0,11,0
H3K4me1_TDH_BP/samples/myeloid/ERS365965/problems/chr3:60000-66170270,10.9406349100567,10.9496494014421,11,0,4,0,11,0
H3K4me1_TDH_BP/samples/myeloid/ERS365965/problems/chr3:60000-66170270,10.9496494014421,10.9512703169784,11,0,4,2,11,2
H3K4me1_TDH_BP/samples/myeloid/ERS365965/problems/chr3:60000-66170270,10.9512703169784,10.9556314239682,11,0,4,2,11,2
H3K4me1_TDH_BP/samples/myeloid/ERS365965/problems/chr3:60000-66170270,10.9556314239682,10.967165809008,11,0,4,2,11,2
H3K4me1_TDH_BP/samples/myeloid/ERS365965/problems/chr3:60000-66170270,10.967165809008,10.9909321120822,11,0,4,2,11,2
H3K4me1_TDH_BP/samples/myeloid/ERS365965/problems/chr3:60000-66170270,10.9909321120822,11.0900840604391,11,0,4,2,11,2
H3K4me1_TDH_BP/samples/myeloid/ERS365965/problems/chr3:60000-66170270,11.0900840604391,11.4899824205766,11,0,4,2,11,2
H3K4me1_TDH_BP/samples/myeloid/ERS365965/problems/chr3:60000-66170270,11.4899824205766,12.2181014843403,11,0,4,4,11,4
H3K4me1_TDH_BP/samples/myeloid/ERS365965/problems/chr3:60000-66170270,12.2181014843403,13.9354570891851,11,0,4,4,11,4
H3K4me1_TDH_BP/samples/myeloid/ERS365965/problems/chr3:60000-66170270,13.9354570891851,Inf,11,0,4,4,11,4
H3K4me1_TDH_BP/samples/myeloid/ERS365965/problems/chr4:75452279-190000000,-Inf,2.2748508051137,11,11,1,0,11,11
H3K4me1_TDH_BP/samples/myeloid/ERS365965/problems/chr4:75452279-190000000,2.2748508051137,6.69683356027054,11,11,1,0,11,11
H3K4me1_TDH_BP/samples/myeloid/ERS365965/problems/chr4:75452279-190000000,6.69683356027054,8.29313909172783,11,11,1,0,11,11
H3K4me1_TDH_BP/samples/myeloid/ERS365965/problems/chr4:75452279-190000000,8.29313909172783,9.19552056391042,11,11,1,0,11,11
H3K4me1_TDH_BP/samples/myeloid/ERS365965/problems/chr4:75452279-190000000,9.19552056391042,10.0174468515727,11,7,1,0,11,7
H3K4me1_TDH_BP/samples/myeloid/ERS365965/problems/chr4:75452279-190000000,10.0174468515727,10.1914070593477,11,8,1,0,11,8
H3K4me1_TDH_BP/samples/myeloid/ERS365965/problems/chr4:75452279-190000000,10.1914070593477,10.2433841563638,11,8,1,0,11,8
H3K4me1_TDH_BP/samples/myeloid/ERS365965/problems/chr4:75452279-190000000,10.2433841563638,10.2760092489173,11,8,1,0,11,8
H3K4me1_TDH_BP/samples/myeloid/ERS365965/problems/chr4:75452279-190000000,10.2760092489173,10.289750237935,11,7,1,0,11,7
H3K4me1_TDH_BP/samples/myeloid/ERS365965/problems/chr4:75452279-190000000,10.289750237935,10.2945646750528,11,7,1,0,11,7
H3K4me1_TDH_BP/samples/myeloid/ERS365965/problems/chr4:75452279-190000000,10.2945646750528,10.298743544847,11,7,1,0,11,7
H3K4me1_TDH_BP/samples/myeloid/ERS365965/problems/chr4:75452279-190000000,10.298743544847,10.3009261931754,11,7,1,0,11,7
H3K4me1_TDH_BP/samples/myeloid/ERS365965/problems/chr4:75452279-190000000,10.3009261931754,10.3767018078016,11,0,1,0,11,0
H3K4me1_TDH_BP/samples/myeloid/ERS365965/problems/chr4:75452279-190000000,10.3767018078016,10.8286914135874,11,0,1,0,11,0
H3K4me1_TDH_BP/samples/myeloid/ERS365965/problems/chr4:75452279-190000000,10.8286914135874,11.7796967034638,11,0,1,0,11,0
H3K4me1_TDH_BP/samples/myeloid/ERS365965/problems/chr4:75452279-190000000,11.7796967034638,12.5483222731169,11,0,1,0,11,0
H3K4me1_TDH_BP/samples/myeloid/ERS365965/problems/chr4:75452279-190000000,12.5483222731169,12.6112612724211,11,0,1,0,11,0
H3K4me1_TDH_BP/samples/myeloid/ERS365965/problems/chr4:75452279-190000000,12.6112612724211,12.6356945525273,11,0,1,1,11,1
H3K4me1_TDH_BP/samples/myeloid/ERS365965/problems/chr4:75452279-190000000,12.6356945525273,12.6612194322483,11,0,1,1,11,1
H3K4me1_TDH_BP/samples/myeloid/ERS365965/problems/chr4:75452279-190000000,12.6612194322483,12.7908360189893,11,0,1,1,11,1
H3K4me1_TDH_BP/samples/myeloid/ERS365965/problems/chr4:75452279-190000000,12.7908360189893,13.1518480458318,11,0,1,1,11,1
H3K4me1_TDH_BP/samples/myeloid/ERS365965/problems/chr4:75452279-190000000,13.1518480458318,14.4695409270249,11,0,1,1,11,1
H3K4me1_TDH_BP/samples/myeloid/ERS365965/problems/chr4:75452279-190000000,14.4695409270249,Inf,11,0,1,1,11,1
H3K4me1_TDH_BP/samples/myeloid/ERS365965/problems/chr5:91686128-138787073,-Inf,2.24869518241289,15,15,5,0,15,15
H3K4me1_TDH_BP/samples/myeloid/ERS365965/problems/chr5:91686128-138787073,2.24869518241289,6.73236194087088,15,15,5,0,15,15
H3K4me1_TDH_BP/samples/myeloid/ERS365965/problems/chr5:91686128-138787073,6.73236194087088,8.37988050777004,15,14,5,0,15,14
H3K4me1_TDH_BP/samples/myeloid/ERS365965/problems/chr5:91686128-138787073,8.37988050777004,9.40512575033483,15,7,5,0,15,7
H3K4me1_TDH_BP/samples/myeloid/ERS365965/problems/chr5:91686128-138787073,9.40512575033483,10.3540552961257,15,9,5,0,15,9
H3K4me1_TDH_BP/samples/myeloid/ERS365965/problems/chr5:91686128-138787073,10.3540552961257,10.5307490229681,15,3,5,0,15,3
H3K4me1_TDH_BP/samples/myeloid/ERS365965/problems/chr5:91686128-138787073,10.5307490229681,10.6017554352492,15,2,5,0,15,2
H3K4me1_TDH_BP/samples/myeloid/ERS365965/problems/chr5:91686128-138787073,10.6017554352492,10.6236802833317,15,2,5,0,15,2
H3K4me1_TDH_BP/samples/myeloid/ERS365965/problems/chr5:91686128-138787073,10.6236802833317,10.6272987584798,15,0,5,0,15,0
H3K4me1_TDH_BP/samples/myeloid/ERS365965/problems/chr5:91686128-138787073,10.6272987584798,10.6318990045338,15,0,5,0,15,0
H3K4me1_TDH_BP/samples/myeloid/ERS365965/problems/chr5:91686128-138787073,10.6318990045338,10.6481845663042,15,0,5,0,15,0
H3K4me1_TDH_BP/samples/myeloid/ERS365965/problems/chr5:91686128-138787073,10.6481845663042,10.7667097107551,15,0,5,0,15,0
H3K4me1_TDH_BP/samples/myeloid/ERS365965/problems/chr5:91686128-138787073,10.7667097107551,11.2489589688764,15,0,5,0,15,0
H3K4me1_TDH_BP/samples/myeloid/ERS365965/problems/chr5:91686128-138787073,11.2489589688764,11.8057248612559,15,0,5,0,15,0
H3K4me1_TDH_BP/samples/myeloid/ERS365965/problems/chr5:91686128-138787073,11.8057248612559,11.9512237967187,15,0,5,0,15,0
H3K4me1_TDH_BP/samples/myeloid/ERS365965/problems/chr5:91686128-138787073,11.9512237967187,11.9711386519026,15,0,5,0,15,0
H3K4me1_TDH_BP/samples/myeloid/ERS365965/problems/chr5:91686128-138787073,11.9711386519026,11.9856963612858,15,0,5,0,15,0
H3K4me1_TDH_BP/samples/myeloid/ERS365965/problems/chr5:91686128-138787073,11.9856963612858,12.0242710213746,15,0,5,1,15,1
H3K4me1_TDH_BP/samples/myeloid/ERS365965/problems/chr5:91686128-138787073,12.0242710213746,12.1324278227093,15,0,5,1,15,1
H3K4me1_TDH_BP/samples/myeloid/ERS365965/problems/chr5:91686128-138787073,12.1324278227093,12.4963831732126,15,0,5,3,15,3
H3K4me1_TDH_BP/samples/myeloid/ERS365965/problems/chr5:91686128-138787073,12.4963831732126,14.0093998815958,15,0,5,5,15,5
H3K4me1_TDH_BP/samples/myeloid/ERS365965/problems/chr5:91686128-138787073,14.0093998815958,Inf,15,0,5,5,15,5
H3K4me1_TDH_BP/samples/myeloid/ERS365966/problems/chr1:149509645-205922707,-Inf,1.9880309524205,14,14,3,0,14,14
H3K4me1_TDH_BP/samples/myeloid/ERS365966/problems/chr1:149509645-205922707,1.9880309524205,6.10418016150132,14,14,3,0,14,14
H3K4me1_TDH_BP/samples/myeloid/ERS365966/problems/chr1:149509645-205922707,6.10418016150132,7.92357818549847,14,13,3,0,14,13
H3K4me1_TDH_BP/samples/myeloid/ERS365966/problems/chr1:149509645-205922707,7.92357818549847,9.10188126359885,14,8,3,0,14,8
H3K4me1_TDH_BP/samples/myeloid/ERS365966/problems/chr1:149509645-205922707,9.10188126359885,9.62942744834949,14,10,3,0,14,10
H3K4me1_TDH_BP/samples/myeloid/ERS365966/problems/chr1:149509645-205922707,9.62942744834949,9.76295133325475,14,10,3,0,14,10
H3K4me1_TDH_BP/samples/myeloid/ERS365966/problems/chr1:149509645-205922707,9.76295133325475,9.77956626878456,14,10,3,0,14,10
H3K4me1_TDH_BP/samples/myeloid/ERS365966/problems/chr1:149509645-205922707,9.77956626878456,9.78172992049025,14,10,3,0,14,10
H3K4me1_TDH_BP/samples/myeloid/ERS365966/problems/chr1:149509645-205922707,9.78172992049025,9.78281135011614,14,10,3,0,14,10
H3K4me1_TDH_BP/samples/myeloid/ERS365966/problems/chr1:149509645-205922707,9.78281135011614,9.78368027079531,14,0,3,0,14,0
H3K4me1_TDH_BP/samples/myeloid/ERS365966/problems/chr1:149509645-205922707,9.78368027079531,9.78603203434866,14,0,3,0,14,0
H3K4me1_TDH_BP/samples/myeloid/ERS365966/problems/chr1:149509645-205922707,9.78603203434866,9.7947450544809,14,0,3,0,14,0
H3K4me1_TDH_BP/samples/myeloid/ERS365966/problems/chr1:149509645-205922707,9.7947450544809,9.82595976932067,14,0,3,0,14,0
H3K4me1_TDH_BP/samples/myeloid/ERS365966/problems/chr1:149509645-205922707,9.82595976932067,9.9170082599322,14,0,3,0,14,0
H3K4me1_TDH_BP/samples/myeloid/ERS365966/problems/chr1:149509645-205922707,9.9170082599322,10.0972929482064,14,0,3,0,14,0
H3K4me1_TDH_BP/samples/myeloid/ERS365966/problems/chr1:149509645-205922707,10.0972929482064,10.2576389814019,14,0,3,0,14,0
H3K4me1_TDH_BP/samples/myeloid/ERS365966/problems/chr1:149509645-205922707,10.2576389814019,10.3456140168615,14,0,3,0,14,0
H3K4me1_TDH_BP/samples/myeloid/ERS365966/problems/chr1:149509645-205922707,10.3456140168615,10.3798128491238,14,0,3,0,14,0
H3K4me1_TDH_BP/samples/myeloid/ERS365966/problems/chr1:149509645-205922707,10.3798128491238,10.3899533898212,14,0,3,0,14,0
H3K4me1_TDH_BP/samples/myeloid/ERS365966/problems/chr1:149509645-205922707,10.3899533898212,10.3901471818033,14,0,3,2,14,2
H3K4me1_TDH_BP/samples/myeloid/ERS365966/problems/chr1:149509645-205922707,10.3901471818033,10.3910750504648,14,0,3,2,14,2
H3K4me1_TDH_BP/samples/myeloid/ERS365966/problems/chr1:149509645-205922707,10.3910750504648,10.3932995451979,14,0,3,2,14,2
H3K4me1_TDH_BP/samples/myeloid/ERS365966/problems/chr1:149509645-205922707,10.3932995451979,10.4021024377981,14,0,3,2,14,2
H3K4me1_TDH_BP/samples/myeloid/ERS365966/problems/chr1:149509645-205922707,10.4021024377981,10.4196698461512,14,0,3,2,14,2
H3K4me1_TDH_BP/samples/myeloid/ERS365966/problems/chr1:149509645-205922707,10.4196698461512,10.6761974357946,14,0,3,2,14,2
H3K4me1_TDH_BP/samples/myeloid/ERS365966/problems/chr1:149509645-205922707,10.6761974357946,11.3126688151676,14,0,3,2,14,2
H3K4me1_TDH_BP/samples/myeloid/ERS365966/problems/chr1:149509645-205922707,11.3126688151676,12.2766640172609,14,0,3,2,14,2
H3K4me1_TDH_BP/samples/myeloid/ERS365966/problems/chr1:149509645-205922707,12.2766640172609,13.745288735242,14,0,3,3,14,3
H3K4me1_TDH_BP/samples/myeloid/ERS365966/problems/chr1:149509645-205922707,13.745288735242,Inf,14,0,3,3,14,3
H3K4me1_TDH_BP/samples/myeloid/ERS365966/problems/chr2:162200000-234003741,-Inf,1.98214497660857,8,8,2,0,8,8
H3K4me1_TDH_BP/samples/myeloid/ERS365966/problems/chr2:162200000-234003741,1.98214497660857,5.88459741357334,8,8,2,0,8,8
H3K4me1_TDH_BP/samples/myeloid/ERS365966/problems/chr2:162200000-234003741,5.88459741357334,7.63893224082852,8,8,2,0,8,8
H3K4me1_TDH_BP/samples/myeloid/ERS365966/problems/chr2:162200000-234003741,7.63893224082852,8.77696635708047,8,7,2,0,8,7
H3K4me1_TDH_BP/samples/myeloid/ERS365966/problems/chr2:162200000-234003741,8.77696635708047,9.68282938509812,8,6,2,0,8,6
H3K4me1_TDH_BP/samples/myeloid/ERS365966/problems/chr2:162200000-234003741,9.68282938509812,9.75006987821832,8,6,2,1,8,7
H3K4me1_TDH_BP/samples/myeloid/ERS365966/problems/chr2:162200000-234003741,9.75006987821832,9.86309310997176,8,5,2,1,8,6
H3K4me1_TDH_BP/samples/myeloid/ERS365966/problems/chr2:162200000-234003741,9.86309310997176,10.0886269189378,8,4,2,1,8,5
H3K4me1_TDH_BP/samples/myeloid/ERS365966/problems/chr2:162200000-234003741,10.0886269189378,10.3275136194002,8,4,2,1,8,5
H3K4me1_TDH_BP/samples/myeloid/ERS365966/problems/chr2:162200000-234003741,10.3275136194002,10.4360992731495,8,4,2,1,8,5
H3K4me1_TDH_BP/samples/myeloid/ERS365966/problems/chr2:162200000-234003741,10.4360992731495,10.462831248629,8,4,2,1,8,5
H3K4me1_TDH_BP/samples/myeloid/ERS365966/problems/chr2:162200000-234003741,10.462831248629,10.4686639739396,8,0,2,1,8,1
H3K4me1_TDH_BP/samples/myeloid/ERS365966/problems/chr2:162200000-234003741,10.4686639739396,10.4786359190297,8,0,2,1,8,1
H3K4me1_TDH_BP/samples/myeloid/ERS365966/problems/chr2:162200000-234003741,10.4786359190297,10.4934578096672,8,0,2,1,8,1
H3K4me1_TDH_BP/samples/myeloid/ERS365966/problems/chr2:162200000-234003741,10.4934578096672,10.5365618653703,8,0,2,1,8,1
H3K4me1_TDH_BP/samples/myeloid/ERS365966/problems/chr2:162200000-234003741,10.5365618653703,10.6221199156712,8,0,2,1,8,1
H3K4me1_TDH_BP/samples/myeloid/ERS365966/problems/chr2:162200000-234003741,10.6221199156712,10.7189610066201,8,0,2,1,8,1
H3K4me1_TDH_BP/samples/myeloid/ERS365966/problems/chr2:162200000-234003741,10.7189610066201,10.8207981925545,8,0,2,1,8,1
H3K4me1_TDH_BP/samples/myeloid/ERS365966/problems/chr2:162200000-234003741,10.8207981925545,10.9334914597446,8,0,2,1,8,1
H3K4me1_TDH_BP/samples/myeloid/ERS365966/problems/chr2:162200000-234003741,10.9334914597446,11.0339489024812,8,0,2,1,8,1
H3K4me1_TDH_BP/samples/myeloid/ERS365966/problems/chr2:162200000-234003741,11.0339489024812,11.101251466743,8,0,2,1,8,1
H3K4me1_TDH_BP/samples/myeloid/ERS365966/problems/chr2:162200000-234003741,11.101251466743,11.2087596502531,8,0,2,1,8,1
H3K4me1_TDH_BP/samples/myeloid/ERS365966/problems/chr2:162200000-234003741,11.2087596502531,11.3156770783988,8,0,2,1,8,1
H3K4me1_TDH_BP/samples/myeloid/ERS365966/problems/chr2:162200000-234003741,11.3156770783988,11.4671701971962,8,0,2,1,8,1
H3K4me1_TDH_BP/samples/myeloid/ERS365966/problems/chr2:162200000-234003741,11.4671701971962,11.5410001545929,8,0,2,1,8,1
H3K4me1_TDH_BP/samples/myeloid/ERS365966/problems/chr2:162200000-234003741,11.5410001545929,11.590791670259,8,0,2,1,8,1
H3K4me1_TDH_BP/samples/myeloid/ERS365966/problems/chr2:162200000-234003741,11.590791670259,11.6107236619829,8,0,2,1,8,1
H3K4me1_TDH_BP/samples/myeloid/ERS365966/problems/chr2:162200000-234003741,11.6107236619829,11.6203771168332,8,0,2,2,8,2
H3K4me1_TDH_BP/samples/myeloid/ERS365966/problems/chr2:162200000-234003741,11.6203771168332,11.6301936866867,8,0,2,2,8,2
H3K4me1_TDH_BP/samples/myeloid/ERS365966/problems/chr2:162200000-234003741,11.6301936866867,11.7258159583576,8,0,2,2,8,2
H3K4me1_TDH_BP/samples/myeloid/ERS365966/problems/chr2:162200000-234003741,11.7258159583576,11.9709163171011,8,0,2,2,8,2
H3K4me1_TDH_BP/samples/myeloid/ERS365966/problems/chr2:162200000-234003741,11.9709163171011,13.2298365670866,8,0,2,2,8,2
H3K4me1_TDH_BP/samples/myeloid/ERS365966/problems/chr2:162200000-234003741,13.2298365670866,Inf,8,0,2,2,8,2
H3K4me1_TDH_BP/samples/myeloid/ERS365966/problems/chr2:16329724-21153113,-Inf,1.94873099254545,7,7,2,0,7,7
H3K4me1_TDH_BP/samples/myeloid/ERS365966/problems/chr2:16329724-21153113,1.94873099254545,5.82130181948756,7,7,2,0,7,7
H3K4me1_TDH_BP/samples/myeloid/ERS365966/problems/chr2:16329724-21153113,5.82130181948756,7.58909154234858,7,7,2,0,7,7
H3K4me1_TDH_BP/samples/myeloid/ERS365966/problems/chr2:16329724-21153113,7.58909154234858,8.68702580737515,7,5,2,0,7,5
H3K4me1_TDH_BP/samples/myeloid/ERS365966/problems/chr2:16329724-21153113,8.68702580737515,10.1628296722025,7,3,2,0,7,3
H3K4me1_TDH_BP/samples/myeloid/ERS365966/problems/chr2:16329724-21153113,10.1628296722025,11.0628550788264,7,3,2,2,7,5
H3K4me1_TDH_BP/samples/myeloid/ERS365966/problems/chr2:16329724-21153113,11.0628550788264,11.4411456942386,7,3,2,2,7,5
H3K4me1_TDH_BP/samples/myeloid/ERS365966/problems/chr2:16329724-21153113,11.4411456942386,11.5611315235637,7,0,2,2,7,2
H3K4me1_TDH_BP/samples/myeloid/ERS365966/problems/chr2:16329724-21153113,11.5611315235637,11.7705883843085,7,0,2,2,7,2
H3K4me1_TDH_BP/samples/myeloid/ERS365966/problems/chr2:16329724-21153113,11.7705883843085,11.9823976800686,7,0,2,2,7,2
H3K4me1_TDH_BP/samples/myeloid/ERS365966/problems/chr2:16329724-21153113,11.9823976800686,12.0845245540922,7,0,2,2,7,2
H3K4me1_TDH_BP/samples/myeloid/ERS365966/problems/chr2:16329724-21153113,12.0845245540922,12.9868521677248,7,0,2,2,7,2
H3K4me1_TDH_BP/samples/myeloid/ERS365966/problems/chr2:16329724-21153113,12.9868521677248,13.0847144171495,7,0,2,2,7,2
H3K4me1_TDH_BP/samples/myeloid/ERS365966/problems/chr2:16329724-21153113,13.0847144171495,Inf,7,0,2,2,7,2
H3K4me1_TDH_BP/samples/myeloid/ERS365966/problems/chr3:60000-66170270,-Inf,1.97087763028301,11,11,4,0,11,11
H3K4me1_TDH_BP/samples/myeloid/ERS365966/problems/chr3:60000-66170270,1.97087763028301,6.02227024962702,11,11,4,0,11,11
H3K4me1_TDH_BP/samples/myeloid/ERS365966/problems/chr3:60000-66170270,6.02227024962702,7.82833611169281,11,11,4,0,11,11
H3K4me1_TDH_BP/samples/myeloid/ERS365966/problems/chr3:60000-66170270,7.82833611169281,8.93207050997028,11,6,4,0,11,6
H3K4me1_TDH_BP/samples/myeloid/ERS365966/problems/chr3:60000-66170270,8.93207050997028,9.55179546226092,11,6,4,0,11,6
H3K4me1_TDH_BP/samples/myeloid/ERS365966/problems/chr3:60000-66170270,9.55179546226092,9.91564021942586,11,6,4,0,11,6
H3K4me1_TDH_BP/samples/myeloid/ERS365966/problems/chr3:60000-66170270,9.91564021942586,10.1621031171935,11,5,4,0,11,5
H3K4me1_TDH_BP/samples/myeloid/ERS365966/problems/chr3:60000-66170270,10.1621031171935,10.3433608620814,11,4,4,0,11,4
H3K4me1_TDH_BP/samples/myeloid/ERS365966/problems/chr3:60000-66170270,10.3433608620814,10.4286059972937,11,4,4,0,11,4
H3K4me1_TDH_BP/samples/myeloid/ERS365966/problems/chr3:60000-66170270,10.4286059972937,10.4514616410045,11,4,4,0,11,4
H3K4me1_TDH_BP/samples/myeloid/ERS365966/problems/chr3:60000-66170270,10.4514616410045,10.4558027369278,11,4,4,0,11,4
H3K4me1_TDH_BP/samples/myeloid/ERS365966/problems/chr3:60000-66170270,10.4558027369278,10.4561825330083,11,0,4,0,11,0
H3K4me1_TDH_BP/samples/myeloid/ERS365966/problems/chr3:60000-66170270,10.4561825330083,10.4597627438525,11,0,4,0,11,0
H3K4me1_TDH_BP/samples/myeloid/ERS365966/problems/chr3:60000-66170270,10.4597627438525,10.4657307020875,11,0,4,0,11,0
H3K4me1_TDH_BP/samples/myeloid/ERS365966/problems/chr3:60000-66170270,10.4657307020875,10.5072502581446,11,0,4,0,11,0
H3K4me1_TDH_BP/samples/myeloid/ERS365966/problems/chr3:60000-66170270,10.5072502581446,10.5531300699665,11,0,4,0,11,0
H3K4me1_TDH_BP/samples/myeloid/ERS365966/problems/chr3:60000-66170270,10.5531300699665,10.5611613858398,11,0,4,0,11,0
H3K4me1_TDH_BP/samples/myeloid/ERS365966/problems/chr3:60000-66170270,10.5611613858398,10.5657487955464,11,0,4,0,11,0
H3K4me1_TDH_BP/samples/myeloid/ERS365966/problems/chr3:60000-66170270,10.5657487955464,10.5692319042456,11,0,4,0,11,0
H3K4me1_TDH_BP/samples/myeloid/ERS365966/problems/chr3:60000-66170270,10.5692319042456,10.5725567813276,11,0,4,0,11,0
H3K4me1_TDH_BP/samples/myeloid/ERS365966/problems/chr3:60000-66170270,10.5725567813276,10.5728437995877,11,0,4,0,11,0
H3K4me1_TDH_BP/samples/myeloid/ERS365966/problems/chr3:60000-66170270,10.5728437995877,10.5888703130462,11,0,4,2,11,2
H3K4me1_TDH_BP/samples/myeloid/ERS365966/problems/chr3:60000-66170270,10.5888703130462,10.6530433445478,11,0,4,2,11,2
H3K4me1_TDH_BP/samples/myeloid/ERS365966/problems/chr3:60000-66170270,10.6530433445478,10.7619877641066,11,0,4,2,11,2
H3K4me1_TDH_BP/samples/myeloid/ERS365966/problems/chr3:60000-66170270,10.7619877641066,11.2008815411078,11,0,4,4,11,4
H3K4me1_TDH_BP/samples/myeloid/ERS365966/problems/chr3:60000-66170270,11.2008815411078,12.1256633915171,11,0,4,4,11,4
H3K4me1_TDH_BP/samples/myeloid/ERS365966/problems/chr3:60000-66170270,12.1256633915171,13.2524595658718,11,0,4,4,11,4
H3K4me1_TDH_BP/samples/myeloid/ERS365966/problems/chr3:60000-66170270,13.2524595658718,14.5585895264885,11,0,4,4,11,4
H3K4me1_TDH_BP/samples/myeloid/ERS365966/problems/chr3:60000-66170270,14.5585895264885,Inf,11,0,4,4,11,4
H3K4me1_TDH_BP/samples/myeloid/ERS365966/problems/chr4:75452279-190000000,-Inf,2.02361096580478,11,11,1,0,11,11
H3K4me1_TDH_BP/samples/myeloid/ERS365966/problems/chr4:75452279-190000000,2.02361096580478,5.83381247294929,11,11,1,0,11,11
H3K4me1_TDH_BP/samples/myeloid/ERS365966/problems/chr4:75452279-190000000,5.83381247294929,7.53708756814684,11,11,1,0,11,11
H3K4me1_TDH_BP/samples/myeloid/ERS365966/problems/chr4:75452279-190000000,7.53708756814684,8.53603680027891,11,11,1,0,11,11
H3K4me1_TDH_BP/samples/myeloid/ERS365966/problems/chr4:75452279-190000000,8.53603680027891,9.5526972547602,11,8,1,0,11,8
H3K4me1_TDH_BP/samples/myeloid/ERS365966/problems/chr4:75452279-190000000,9.5526972547602,10.0527806129962,11,7,1,0,11,7
H3K4me1_TDH_BP/samples/myeloid/ERS365966/problems/chr4:75452279-190000000,10.0527806129962,10.2582947364334,11,6,1,0,11,6
H3K4me1_TDH_BP/samples/myeloid/ERS365966/problems/chr4:75452279-190000000,10.2582947364334,10.325493567732,11,6,1,0,11,6
H3K4me1_TDH_BP/samples/myeloid/ERS365966/problems/chr4:75452279-190000000,10.325493567732,10.3516609170007,11,6,1,0,11,6
H3K4me1_TDH_BP/samples/myeloid/ERS365966/problems/chr4:75452279-190000000,10.3516609170007,10.3581145406386,11,6,1,0,11,6
H3K4me1_TDH_BP/samples/myeloid/ERS365966/problems/chr4:75452279-190000000,10.3581145406386,10.3598909605232,11,6,1,0,11,6
H3K4me1_TDH_BP/samples/myeloid/ERS365966/problems/chr4:75452279-190000000,10.3598909605232,10.3616366045219,11,6,1,0,11,6
H3K4me1_TDH_BP/samples/myeloid/ERS365966/problems/chr4:75452279-190000000,10.3616366045219,10.3630132573621,11,0,1,0,11,0
H3K4me1_TDH_BP/samples/myeloid/ERS365966/problems/chr4:75452279-190000000,10.3630132573621,10.3770241140821,11,0,1,0,11,0
H3K4me1_TDH_BP/samples/myeloid/ERS365966/problems/chr4:75452279-190000000,10.3770241140821,10.47199247434,11,0,1,0,11,0
H3K4me1_TDH_BP/samples/myeloid/ERS365966/problems/chr4:75452279-190000000,10.47199247434,10.9464760280762,11,0,1,0,11,0
H3K4me1_TDH_BP/samples/myeloid/ERS365966/problems/chr4:75452279-190000000,10.9464760280762,11.6875714616846,11,0,1,0,11,0
H3K4me1_TDH_BP/samples/myeloid/ERS365966/problems/chr4:75452279-190000000,11.6875714616846,11.8095836520396,11,0,1,0,11,0
H3K4me1_TDH_BP/samples/myeloid/ERS365966/problems/chr4:75452279-190000000,11.8095836520396,11.8597859297408,11,0,1,0,11,0
H3K4me1_TDH_BP/samples/myeloid/ERS365966/problems/chr4:75452279-190000000,11.8597859297408,11.8825848585316,11,0,1,0,11,0
H3K4me1_TDH_BP/samples/myeloid/ERS365966/problems/chr4:75452279-190000000,11.8825848585316,11.8843133195544,11,0,1,1,11,1
H3K4me1_TDH_BP/samples/myeloid/ERS365966/problems/chr4:75452279-190000000,11.8843133195544,11.8916147746743,11,0,1,1,11,1
H3K4me1_TDH_BP/samples/myeloid/ERS365966/problems/chr4:75452279-190000000,11.8916147746743,12.020989711412,11,0,1,1,11,1
H3K4me1_TDH_BP/samples/myeloid/ERS365966/problems/chr4:75452279-190000000,12.020989711412,12.4273029143749,11,0,1,1,11,1
H3K4me1_TDH_BP/samples/myeloid/ERS365966/problems/chr4:75452279-190000000,12.4273029143749,13.8002421671019,11,0,1,1,11,1
H3K4me1_TDH_BP/samples/myeloid/ERS365966/problems/chr4:75452279-190000000,13.8002421671019,Inf,11,0,1,1,11,1
H3K4me1_TDH_BP/samples/myeloid/ERS365966/problems/chr5:91686128-138787073,-Inf,2.00131849050145,15,15,5,0,15,15
H3K4me1_TDH_BP/samples/myeloid/ERS365966/problems/chr5:91686128-138787073,2.00131849050145,5.90048100350506,15,15,5,0,15,15
H3K4me1_TDH_BP/samples/myeloid/ERS365966/problems/chr5:91686128-138787073,5.90048100350506,7.63996864967617,15,15,5,0,15,15
H3K4me1_TDH_BP/samples/myeloid/ERS365966/problems/chr5:91686128-138787073,7.63996864967617,8.51904488022637,15,12,5,0,15,12
H3K4me1_TDH_BP/samples/myeloid/ERS365966/problems/chr5:91686128-138787073,8.51904488022637,9.16634932548373,15,12,5,0,15,12
H3K4me1_TDH_BP/samples/myeloid/ERS365966/problems/chr5:91686128-138787073,9.16634932548373,9.76483972504463,15,4,5,0,15,4
H3K4me1_TDH_BP/samples/myeloid/ERS365966/problems/chr5:91686128-138787073,9.76483972504463,9.98923373200618,15,2,5,0,15,2
H3K4me1_TDH_BP/samples/myeloid/ERS365966/problems/chr5:91686128-138787073,9.98923373200618,10.0971430695886,15,2,5,0,15,2
H3K4me1_TDH_BP/samples/myeloid/ERS365966/problems/chr5:91686128-138787073,10.0971430695886,10.1471252386158,15,1,5,0,15,1
H3K4me1_TDH_BP/samples/myeloid/ERS365966/problems/chr5:91686128-138787073,10.1471252386158,10.1705693841368,15,1,5,0,15,1
H3K4me1_TDH_BP/samples/myeloid/ERS365966/problems/chr5:91686128-138787073,10.1705693841368,10.172794672354,15,1,5,0,15,1
H3K4me1_TDH_BP/samples/myeloid/ERS365966/problems/chr5:91686128-138787073,10.172794672354,10.174127982156,15,1,5,0,15,1
H3K4me1_TDH_BP/samples/myeloid/ERS365966/problems/chr5:91686128-138787073,10.174127982156,10.1804322647931,15,0,5,0,15,0
H3K4me1_TDH_BP/samples/myeloid/ERS365966/problems/chr5:91686128-138787073,10.1804322647931,10.2055221256134,15,0,5,0,15,0
H3K4me1_TDH_BP/samples/myeloid/ERS365966/problems/chr5:91686128-138787073,10.2055221256134,10.3596260707005,15,0,5,0,15,0
H3K4me1_TDH_BP/samples/myeloid/ERS365966/problems/chr5:91686128-138787073,10.3596260707005,10.6295178535594,15,0,5,0,15,0
H3K4me1_TDH_BP/samples/myeloid/ERS365966/problems/chr5:91686128-138787073,10.6295178535594,10.7571537125883,15,0,5,0,15,0
H3K4me1_TDH_BP/samples/myeloid/ERS365966/problems/chr5:91686128-138787073,10.7571537125883,10.8281336841259,15,0,5,0,15,0
H3K4me1_TDH_BP/samples/myeloid/ERS365966/problems/chr5:91686128-138787073,10.8281336841259,10.8500984504304,15,0,5,0,15,0
H3K4me1_TDH_BP/samples/myeloid/ERS365966/problems/chr5:91686128-138787073,10.8500984504304,10.8525293580825,15,0,5,0,15,0
H3K4me1_TDH_BP/samples/myeloid/ERS365966/problems/chr5:91686128-138787073,10.8525293580825,10.8694271236127,15,0,5,1,15,1
H3K4me1_TDH_BP/samples/myeloid/ERS365966/problems/chr5:91686128-138787073,10.8694271236127,10.8949990374454,15,0,5,1,15,1
H3K4me1_TDH_BP/samples/myeloid/ERS365966/problems/chr5:91686128-138787073,10.8949990374454,11.4526711467709,15,0,5,1,15,1
H3K4me1_TDH_BP/samples/myeloid/ERS365966/problems/chr5:91686128-138787073,11.4526711467709,13.3579928137587,15,0,5,5,15,5
H3K4me1_TDH_BP/samples/myeloid/ERS365966/problems/chr5:91686128-138787073,13.3579928137587,Inf,15,0,5,5,15,5
H3K4me1_TDH_BP/samples/tcell/ERS164475/problems/chr1:149509645-205922707,-Inf,2.79738046387743,14,14,1,0,14,14
H3K4me1_TDH_BP/samples/tcell/ERS164475/problems/chr1:149509645-205922707,2.79738046387743,7.71773888330828,14,14,1,0,14,14
H3K4me1_TDH_BP/samples/tcell/ERS164475/problems/chr1:149509645-205922707,7.71773888330828,10.8272324723563,14,3,1,0,14,3
H3K4me1_TDH_BP/samples/tcell/ERS164475/problems/chr1:149509645-205922707,10.8272324723563,12.521209926732,14,2,1,0,14,2
H3K4me1_TDH_BP/samples/tcell/ERS164475/problems/chr1:149509645-205922707,12.521209926732,12.7251742337843,14,2,1,0,14,2
H3K4me1_TDH_BP/samples/tcell/ERS164475/problems/chr1:149509645-205922707,12.7251742337843,12.7766212538887,14,2,1,0,14,2
H3K4me1_TDH_BP/samples/tcell/ERS164475/problems/chr1:149509645-205922707,12.7766212538887,12.8045491040457,14,2,1,0,14,2
H3K4me1_TDH_BP/samples/tcell/ERS164475/problems/chr1:149509645-205922707,12.8045491040457,12.8212056474784,14,2,1,0,14,2
H3K4me1_TDH_BP/samples/tcell/ERS164475/problems/chr1:149509645-205922707,12.8212056474784,12.830694029846,14,2,1,0,14,2
H3K4me1_TDH_BP/samples/tcell/ERS164475/problems/chr1:149509645-205922707,12.830694029846,12.8355566749577,14,2,1,0,14,2
H3K4me1_TDH_BP/samples/tcell/ERS164475/problems/chr1:149509645-205922707,12.8355566749577,12.8376245814214,14,2,1,0,14,2
H3K4me1_TDH_BP/samples/tcell/ERS164475/problems/chr1:149509645-205922707,12.8376245814214,12.9289447265039,14,0,1,0,14,0
H3K4me1_TDH_BP/samples/tcell/ERS164475/problems/chr1:149509645-205922707,12.9289447265039,13.4066106335999,14,0,1,0,14,0
H3K4me1_TDH_BP/samples/tcell/ERS164475/problems/chr1:149509645-205922707,13.4066106335999,14.1377335023681,14,0,1,0,14,0
H3K4me1_TDH_BP/samples/tcell/ERS164475/problems/chr1:149509645-205922707,14.1377335023681,14.6657116545815,14,0,1,0,14,0
H3K4me1_TDH_BP/samples/tcell/ERS164475/problems/chr1:149509645-205922707,14.6657116545815,14.8377734377998,14,0,1,0,14,0
H3K4me1_TDH_BP/samples/tcell/ERS164475/problems/chr1:149509645-205922707,14.8377734377998,14.8444796313321,14,0,1,1,14,1
H3K4me1_TDH_BP/samples/tcell/ERS164475/problems/chr1:149509645-205922707,14.8444796313321,14.8492962115957,14,0,1,1,14,1
H3K4me1_TDH_BP/samples/tcell/ERS164475/problems/chr1:149509645-205922707,14.8492962115957,14.9234601463134,14,13,1,1,14,14
H3K4me1_TDH_BP/samples/tcell/ERS164475/problems/chr1:149509645-205922707,14.9234601463134,15.0791781115087,14,13,1,1,14,14
H3K4me1_TDH_BP/samples/tcell/ERS164475/problems/chr1:149509645-205922707,15.0791781115087,16.1967516582751,14,13,1,1,14,14
H3K4me1_TDH_BP/samples/tcell/ERS164475/problems/chr1:149509645-205922707,16.1967516582751,Inf,14,0,1,1,14,1
H3K4me1_TDH_BP/samples/tcell/ERS164475/problems/chr2:162200000-234003741,-Inf,2.82112760067778,8,8,2,0,8,8
H3K4me1_TDH_BP/samples/tcell/ERS164475/problems/chr2:162200000-234003741,2.82112760067778,7.65653640381125,8,8,2,0,8,8
H3K4me1_TDH_BP/samples/tcell/ERS164475/problems/chr2:162200000-234003741,7.65653640381125,9.64109146769329,8,4,2,0,8,4
H3K4me1_TDH_BP/samples/tcell/ERS164475/problems/chr2:162200000-234003741,9.64109146769329,10.3209939172164,8,2,2,0,8,2
H3K4me1_TDH_BP/samples/tcell/ERS164475/problems/chr2:162200000-234003741,10.3209939172164,11.1438173866408,8,1,2,0,8,1
H3K4me1_TDH_BP/samples/tcell/ERS164475/problems/chr2:162200000-234003741,11.1438173866408,11.9145523600161,8,1,2,0,8,1
H3K4me1_TDH_BP/samples/tcell/ERS164475/problems/chr2:162200000-234003741,11.9145523600161,12.2857022250986,8,1,2,0,8,1
H3K4me1_TDH_BP/samples/tcell/ERS164475/problems/chr2:162200000-234003741,12.2857022250986,12.3085809565242,8,1,2,0,8,1
H3K4me1_TDH_BP/samples/tcell/ERS164475/problems/chr2:162200000-234003741,12.3085809565242,12.3165327454668,8,1,2,0,8,1
H3K4me1_TDH_BP/samples/tcell/ERS164475/problems/chr2:162200000-234003741,12.3165327454668,12.3188888643696,8,1,2,0,8,1
H3K4me1_TDH_BP/samples/tcell/ERS164475/problems/chr2:162200000-234003741,12.3188888643696,12.32020997411,8,0,2,0,8,0
H3K4me1_TDH_BP/samples/tcell/ERS164475/problems/chr2:162200000-234003741,12.32020997411,12.3241920599822,8,0,2,0,8,0
H3K4me1_TDH_BP/samples/tcell/ERS164475/problems/chr2:162200000-234003741,12.3241920599822,12.3542370291507,8,0,2,0,8,0
H3K4me1_TDH_BP/samples/tcell/ERS164475/problems/chr2:162200000-234003741,12.3542370291507,12.4421464613388,8,0,2,0,8,0
H3K4me1_TDH_BP/samples/tcell/ERS164475/problems/chr2:162200000-234003741,12.4421464613388,12.5789373334202,8,0,2,0,8,0
H3K4me1_TDH_BP/samples/tcell/ERS164475/problems/chr2:162200000-234003741,12.5789373334202,12.8548682539329,8,0,2,0,8,0
H3K4me1_TDH_BP/samples/tcell/ERS164475/problems/chr2:162200000-234003741,12.8548682539329,13.1534626262654,8,0,2,0,8,0
H3K4me1_TDH_BP/samples/tcell/ERS164475/problems/chr2:162200000-234003741,13.1534626262654,13.2618993307765,8,0,2,0,8,0
H3K4me1_TDH_BP/samples/tcell/ERS164475/problems/chr2:162200000-234003741,13.2618993307765,13.2627164061315,8,0,2,2,8,2
H3K4me1_TDH_BP/samples/tcell/ERS164475/problems/chr2:162200000-234003741,13.2627164061315,13.2668921047864,8,0,2,2,8,2
H3K4me1_TDH_BP/samples/tcell/ERS164475/problems/chr2:162200000-234003741,13.2668921047864,13.2771145223106,8,0,2,2,8,2
H3K4me1_TDH_BP/samples/tcell/ERS164475/problems/chr2:162200000-234003741,13.2771145223106,13.3259047195272,8,0,2,2,8,2
H3K4me1_TDH_BP/samples/tcell/ERS164475/problems/chr2:162200000-234003741,13.3259047195272,13.4141735064235,8,0,2,2,8,2
H3K4me1_TDH_BP/samples/tcell/ERS164475/problems/chr2:162200000-234003741,13.4141735064235,13.715908485676,8,0,2,2,8,2
H3K4me1_TDH_BP/samples/tcell/ERS164475/problems/chr2:162200000-234003741,13.715908485676,15.4018915567851,8,0,2,2,8,2
H3K4me1_TDH_BP/samples/tcell/ERS164475/problems/chr2:162200000-234003741,15.4018915567851,Inf,8,0,2,2,8,2
H3K4me1_TDH_BP/samples/tcell/ERS164475/problems/chr2:16329724-21153113,-Inf,2.90648981897335,7,7,4,0,7,7
H3K4me1_TDH_BP/samples/tcell/ERS164475/problems/chr2:16329724-21153113,2.90648981897335,7.42887547945201,7,7,4,0,7,7
H3K4me1_TDH_BP/samples/tcell/ERS164475/problems/chr2:16329724-21153113,7.42887547945201,8.87785706581991,7,6,4,0,7,6
H3K4me1_TDH_BP/samples/tcell/ERS164475/problems/chr2:16329724-21153113,8.87785706581991,9.64160345828126,7,4,4,0,7,4
H3K4me1_TDH_BP/samples/tcell/ERS164475/problems/chr2:16329724-21153113,9.64160345828126,10.423672950317,7,3,4,0,7,3
H3K4me1_TDH_BP/samples/tcell/ERS164475/problems/chr2:16329724-21153113,10.423672950317,11.0680458402107,7,2,4,0,7,2
H3K4me1_TDH_BP/samples/tcell/ERS164475/problems/chr2:16329724-21153113,11.0680458402107,11.1896443700409,7,1,4,0,7,1
H3K4me1_TDH_BP/samples/tcell/ERS164475/problems/chr2:16329724-21153113,11.1896443700409,11.2364362665181,7,1,4,0,7,1
H3K4me1_TDH_BP/samples/tcell/ERS164475/problems/chr2:16329724-21153113,11.2364362665181,11.2594986631217,7,1,4,0,7,1
H3K4me1_TDH_BP/samples/tcell/ERS164475/problems/chr2:16329724-21153113,11.2594986631217,11.3877524866837,7,0,4,0,7,0
H3K4me1_TDH_BP/samples/tcell/ERS164475/problems/chr2:16329724-21153113,11.3877524866837,11.6998000279342,7,0,4,0,7,0
H3K4me1_TDH_BP/samples/tcell/ERS164475/problems/chr2:16329724-21153113,11.6998000279342,12.1993192073671,7,0,4,0,7,0
H3K4me1_TDH_BP/samples/tcell/ERS164475/problems/chr2:16329724-21153113,12.1993192073671,12.3595303018364,7,0,4,0,7,0
H3K4me1_TDH_BP/samples/tcell/ERS164475/problems/chr2:16329724-21153113,12.3595303018364,12.5137465489574,7,0,4,0,7,0
H3K4me1_TDH_BP/samples/tcell/ERS164475/problems/chr2:16329724-21153113,12.5137465489574,12.5399369037183,7,0,4,2,7,2
H3K4me1_TDH_BP/samples/tcell/ERS164475/problems/chr2:16329724-21153113,12.5399369037183,12.7555787382799,7,0,4,2,7,2
H3K4me1_TDH_BP/samples/tcell/ERS164475/problems/chr2:16329724-21153113,12.7555787382799,13.5777608404421,7,0,4,2,7,2
H3K4me1_TDH_BP/samples/tcell/ERS164475/problems/chr2:16329724-21153113,13.5777608404421,15.0003311373629,7,0,4,2,7,2
H3K4me1_TDH_BP/samples/tcell/ERS164475/problems/chr2:16329724-21153113,15.0003311373629,Inf,7,0,4,4,7,4
H3K4me1_TDH_BP/samples/tcell/ERS164475/problems/chr3:60000-66170270,-Inf,2.8038257017142,11,11,2,0,11,11
H3K4me1_TDH_BP/samples/tcell/ERS164475/problems/chr3:60000-66170270,2.8038257017142,7.70567858840872,11,11,2,0,11,11
H3K4me1_TDH_BP/samples/tcell/ERS164475/problems/chr3:60000-66170270,7.70567858840872,9.78023552520755,11,8,2,0,11,8
H3K4me1_TDH_BP/samples/tcell/ERS164475/problems/chr3:60000-66170270,9.78023552520755,10.2935169489852,11,2,2,0,11,2
H3K4me1_TDH_BP/samples/tcell/ERS164475/problems/chr3:60000-66170270,10.2935169489852,10.5191926194004,11,1,2,0,11,1
H3K4me1_TDH_BP/samples/tcell/ERS164475/problems/chr3:60000-66170270,10.5191926194004,10.5722082172945,11,1,2,0,11,1
H3K4me1_TDH_BP/samples/tcell/ERS164475/problems/chr3:60000-66170270,10.5722082172945,10.5909814395242,11,1,2,0,11,1
H3K4me1_TDH_BP/samples/tcell/ERS164475/problems/chr3:60000-66170270,10.5909814395242,10.5973486367055,11,1,2,0,11,1
H3K4me1_TDH_BP/samples/tcell/ERS164475/problems/chr3:60000-66170270,10.5973486367055,10.5980751794096,11,0,2,0,11,0
H3K4me1_TDH_BP/samples/tcell/ERS164475/problems/chr3:60000-66170270,10.5980751794096,10.5998096849098,11,0,2,0,11,0
H3K4me1_TDH_BP/samples/tcell/ERS164475/problems/chr3:60000-66170270,10.5998096849098,10.6046223262675,11,0,2,0,11,0
H3K4me1_TDH_BP/samples/tcell/ERS164475/problems/chr3:60000-66170270,10.6046223262675,10.6319227025759,11,0,2,0,11,0
H3K4me1_TDH_BP/samples/tcell/ERS164475/problems/chr3:60000-66170270,10.6319227025759,10.7452601642694,11,0,2,0,11,0
H3K4me1_TDH_BP/samples/tcell/ERS164475/problems/chr3:60000-66170270,10.7452601642694,11.6172809624598,11,0,2,0,11,0
H3K4me1_TDH_BP/samples/tcell/ERS164475/problems/chr3:60000-66170270,11.6172809624598,12.7233017853985,11,0,2,0,11,0
H3K4me1_TDH_BP/samples/tcell/ERS164475/problems/chr3:60000-66170270,12.7233017853985,13.2829915745144,11,0,2,0,11,0
H3K4me1_TDH_BP/samples/tcell/ERS164475/problems/chr3:60000-66170270,13.2829915745144,13.6260974864307,11,0,2,0,11,0
H3K4me1_TDH_BP/samples/tcell/ERS164475/problems/chr3:60000-66170270,13.6260974864307,13.7982629702815,11,0,2,0,11,0
H3K4me1_TDH_BP/samples/tcell/ERS164475/problems/chr3:60000-66170270,13.7982629702815,13.8700235993883,11,0,2,0,11,0
H3K4me1_TDH_BP/samples/tcell/ERS164475/problems/chr3:60000-66170270,13.8700235993883,13.873203915774,11,0,2,0,11,0
H3K4me1_TDH_BP/samples/tcell/ERS164475/problems/chr3:60000-66170270,13.873203915774,13.880568676419,11,0,2,2,11,2
H3K4me1_TDH_BP/samples/tcell/ERS164475/problems/chr3:60000-66170270,13.880568676419,13.9036552757057,11,0,2,2,11,2
H3K4me1_TDH_BP/samples/tcell/ERS164475/problems/chr3:60000-66170270,13.9036552757057,13.9582068642669,11,0,2,2,11,2
H3K4me1_TDH_BP/samples/tcell/ERS164475/problems/chr3:60000-66170270,13.9582068642669,15.4087422699053,11,0,2,2,11,2
H3K4me1_TDH_BP/samples/tcell/ERS164475/problems/chr3:60000-66170270,15.4087422699053,Inf,11,0,2,2,11,2
H3K4me1_TDH_BP/samples/tcell/ERS164475/problems/chr4:75452279-190000000,-Inf,2.89666257455815,11,11,3,0,11,11
H3K4me1_TDH_BP/samples/tcell/ERS164475/problems/chr4:75452279-190000000,2.89666257455815,7.54409117995562,11,11,3,0,11,11
H3K4me1_TDH_BP/samples/tcell/ERS164475/problems/chr4:75452279-190000000,7.54409117995562,9.36370412821202,11,7,3,0,11,7
H3K4me1_TDH_BP/samples/tcell/ERS164475/problems/chr4:75452279-190000000,9.36370412821202,10.1027076514448,11,2,3,0,11,2
H3K4me1_TDH_BP/samples/tcell/ERS164475/problems/chr4:75452279-190000000,10.1027076514448,10.250933126646,11,2,3,0,11,2
H3K4me1_TDH_BP/samples/tcell/ERS164475/problems/chr4:75452279-190000000,10.250933126646,10.3060438329374,11,1,3,0,11,1
H3K4me1_TDH_BP/samples/tcell/ERS164475/problems/chr4:75452279-190000000,10.3060438329374,10.3183814122344,11,1,3,0,11,1
H3K4me1_TDH_BP/samples/tcell/ERS164475/problems/chr4:75452279-190000000,10.3183814122344,10.3210944917072,11,1,3,0,11,1
H3K4me1_TDH_BP/samples/tcell/ERS164475/problems/chr4:75452279-190000000,10.3210944917072,10.3223766868645,11,1,3,0,11,1
H3K4me1_TDH_BP/samples/tcell/ERS164475/problems/chr4:75452279-190000000,10.3223766868645,10.3230507676678,11,0,3,0,11,0
H3K4me1_TDH_BP/samples/tcell/ERS164475/problems/chr4:75452279-190000000,10.3230507676678,10.3245155957049,11,0,3,0,11,0
H3K4me1_TDH_BP/samples/tcell/ERS164475/problems/chr4:75452279-190000000,10.3245155957049,10.3348899425169,11,0,3,0,11,0
H3K4me1_TDH_BP/samples/tcell/ERS164475/problems/chr4:75452279-190000000,10.3348899425169,10.3726936857413,11,0,3,0,11,0
H3K4me1_TDH_BP/samples/tcell/ERS164475/problems/chr4:75452279-190000000,10.3726936857413,10.6116453183411,11,0,3,0,11,0
H3K4me1_TDH_BP/samples/tcell/ERS164475/problems/chr4:75452279-190000000,10.6116453183411,11.2612823590428,11,0,3,0,11,0
H3K4me1_TDH_BP/samples/tcell/ERS164475/problems/chr4:75452279-190000000,11.2612823590428,11.949072857458,11,0,3,0,11,0
H3K4me1_TDH_BP/samples/tcell/ERS164475/problems/chr4:75452279-190000000,11.949072857458,12.2726787754541,11,0,3,0,11,0
H3K4me1_TDH_BP/samples/tcell/ERS164475/problems/chr4:75452279-190000000,12.2726787754541,12.4357090511661,11,0,3,0,11,0
H3K4me1_TDH_BP/samples/tcell/ERS164475/problems/chr4:75452279-190000000,12.4357090511661,12.5074439415615,11,0,3,0,11,0
H3K4me1_TDH_BP/samples/tcell/ERS164475/problems/chr4:75452279-190000000,12.5074439415615,12.5301588224212,11,0,3,0,11,0
H3K4me1_TDH_BP/samples/tcell/ERS164475/problems/chr4:75452279-190000000,12.5301588224212,12.5373869125248,11,0,3,0,11,0
H3K4me1_TDH_BP/samples/tcell/ERS164475/problems/chr4:75452279-190000000,12.5373869125248,12.5429827122186,11,0,3,0,11,0
H3K4me1_TDH_BP/samples/tcell/ERS164475/problems/chr4:75452279-190000000,12.5429827122186,12.5443199290908,11,0,3,2,11,2
H3K4me1_TDH_BP/samples/tcell/ERS164475/problems/chr4:75452279-190000000,12.5443199290908,12.5657752219956,11,0,3,2,11,2
H3K4me1_TDH_BP/samples/tcell/ERS164475/problems/chr4:75452279-190000000,12.5657752219956,13.0396228367377,11,0,3,2,11,2
H3K4me1_TDH_BP/samples/tcell/ERS164475/problems/chr4:75452279-190000000,13.0396228367377,14.9469221150387,11,0,3,3,11,3
H3K4me1_TDH_BP/samples/tcell/ERS164475/problems/chr4:75452279-190000000,14.9469221150387,Inf,11,0,3,3,11,3
H3K4me1_TDH_BP/samples/tcell/ERS164475/problems/chr5:91686128-138787073,-Inf,2.89886585292813,15,15,7,0,15,15
H3K4me1_TDH_BP/samples/tcell/ERS164475/problems/chr5:91686128-138787073,2.89886585292813,7.05879667110333,15,15,7,0,15,15
H3K4me1_TDH_BP/samples/tcell/ERS164475/problems/chr5:91686128-138787073,7.05879667110333,8.2383901881339,15,15,7,0,15,15
H3K4me1_TDH_BP/samples/tcell/ERS164475/problems/chr5:91686128-138787073,8.2383901881339,9.48526042048211,15,5,7,0,15,5
H3K4me1_TDH_BP/samples/tcell/ERS164475/problems/chr5:91686128-138787073,9.48526042048211,9.96233732328054,15,2,7,0,15,2
H3K4me1_TDH_BP/samples/tcell/ERS164475/problems/chr5:91686128-138787073,9.96233732328054,10.1709973060447,15,1,7,0,15,1
H3K4me1_TDH_BP/samples/tcell/ERS164475/problems/chr5:91686128-138787073,10.1709973060447,10.2386544901362,15,1,7,0,15,1
H3K4me1_TDH_BP/samples/tcell/ERS164475/problems/chr5:91686128-138787073,10.2386544901362,10.2693003556994,15,1,7,0,15,1
H3K4me1_TDH_BP/samples/tcell/ERS164475/problems/chr5:91686128-138787073,10.2693003556994,10.2858037382813,15,1,7,0,15,1
H3K4me1_TDH_BP/samples/tcell/ERS164475/problems/chr5:91686128-138787073,10.2858037382813,10.2989894032101,15,1,7,0,15,1
H3K4me1_TDH_BP/samples/tcell/ERS164475/problems/chr5:91686128-138787073,10.2989894032101,10.3051538823477,15,1,7,0,15,1
H3K4me1_TDH_BP/samples/tcell/ERS164475/problems/chr5:91686128-138787073,10.3051538823477,10.3071957746731,15,0,7,0,15,0
H3K4me1_TDH_BP/samples/tcell/ERS164475/problems/chr5:91686128-138787073,10.3071957746731,10.4133056015261,15,0,7,0,15,0
H3K4me1_TDH_BP/samples/tcell/ERS164475/problems/chr5:91686128-138787073,10.4133056015261,11.388492814905,15,0,7,0,15,0
H3K4me1_TDH_BP/samples/tcell/ERS164475/problems/chr5:91686128-138787073,11.388492814905,12.2371128573895,15,0,7,0,15,0
H3K4me1_TDH_BP/samples/tcell/ERS164475/problems/chr5:91686128-138787073,12.2371128573895,12.2859963062325,15,0,7,0,15,0
H3K4me1_TDH_BP/samples/tcell/ERS164475/problems/chr5:91686128-138787073,12.2859963062325,12.2974573976622,15,0,7,0,15,0
H3K4me1_TDH_BP/samples/tcell/ERS164475/problems/chr5:91686128-138787073,12.2974573976622,12.3068016332581,15,0,7,0,15,0
H3K4me1_TDH_BP/samples/tcell/ERS164475/problems/chr5:91686128-138787073,12.3068016332581,12.3110919534146,15,0,7,0,15,0
H3K4me1_TDH_BP/samples/tcell/ERS164475/problems/chr5:91686128-138787073,12.3110919534146,12.3151803106117,15,0,7,2,15,2
H3K4me1_TDH_BP/samples/tcell/ERS164475/problems/chr5:91686128-138787073,12.3151803106117,12.3441267874533,15,0,7,2,15,2
H3K4me1_TDH_BP/samples/tcell/ERS164475/problems/chr5:91686128-138787073,12.3441267874533,12.478317033511,15,0,7,2,15,2
H3K4me1_TDH_BP/samples/tcell/ERS164475/problems/chr5:91686128-138787073,12.478317033511,12.8134744837781,15,0,7,4,15,4
H3K4me1_TDH_BP/samples/tcell/ERS164475/problems/chr5:91686128-138787073,12.8134744837781,13.5350392943584,15,0,7,4,15,4
H3K4me1_TDH_BP/samples/tcell/ERS164475/problems/chr5:91686128-138787073,13.5350392943584,15.4801875875577,15,0,7,6,15,6
H3K4me1_TDH_BP/samples/tcell/ERS164475/problems/chr5:91686128-138787073,15.4801875875577,Inf,15,0,7,7,15,7
H3K4me1_TDH_BP/samples/tcell/ERS206539/problems/chr1:149509645-205922707,-Inf,2.42844289773141,14,14,1,0,14,14
H3K4me1_TDH_BP/samples/tcell/ERS206539/problems/chr1:149509645-205922707,2.42844289773141,6.82232313497006,14,14,1,0,14,14
H3K4me1_TDH_BP/samples/tcell/ERS206539/problems/chr1:149509645-205922707,6.82232313497006,8.73244026916434,14,12,1,0,14,12
H3K4me1_TDH_BP/samples/tcell/ERS206539/problems/chr1:149509645-205922707,8.73244026916434,10.401607133563,14,2,1,0,14,2
H3K4me1_TDH_BP/samples/tcell/ERS206539/problems/chr1:149509645-205922707,10.401607133563,11.1297034669349,14,2,1,0,14,2
H3K4me1_TDH_BP/samples/tcell/ERS206539/problems/chr1:149509645-205922707,11.1297034669349,11.4635386351895,14,2,1,0,14,2
H3K4me1_TDH_BP/samples/tcell/ERS206539/problems/chr1:149509645-205922707,11.4635386351895,11.5294451686882,14,2,1,0,14,2
H3K4me1_TDH_BP/samples/tcell/ERS206539/problems/chr1:149509645-205922707,11.5294451686882,11.5369654702784,14,0,1,0,14,0
H3K4me1_TDH_BP/samples/tcell/ERS206539/problems/chr1:149509645-205922707,11.5369654702784,11.5614424182875,14,0,1,0,14,0
H3K4me1_TDH_BP/samples/tcell/ERS206539/problems/chr1:149509645-205922707,11.5614424182875,11.5916152160399,14,0,1,0,14,0
H3K4me1_TDH_BP/samples/tcell/ERS206539/problems/chr1:149509645-205922707,11.5916152160399,11.6300148606493,14,0,1,0,14,0
H3K4me1_TDH_BP/samples/tcell/ERS206539/problems/chr1:149509645-205922707,11.6300148606493,11.7673048840509,14,0,1,0,14,0
H3K4me1_TDH_BP/samples/tcell/ERS206539/problems/chr1:149509645-205922707,11.7673048840509,12.4839666357449,14,0,1,0,14,0
H3K4me1_TDH_BP/samples/tcell/ERS206539/problems/chr1:149509645-205922707,12.4839666357449,13.4178164711307,14,0,1,0,14,0
H3K4me1_TDH_BP/samples/tcell/ERS206539/problems/chr1:149509645-205922707,13.4178164711307,13.712910834803,14,0,1,0,14,0
H3K4me1_TDH_BP/samples/tcell/ERS206539/problems/chr1:149509645-205922707,13.712910834803,13.8052842159125,14,0,1,0,14,0
H3K4me1_TDH_BP/samples/tcell/ERS206539/problems/chr1:149509645-205922707,13.8052842159125,13.8347914979161,14,0,1,0,14,0
H3K4me1_TDH_BP/samples/tcell/ERS206539/problems/chr1:149509645-205922707,13.8347914979161,13.8376918579139,14,0,1,0,14,0
H3K4me1_TDH_BP/samples/tcell/ERS206539/problems/chr1:149509645-205922707,13.8376918579139,13.8450388588125,14,13,1,1,14,14
H3K4me1_TDH_BP/samples/tcell/ERS206539/problems/chr1:149509645-205922707,13.8450388588125,14.096390227437,14,13,1,1,14,14
H3K4me1_TDH_BP/samples/tcell/ERS206539/problems/chr1:149509645-205922707,14.096390227437,15.1075783092974,14,0,1,1,14,1
H3K4me1_TDH_BP/samples/tcell/ERS206539/problems/chr1:149509645-205922707,15.1075783092974,Inf,14,0,1,1,14,1
H3K4me1_TDH_BP/samples/tcell/ERS206539/problems/chr2:162200000-234003741,-Inf,2.40159760828825,8,8,2,0,8,8
H3K4me1_TDH_BP/samples/tcell/ERS206539/problems/chr2:162200000-234003741,2.40159760828825,6.71057218441016,8,8,2,0,8,8
H3K4me1_TDH_BP/samples/tcell/ERS206539/problems/chr2:162200000-234003741,6.71057218441016,8.54003479292297,8,7,2,0,8,7
H3K4me1_TDH_BP/samples/tcell/ERS206539/problems/chr2:162200000-234003741,8.54003479292297,9.9684294628508,8,5,2,0,8,5
H3K4me1_TDH_BP/samples/tcell/ERS206539/problems/chr2:162200000-234003741,9.9684294628508,10.3142972544322,8,5,2,0,8,5
H3K4me1_TDH_BP/samples/tcell/ERS206539/problems/chr2:162200000-234003741,10.3142972544322,10.4854247464708,8,1,2,0,8,1
H3K4me1_TDH_BP/samples/tcell/ERS206539/problems/chr2:162200000-234003741,10.4854247464708,10.5574583347182,8,1,2,0,8,1
H3K4me1_TDH_BP/samples/tcell/ERS206539/problems/chr2:162200000-234003741,10.5574583347182,10.5741750000558,8,1,2,0,8,1
H3K4me1_TDH_BP/samples/tcell/ERS206539/problems/chr2:162200000-234003741,10.5741750000558,10.5832676842757,8,1,2,0,8,1
H3K4me1_TDH_BP/samples/tcell/ERS206539/problems/chr2:162200000-234003741,10.5832676842757,10.5886739612366,8,1,2,0,8,1
H3K4me1_TDH_BP/samples/tcell/ERS206539/problems/chr2:162200000-234003741,10.5886739612366,10.5912978474723,8,1,2,0,8,1
H3K4me1_TDH_BP/samples/tcell/ERS206539/problems/chr2:162200000-234003741,10.5912978474723,10.5916430940675,8,1,2,0,8,1
H3K4me1_TDH_BP/samples/tcell/ERS206539/problems/chr2:162200000-234003741,10.5916430940675,10.5922903150119,8,0,2,0,8,0
H3K4me1_TDH_BP/samples/tcell/ERS206539/problems/chr2:162200000-234003741,10.5922903150119,10.6243636519213,8,0,2,0,8,0
H3K4me1_TDH_BP/samples/tcell/ERS206539/problems/chr2:162200000-234003741,10.6243636519213,10.926058104109,8,0,2,0,8,0
H3K4me1_TDH_BP/samples/tcell/ERS206539/problems/chr2:162200000-234003741,10.926058104109,11.2904769622195,8,0,2,0,8,0
H3K4me1_TDH_BP/samples/tcell/ERS206539/problems/chr2:162200000-234003741,11.2904769622195,11.3996584091409,8,0,2,0,8,0
H3K4me1_TDH_BP/samples/tcell/ERS206539/problems/chr2:162200000-234003741,11.3996584091409,11.455396306312,8,0,2,0,8,0
H3K4me1_TDH_BP/samples/tcell/ERS206539/problems/chr2:162200000-234003741,11.455396306312,11.4792209566727,8,0,2,0,8,0
H3K4me1_TDH_BP/samples/tcell/ERS206539/problems/chr2:162200000-234003741,11.4792209566727,11.4802579731835,8,0,2,0,8,0
H3K4me1_TDH_BP/samples/tcell/ERS206539/problems/chr2:162200000-234003741,11.4802579731835,11.4808063940768,8,0,2,2,8,2
H3K4me1_TDH_BP/samples/tcell/ERS206539/problems/chr2:162200000-234003741,11.4808063940768,11.5071133186571,8,0,2,2,8,2
H3K4me1_TDH_BP/samples/tcell/ERS206539/problems/chr2:162200000-234003741,11.5071133186571,11.6623668452082,8,0,2,2,8,2
H3K4me1_TDH_BP/samples/tcell/ERS206539/problems/chr2:162200000-234003741,11.6623668452082,12.4700260114706,8,0,2,2,8,2
H3K4me1_TDH_BP/samples/tcell/ERS206539/problems/chr2:162200000-234003741,12.4700260114706,14.5976008133951,8,0,2,2,8,2
H3K4me1_TDH_BP/samples/tcell/ERS206539/problems/chr2:162200000-234003741,14.5976008133951,Inf,8,0,2,2,8,2
H3K4me1_TDH_BP/samples/tcell/ERS206539/problems/chr2:16329724-21153113,-Inf,2.43221926507568,7,7,4,0,7,7
H3K4me1_TDH_BP/samples/tcell/ERS206539/problems/chr2:16329724-21153113,2.43221926507568,6.36991736750156,7,7,4,0,7,7
H3K4me1_TDH_BP/samples/tcell/ERS206539/problems/chr2:16329724-21153113,6.36991736750156,7.78912799869853,7,7,4,0,7,7
H3K4me1_TDH_BP/samples/tcell/ERS206539/problems/chr2:16329724-21153113,7.78912799869853,8.39226027939457,7,6,4,0,7,6
H3K4me1_TDH_BP/samples/tcell/ERS206539/problems/chr2:16329724-21153113,8.39226027939457,9.07217489567658,7,4,4,0,7,4
H3K4me1_TDH_BP/samples/tcell/ERS206539/problems/chr2:16329724-21153113,9.07217489567658,9.7288483827279,7,3,4,0,7,3
H3K4me1_TDH_BP/samples/tcell/ERS206539/problems/chr2:16329724-21153113,9.7288483827279,10.2178211247306,7,3,4,0,7,3
H3K4me1_TDH_BP/samples/tcell/ERS206539/problems/chr2:16329724-21153113,10.2178211247306,10.7469190391675,7,1,4,0,7,1
H3K4me1_TDH_BP/samples/tcell/ERS206539/problems/chr2:16329724-21153113,10.7469190391675,10.7561575993041,7,0,4,0,7,0
H3K4me1_TDH_BP/samples/tcell/ERS206539/problems/chr2:16329724-21153113,10.7561575993041,10.7950428520617,7,0,4,0,7,0
H3K4me1_TDH_BP/samples/tcell/ERS206539/problems/chr2:16329724-21153113,10.7950428520617,10.9798608018255,7,0,4,0,7,0
H3K4me1_TDH_BP/samples/tcell/ERS206539/problems/chr2:16329724-21153113,10.9798608018255,11.3237694242336,7,0,4,0,7,0
H3K4me1_TDH_BP/samples/tcell/ERS206539/problems/chr2:16329724-21153113,11.3237694242336,11.4815445703965,7,0,4,0,7,0
H3K4me1_TDH_BP/samples/tcell/ERS206539/problems/chr2:16329724-21153113,11.4815445703965,11.7534694120648,7,0,4,0,7,0
H3K4me1_TDH_BP/samples/tcell/ERS206539/problems/chr2:16329724-21153113,11.7534694120648,11.870776669368,7,0,4,0,7,0
H3K4me1_TDH_BP/samples/tcell/ERS206539/problems/chr2:16329724-21153113,11.870776669368,12.0378564966802,7,0,4,2,7,2
H3K4me1_TDH_BP/samples/tcell/ERS206539/problems/chr2:16329724-21153113,12.0378564966802,13.3465610668958,7,0,4,2,7,2
H3K4me1_TDH_BP/samples/tcell/ERS206539/problems/chr2:16329724-21153113,13.3465610668958,Inf,7,0,4,4,7,4
H3K4me1_TDH_BP/samples/tcell/ERS206539/problems/chr3:60000-66170270,-Inf,2.44936620674616,11,11,2,0,11,11
H3K4me1_TDH_BP/samples/tcell/ERS206539/problems/chr3:60000-66170270,2.44936620674616,6.81652507575626,11,11,2,0,11,11
H3K4me1_TDH_BP/samples/tcell/ERS206539/problems/chr3:60000-66170270,6.81652507575626,8.36701611102033,11,10,2,0,11,10
H3K4me1_TDH_BP/samples/tcell/ERS206539/problems/chr3:60000-66170270,8.36701611102033,9.20585643362191,11,8,2,0,11,8
H3K4me1_TDH_BP/samples/tcell/ERS206539/problems/chr3:60000-66170270,9.20585643362191,10.1820539137245,11,9,2,2,11,11
H3K4me1_TDH_BP/samples/tcell/ERS206539/problems/chr3:60000-66170270,10.1820539137245,10.4080833640217,11,9,2,2,11,11
H3K4me1_TDH_BP/samples/tcell/ERS206539/problems/chr3:60000-66170270,10.4080833640217,10.4482812744877,11,9,2,2,11,11
H3K4me1_TDH_BP/samples/tcell/ERS206539/problems/chr3:60000-66170270,10.4482812744877,10.4571883482078,11,9,2,2,11,11
H3K4me1_TDH_BP/samples/tcell/ERS206539/problems/chr3:60000-66170270,10.4571883482078,10.4574704914361,11,9,2,2,11,11
H3K4me1_TDH_BP/samples/tcell/ERS206539/problems/chr3:60000-66170270,10.4574704914361,10.4592925133437,11,0,2,2,11,2
H3K4me1_TDH_BP/samples/tcell/ERS206539/problems/chr3:60000-66170270,10.4592925133437,10.462264025536,11,0,2,2,11,2
H3K4me1_TDH_BP/samples/tcell/ERS206539/problems/chr3:60000-66170270,10.462264025536,10.4762112548928,11,0,2,2,11,2
H3K4me1_TDH_BP/samples/tcell/ERS206539/problems/chr3:60000-66170270,10.4762112548928,10.5381562885387,11,0,2,2,11,2
H3K4me1_TDH_BP/samples/tcell/ERS206539/problems/chr3:60000-66170270,10.5381562885387,10.7382013084975,11,0,2,2,11,2
H3K4me1_TDH_BP/samples/tcell/ERS206539/problems/chr3:60000-66170270,10.7382013084975,11.1447733196009,11,0,2,2,11,2
H3K4me1_TDH_BP/samples/tcell/ERS206539/problems/chr3:60000-66170270,11.1447733196009,11.6776897540205,11,0,2,2,11,2
H3K4me1_TDH_BP/samples/tcell/ERS206539/problems/chr3:60000-66170270,11.6776897540205,12.1257192235061,11,0,2,2,11,2
H3K4me1_TDH_BP/samples/tcell/ERS206539/problems/chr3:60000-66170270,12.1257192235061,12.4931189788831,11,0,2,2,11,2
H3K4me1_TDH_BP/samples/tcell/ERS206539/problems/chr3:60000-66170270,12.4931189788831,12.8471073612286,11,0,2,2,11,2
H3K4me1_TDH_BP/samples/tcell/ERS206539/problems/chr3:60000-66170270,12.8471073612286,13.2304001623638,11,0,2,2,11,2
H3K4me1_TDH_BP/samples/tcell/ERS206539/problems/chr3:60000-66170270,13.2304001623638,13.6462631285588,11,0,2,2,11,2
H3K4me1_TDH_BP/samples/tcell/ERS206539/problems/chr3:60000-66170270,13.6462631285588,14.1383542328002,11,0,2,2,11,2
H3K4me1_TDH_BP/samples/tcell/ERS206539/problems/chr3:60000-66170270,14.1383542328002,14.6884070975694,11,0,2,2,11,2
H3K4me1_TDH_BP/samples/tcell/ERS206539/problems/chr3:60000-66170270,14.6884070975694,15.1282271694526,11,0,2,2,11,2
H3K4me1_TDH_BP/samples/tcell/ERS206539/problems/chr3:60000-66170270,15.1282271694526,15.4945620506492,11,0,2,2,11,2
H3K4me1_TDH_BP/samples/tcell/ERS206539/problems/chr3:60000-66170270,15.4945620506492,15.6626763805373,11,0,2,2,11,2
H3K4me1_TDH_BP/samples/tcell/ERS206539/problems/chr3:60000-66170270,15.6626763805373,16.012733119009,11,0,2,2,11,2
H3K4me1_TDH_BP/samples/tcell/ERS206539/problems/chr3:60000-66170270,16.012733119009,Inf,11,0,2,2,11,2
H3K4me1_TDH_BP/samples/tcell/ERS206539/problems/chr4:75452279-190000000,-Inf,2.37146730977661,11,11,3,0,11,11
H3K4me1_TDH_BP/samples/tcell/ERS206539/problems/chr4:75452279-190000000,2.37146730977661,6.42222097579254,11,11,3,0,11,11
H3K4me1_TDH_BP/samples/tcell/ERS206539/problems/chr4:75452279-190000000,6.42222097579254,8.17806948572874,11,9,3,0,11,9
H3K4me1_TDH_BP/samples/tcell/ERS206539/problems/chr4:75452279-190000000,8.17806948572874,9.35912339064263,11,9,3,2,11,11
H3K4me1_TDH_BP/samples/tcell/ERS206539/problems/chr4:75452279-190000000,9.35912339064263,10.045132481858,11,6,3,2,11,8
H3K4me1_TDH_BP/samples/tcell/ERS206539/problems/chr4:75452279-190000000,10.045132481858,10.3232314036167,11,5,3,2,11,7
H3K4me1_TDH_BP/samples/tcell/ERS206539/problems/chr4:75452279-190000000,10.3232314036167,10.3760504622334,11,5,3,2,11,7
H3K4me1_TDH_BP/samples/tcell/ERS206539/problems/chr4:75452279-190000000,10.3760504622334,10.3901708743679,11,5,3,2,11,7
H3K4me1_TDH_BP/samples/tcell/ERS206539/problems/chr4:75452279-190000000,10.3901708743679,10.3918957999962,11,0,3,2,11,2
H3K4me1_TDH_BP/samples/tcell/ERS206539/problems/chr4:75452279-190000000,10.3918957999962,10.4006589747431,11,0,3,2,11,2
H3K4me1_TDH_BP/samples/tcell/ERS206539/problems/chr4:75452279-190000000,10.4006589747431,10.4170927146836,11,0,3,2,11,2
H3K4me1_TDH_BP/samples/tcell/ERS206539/problems/chr4:75452279-190000000,10.4170927146836,10.5029415339446,11,0,3,2,11,2
H3K4me1_TDH_BP/samples/tcell/ERS206539/problems/chr4:75452279-190000000,10.5029415339446,10.6236771829259,11,0,3,2,11,2
H3K4me1_TDH_BP/samples/tcell/ERS206539/problems/chr4:75452279-190000000,10.6236771829259,10.7980945146734,11,0,3,2,11,2
H3K4me1_TDH_BP/samples/tcell/ERS206539/problems/chr4:75452279-190000000,10.7980945146734,10.980268443676,11,0,3,2,11,2
H3K4me1_TDH_BP/samples/tcell/ERS206539/problems/chr4:75452279-190000000,10.980268443676,11.1665569742905,11,0,3,2,11,2
H3K4me1_TDH_BP/samples/tcell/ERS206539/problems/chr4:75452279-190000000,11.1665569742905,11.3229822641548,11,0,3,2,11,2
H3K4me1_TDH_BP/samples/tcell/ERS206539/problems/chr4:75452279-190000000,11.3229822641548,11.5322573423516,11,0,3,2,11,2
H3K4me1_TDH_BP/samples/tcell/ERS206539/problems/chr4:75452279-190000000,11.5322573423516,11.7458651048162,11,0,3,2,11,2
H3K4me1_TDH_BP/samples/tcell/ERS206539/problems/chr4:75452279-190000000,11.7458651048162,11.9673882784352,11,0,3,2,11,2
H3K4me1_TDH_BP/samples/tcell/ERS206539/problems/chr4:75452279-190000000,11.9673882784352,12.1935814316143,11,0,3,2,11,2
H3K4me1_TDH_BP/samples/tcell/ERS206539/problems/chr4:75452279-190000000,12.1935814316143,12.4411348074836,11,0,3,2,11,2
H3K4me1_TDH_BP/samples/tcell/ERS206539/problems/chr4:75452279-190000000,12.4411348074836,12.5581189834066,11,0,3,2,11,2
H3K4me1_TDH_BP/samples/tcell/ERS206539/problems/chr4:75452279-190000000,12.5581189834066,12.6015206288836,11,0,3,2,11,2
H3K4me1_TDH_BP/samples/tcell/ERS206539/problems/chr4:75452279-190000000,12.6015206288836,12.6040790628318,11,0,3,3,11,3
H3K4me1_TDH_BP/samples/tcell/ERS206539/problems/chr4:75452279-190000000,12.6040790628318,12.6245550512018,11,0,3,3,11,3
H3K4me1_TDH_BP/samples/tcell/ERS206539/problems/chr4:75452279-190000000,12.6245550512018,12.7377073677407,11,0,3,3,11,3
H3K4me1_TDH_BP/samples/tcell/ERS206539/problems/chr4:75452279-190000000,12.7377073677407,12.9128559976086,11,0,3,3,11,3
H3K4me1_TDH_BP/samples/tcell/ERS206539/problems/chr4:75452279-190000000,12.9128559976086,13.4085410559739,11,0,3,3,11,3
H3K4me1_TDH_BP/samples/tcell/ERS206539/problems/chr4:75452279-190000000,13.4085410559739,14.7909908608957,11,0,3,3,11,3
H3K4me1_TDH_BP/samples/tcell/ERS206539/problems/chr4:75452279-190000000,14.7909908608957,Inf,11,0,3,3,11,3
H3K4me1_TDH_BP/samples/tcell/ERS206539/problems/chr5:91686128-138787073,-Inf,2.4114626100662,15,15,7,0,15,15
H3K4me1_TDH_BP/samples/tcell/ERS206539/problems/chr5:91686128-138787073,2.4114626100662,6.63308702688247,15,15,7,0,15,15
H3K4me1_TDH_BP/samples/tcell/ERS206539/problems/chr5:91686128-138787073,6.63308702688247,8.12441843343116,15,12,7,0,15,12
H3K4me1_TDH_BP/samples/tcell/ERS206539/problems/chr5:91686128-138787073,8.12441843343116,8.59065418814016,15,7,7,0,15,7
H3K4me1_TDH_BP/samples/tcell/ERS206539/problems/chr5:91686128-138787073,8.59065418814016,9.08897959167708,15,6,7,0,15,6
H3K4me1_TDH_BP/samples/tcell/ERS206539/problems/chr5:91686128-138787073,9.08897959167708,9.56825894369876,15,4,7,0,15,4
H3K4me1_TDH_BP/samples/tcell/ERS206539/problems/chr5:91686128-138787073,9.56825894369876,9.65232150031346,15,4,7,0,15,4
H3K4me1_TDH_BP/samples/tcell/ERS206539/problems/chr5:91686128-138787073,9.65232150031346,9.69447118164979,15,4,7,0,15,4
H3K4me1_TDH_BP/samples/tcell/ERS206539/problems/chr5:91686128-138787073,9.69447118164979,9.70841787508643,15,4,7,0,15,4
H3K4me1_TDH_BP/samples/tcell/ERS206539/problems/chr5:91686128-138787073,9.70841787508643,9.71075868787843,15,4,7,0,15,4
H3K4me1_TDH_BP/samples/tcell/ERS206539/problems/chr5:91686128-138787073,9.71075868787843,9.71143662480117,15,0,7,0,15,0
H3K4me1_TDH_BP/samples/tcell/ERS206539/problems/chr5:91686128-138787073,9.71143662480117,9.7145507898254,15,0,7,0,15,0
H3K4me1_TDH_BP/samples/tcell/ERS206539/problems/chr5:91686128-138787073,9.7145507898254,9.72364304814644,15,0,7,0,15,0
H3K4me1_TDH_BP/samples/tcell/ERS206539/problems/chr5:91686128-138787073,9.72364304814644,9.83345381551601,15,0,7,0,15,0
H3K4me1_TDH_BP/samples/tcell/ERS206539/problems/chr5:91686128-138787073,9.83345381551601,10.0662616433236,15,0,7,0,15,0
H3K4me1_TDH_BP/samples/tcell/ERS206539/problems/chr5:91686128-138787073,10.0662616433236,10.1929719049982,15,0,7,0,15,0
H3K4me1_TDH_BP/samples/tcell/ERS206539/problems/chr5:91686128-138787073,10.1929719049982,10.2189572883307,15,0,7,0,15,0
H3K4me1_TDH_BP/samples/tcell/ERS206539/problems/chr5:91686128-138787073,10.2189572883307,10.2217205390402,15,0,7,0,15,0
H3K4me1_TDH_BP/samples/tcell/ERS206539/problems/chr5:91686128-138787073,10.2217205390402,10.2220228131995,15,2,7,2,15,4
H3K4me1_TDH_BP/samples/tcell/ERS206539/problems/chr5:91686128-138787073,10.2220228131995,10.2260866207706,15,2,7,2,15,4
H3K4me1_TDH_BP/samples/tcell/ERS206539/problems/chr5:91686128-138787073,10.2260866207706,10.2384090914466,15,2,7,2,15,4
H3K4me1_TDH_BP/samples/tcell/ERS206539/problems/chr5:91686128-138787073,10.2384090914466,10.2553700395635,15,2,7,2,15,4
H3K4me1_TDH_BP/samples/tcell/ERS206539/problems/chr5:91686128-138787073,10.2553700395635,10.3256330896928,15,0,7,2,15,2
H3K4me1_TDH_BP/samples/tcell/ERS206539/problems/chr5:91686128-138787073,10.3256330896928,10.6146865933221,15,0,7,2,15,2
H3K4me1_TDH_BP/samples/tcell/ERS206539/problems/chr5:91686128-138787073,10.6146865933221,11.23165630257,15,0,7,2,15,2
H3K4me1_TDH_BP/samples/tcell/ERS206539/problems/chr5:91686128-138787073,11.23165630257,13.2883437167079,15,0,7,6,15,6
H3K4me1_TDH_BP/samples/tcell/ERS206539/problems/chr5:91686128-138787073,13.2883437167079,Inf,15,0,7,7,15,7
H3K4me1_TDH_BP/samples/tcell/ERS206601/problems/chr1:149509645-205922707,-Inf,2.37672234485981,14,14,1,0,14,14
H3K4me1_TDH_BP/samples/tcell/ERS206601/problems/chr1:149509645-205922707,2.37672234485981,8.00310066374344,14,14,1,0,14,14
H3K4me1_TDH_BP/samples/tcell/ERS206601/problems/chr1:149509645-205922707,8.00310066374344,9.63972793856728,14,13,1,0,14,13
H3K4me1_TDH_BP/samples/tcell/ERS206601/problems/chr1:149509645-205922707,9.63972793856728,11.2210404056793,14,3,1,0,14,3
H3K4me1_TDH_BP/samples/tcell/ERS206601/problems/chr1:149509645-205922707,11.2210404056793,11.8499304234422,14,2,1,0,14,2
H3K4me1_TDH_BP/samples/tcell/ERS206601/problems/chr1:149509645-205922707,11.8499304234422,12.0327957826511,14,2,1,0,14,2
H3K4me1_TDH_BP/samples/tcell/ERS206601/problems/chr1:149509645-205922707,12.0327957826511,12.1169244607056,14,2,1,0,14,2
H3K4me1_TDH_BP/samples/tcell/ERS206601/problems/chr1:149509645-205922707,12.1169244607056,12.1518395382135,14,2,1,0,14,2
H3K4me1_TDH_BP/samples/tcell/ERS206601/problems/chr1:149509645-205922707,12.1518395382135,12.1722341636414,14,2,1,0,14,2
H3K4me1_TDH_BP/samples/tcell/ERS206601/problems/chr1:149509645-205922707,12.1722341636414,12.1774442157368,14,2,1,0,14,2
H3K4me1_TDH_BP/samples/tcell/ERS206601/problems/chr1:149509645-205922707,12.1774442157368,12.1825472385939,14,2,1,0,14,2
H3K4me1_TDH_BP/samples/tcell/ERS206601/problems/chr1:149509645-205922707,12.1825472385939,12.1904883378862,14,0,1,0,14,0
H3K4me1_TDH_BP/samples/tcell/ERS206601/problems/chr1:149509645-205922707,12.1904883378862,12.4355192018986,14,0,1,0,14,0
H3K4me1_TDH_BP/samples/tcell/ERS206601/problems/chr1:149509645-205922707,12.4355192018986,13.0269526432822,14,0,1,0,14,0
H3K4me1_TDH_BP/samples/tcell/ERS206601/problems/chr1:149509645-205922707,13.0269526432822,13.4637748889626,14,0,1,0,14,0
H3K4me1_TDH_BP/samples/tcell/ERS206601/problems/chr1:149509645-205922707,13.4637748889626,13.8225844520192,14,0,1,0,14,0
H3K4me1_TDH_BP/samples/tcell/ERS206601/problems/chr1:149509645-205922707,13.8225844520192,13.9380375578433,14,0,1,0,14,0
H3K4me1_TDH_BP/samples/tcell/ERS206601/problems/chr1:149509645-205922707,13.9380375578433,13.9501829679027,14,0,1,0,14,0
H3K4me1_TDH_BP/samples/tcell/ERS206601/problems/chr1:149509645-205922707,13.9501829679027,13.9672956123224,14,0,1,0,14,0
H3K4me1_TDH_BP/samples/tcell/ERS206601/problems/chr1:149509645-205922707,13.9672956123224,14.048579470124,14,0,1,1,14,1
H3K4me1_TDH_BP/samples/tcell/ERS206601/problems/chr1:149509645-205922707,14.048579470124,15.2078635383142,14,0,1,1,14,1
H3K4me1_TDH_BP/samples/tcell/ERS206601/problems/chr1:149509645-205922707,15.2078635383142,Inf,14,0,1,1,14,1
H3K4me1_TDH_BP/samples/tcell/ERS206601/problems/chr2:162200000-234003741,-Inf,2.38995724846616,8,8,2,0,8,8
H3K4me1_TDH_BP/samples/tcell/ERS206601/problems/chr2:162200000-234003741,2.38995724846616,7.90901398559585,8,8,2,0,8,8
H3K4me1_TDH_BP/samples/tcell/ERS206601/problems/chr2:162200000-234003741,7.90901398559585,9.21236856120906,8,8,2,0,8,8
H3K4me1_TDH_BP/samples/tcell/ERS206601/problems/chr2:162200000-234003741,9.21236856120906,9.6247013366847,8,7,2,0,8,7
H3K4me1_TDH_BP/samples/tcell/ERS206601/problems/chr2:162200000-234003741,9.6247013366847,10.0464441685772,8,7,2,0,8,7
H3K4me1_TDH_BP/samples/tcell/ERS206601/problems/chr2:162200000-234003741,10.0464441685772,10.414066766903,8,2,2,0,8,2
H3K4me1_TDH_BP/samples/tcell/ERS206601/problems/chr2:162200000-234003741,10.414066766903,10.4206534424697,8,2,2,0,8,2
H3K4me1_TDH_BP/samples/tcell/ERS206601/problems/chr2:162200000-234003741,10.4206534424697,10.421771796435,8,0,2,0,8,0
H3K4me1_TDH_BP/samples/tcell/ERS206601/problems/chr2:162200000-234003741,10.421771796435,10.4250175541832,8,0,2,0,8,0
H3K4me1_TDH_BP/samples/tcell/ERS206601/problems/chr2:162200000-234003741,10.4250175541832,10.4271427642247,8,0,2,0,8,0
H3K4me1_TDH_BP/samples/tcell/ERS206601/problems/chr2:162200000-234003741,10.4271427642247,10.4420373630042,8,0,2,0,8,0
H3K4me1_TDH_BP/samples/tcell/ERS206601/problems/chr2:162200000-234003741,10.4420373630042,10.4763840274843,8,0,2,0,8,0
H3K4me1_TDH_BP/samples/tcell/ERS206601/problems/chr2:162200000-234003741,10.4763840274843,10.5539155904257,8,0,2,0,8,0
H3K4me1_TDH_BP/samples/tcell/ERS206601/problems/chr2:162200000-234003741,10.5539155904257,10.7164096017724,8,0,2,0,8,0
H3K4me1_TDH_BP/samples/tcell/ERS206601/problems/chr2:162200000-234003741,10.7164096017724,11.0907517501937,8,0,2,0,8,0
H3K4me1_TDH_BP/samples/tcell/ERS206601/problems/chr2:162200000-234003741,11.0907517501937,11.6322505704449,8,0,2,0,8,0
H3K4me1_TDH_BP/samples/tcell/ERS206601/problems/chr2:162200000-234003741,11.6322505704449,12.0429043849022,8,0,2,0,8,0
H3K4me1_TDH_BP/samples/tcell/ERS206601/problems/chr2:162200000-234003741,12.0429043849022,12.2512726532981,8,0,2,0,8,0
H3K4me1_TDH_BP/samples/tcell/ERS206601/problems/chr2:162200000-234003741,12.2512726532981,12.3395651267485,8,0,2,0,8,0
H3K4me1_TDH_BP/samples/tcell/ERS206601/problems/chr2:162200000-234003741,12.3395651267485,12.3625961961287,8,0,2,0,8,0
H3K4me1_TDH_BP/samples/tcell/ERS206601/problems/chr2:162200000-234003741,12.3625961961287,12.3680550766032,8,0,2,0,8,0
H3K4me1_TDH_BP/samples/tcell/ERS206601/problems/chr2:162200000-234003741,12.3680550766032,12.3727782327404,8,0,2,2,8,2
H3K4me1_TDH_BP/samples/tcell/ERS206601/problems/chr2:162200000-234003741,12.3727782327404,12.3845552055048,8,0,2,2,8,2
H3K4me1_TDH_BP/samples/tcell/ERS206601/problems/chr2:162200000-234003741,12.3845552055048,12.4317335894191,8,0,2,2,8,2
H3K4me1_TDH_BP/samples/tcell/ERS206601/problems/chr2:162200000-234003741,12.4317335894191,13.0489721372774,8,0,2,2,8,2
H3K4me1_TDH_BP/samples/tcell/ERS206601/problems/chr2:162200000-234003741,13.0489721372774,15.0753102369119,8,0,2,2,8,2
H3K4me1_TDH_BP/samples/tcell/ERS206601/problems/chr2:162200000-234003741,15.0753102369119,Inf,8,0,2,2,8,2
H3K4me1_TDH_BP/samples/tcell/ERS206601/problems/chr2:16329724-21153113,-Inf,2.46176380329445,7,7,4,0,7,7
H3K4me1_TDH_BP/samples/tcell/ERS206601/problems/chr2:16329724-21153113,2.46176380329445,7.66353114922393,7,7,4,0,7,7
H3K4me1_TDH_BP/samples/tcell/ERS206601/problems/chr2:16329724-21153113,7.66353114922393,9.07998196708591,7,7,4,0,7,7
H3K4me1_TDH_BP/samples/tcell/ERS206601/problems/chr2:16329724-21153113,9.07998196708591,9.77998515529384,7,5,4,0,7,5
H3K4me1_TDH_BP/samples/tcell/ERS206601/problems/chr2:16329724-21153113,9.77998515529384,10.1097530839244,7,3,4,0,7,3
H3K4me1_TDH_BP/samples/tcell/ERS206601/problems/chr2:16329724-21153113,10.1097530839244,10.3547443063034,7,3,4,0,7,3
H3K4me1_TDH_BP/samples/tcell/ERS206601/problems/chr2:16329724-21153113,10.3547443063034,10.5342034105729,7,3,4,0,7,3
H3K4me1_TDH_BP/samples/tcell/ERS206601/problems/chr2:16329724-21153113,10.5342034105729,10.8563933432679,7,2,4,0,7,2
H3K4me1_TDH_BP/samples/tcell/ERS206601/problems/chr2:16329724-21153113,10.8563933432679,10.8986700253935,7,2,4,0,7,2
H3K4me1_TDH_BP/samples/tcell/ERS206601/problems/chr2:16329724-21153113,10.8986700253935,10.9175692698761,7,1,4,0,7,1
H3K4me1_TDH_BP/samples/tcell/ERS206601/problems/chr2:16329724-21153113,10.9175692698761,10.9450643546701,7,1,4,0,7,1
H3K4me1_TDH_BP/samples/tcell/ERS206601/problems/chr2:16329724-21153113,10.9450643546701,10.9653909090591,7,1,4,0,7,1
H3K4me1_TDH_BP/samples/tcell/ERS206601/problems/chr2:16329724-21153113,10.9653909090591,11.1408788430806,7,1,4,0,7,1
H3K4me1_TDH_BP/samples/tcell/ERS206601/problems/chr2:16329724-21153113,11.1408788430806,11.2309734326296,7,1,4,0,7,1
H3K4me1_TDH_BP/samples/tcell/ERS206601/problems/chr2:16329724-21153113,11.2309734326296,11.2392387193164,7,0,4,0,7,0
H3K4me1_TDH_BP/samples/tcell/ERS206601/problems/chr2:16329724-21153113,11.2392387193164,11.285577261201,7,0,4,2,7,2
H3K4me1_TDH_BP/samples/tcell/ERS206601/problems/chr2:16329724-21153113,11.285577261201,11.5754249980556,7,0,4,2,7,2
H3K4me1_TDH_BP/samples/tcell/ERS206601/problems/chr2:16329724-21153113,11.5754249980556,11.9702279958648,7,0,4,2,7,2
H3K4me1_TDH_BP/samples/tcell/ERS206601/problems/chr2:16329724-21153113,11.9702279958648,12.5457343138632,7,0,4,2,7,2
H3K4me1_TDH_BP/samples/tcell/ERS206601/problems/chr2:16329724-21153113,12.5457343138632,12.8695798955485,7,0,4,2,7,2
H3K4me1_TDH_BP/samples/tcell/ERS206601/problems/chr2:16329724-21153113,12.8695798955485,13.8434493515014,7,0,4,2,7,2
H3K4me1_TDH_BP/samples/tcell/ERS206601/problems/chr2:16329724-21153113,13.8434493515014,14.3446683374196,7,0,4,4,7,4
H3K4me1_TDH_BP/samples/tcell/ERS206601/problems/chr2:16329724-21153113,14.3446683374196,Inf,7,0,4,4,7,4
H3K4me1_TDH_BP/samples/tcell/ERS206601/problems/chr3:60000-66170270,-Inf,2.37252989033412,11,11,2,0,11,11
H3K4me1_TDH_BP/samples/tcell/ERS206601/problems/chr3:60000-66170270,2.37252989033412,7.95441740686799,11,11,2,0,11,11
H3K4me1_TDH_BP/samples/tcell/ERS206601/problems/chr3:60000-66170270,7.95441740686799,9.30772493883752,11,11,2,0,11,11
H3K4me1_TDH_BP/samples/tcell/ERS206601/problems/chr3:60000-66170270,9.30772493883752,9.7513765083288,11,10,2,0,11,10
H3K4me1_TDH_BP/samples/tcell/ERS206601/problems/chr3:60000-66170270,9.7513765083288,10.0897742718628,11,5,2,0,11,5
H3K4me1_TDH_BP/samples/tcell/ERS206601/problems/chr3:60000-66170270,10.0897742718628,10.2496345858093,11,2,2,0,11,2
H3K4me1_TDH_BP/samples/tcell/ERS206601/problems/chr3:60000-66170270,10.2496345858093,10.2643021725364,11,2,2,0,11,2
H3K4me1_TDH_BP/samples/tcell/ERS206601/problems/chr3:60000-66170270,10.2643021725364,10.2708621933379,11,2,2,0,11,2
H3K4me1_TDH_BP/samples/tcell/ERS206601/problems/chr3:60000-66170270,10.2708621933379,10.2742944245655,11,2,2,0,11,2
H3K4me1_TDH_BP/samples/tcell/ERS206601/problems/chr3:60000-66170270,10.2742944245655,10.2775349673836,11,2,2,0,11,2
H3K4me1_TDH_BP/samples/tcell/ERS206601/problems/chr3:60000-66170270,10.2775349673836,10.2786942292202,11,0,2,0,11,0
H3K4me1_TDH_BP/samples/tcell/ERS206601/problems/chr3:60000-66170270,10.2786942292202,10.2999055379644,11,0,2,0,11,0
H3K4me1_TDH_BP/samples/tcell/ERS206601/problems/chr3:60000-66170270,10.2999055379644,10.3700256510299,11,0,2,0,11,0
H3K4me1_TDH_BP/samples/tcell/ERS206601/problems/chr3:60000-66170270,10.3700256510299,10.5297288169909,11,0,2,0,11,0
H3K4me1_TDH_BP/samples/tcell/ERS206601/problems/chr3:60000-66170270,10.5297288169909,11.6804583855388,11,0,2,0,11,0
H3K4me1_TDH_BP/samples/tcell/ERS206601/problems/chr3:60000-66170270,11.6804583855388,12.7531177547389,11,0,2,0,11,0
H3K4me1_TDH_BP/samples/tcell/ERS206601/problems/chr3:60000-66170270,12.7531177547389,12.838339992193,11,0,2,0,11,0
H3K4me1_TDH_BP/samples/tcell/ERS206601/problems/chr3:60000-66170270,12.838339992193,12.8516699871694,11,0,2,0,11,0
H3K4me1_TDH_BP/samples/tcell/ERS206601/problems/chr3:60000-66170270,12.8516699871694,12.854615247927,11,0,2,0,11,0
H3K4me1_TDH_BP/samples/tcell/ERS206601/problems/chr3:60000-66170270,12.854615247927,12.8564492476201,11,0,2,0,11,0
H3K4me1_TDH_BP/samples/tcell/ERS206601/problems/chr3:60000-66170270,12.8564492476201,12.8611530920777,11,0,2,2,11,2
H3K4me1_TDH_BP/samples/tcell/ERS206601/problems/chr3:60000-66170270,12.8611530920777,12.8797635190815,11,0,2,2,11,2
H3K4me1_TDH_BP/samples/tcell/ERS206601/problems/chr3:60000-66170270,12.8797635190815,12.9341694665205,11,0,2,2,11,2
H3K4me1_TDH_BP/samples/tcell/ERS206601/problems/chr3:60000-66170270,12.9341694665205,13.1206383530692,11,0,2,2,11,2
H3K4me1_TDH_BP/samples/tcell/ERS206601/problems/chr3:60000-66170270,13.1206383530692,13.6981403128223,11,0,2,2,11,2
H3K4me1_TDH_BP/samples/tcell/ERS206601/problems/chr3:60000-66170270,13.6981403128223,15.2354105809084,11,0,2,2,11,2
H3K4me1_TDH_BP/samples/tcell/ERS206601/problems/chr3:60000-66170270,15.2354105809084,Inf,11,0,2,2,11,2
H3K4me1_TDH_BP/samples/tcell/ERS206601/problems/chr4:75452279-190000000,-Inf,2.44915776329907,11,11,3,0,11,11
H3K4me1_TDH_BP/samples/tcell/ERS206601/problems/chr4:75452279-190000000,2.44915776329907,7.79193643772678,11,11,3,0,11,11
H3K4me1_TDH_BP/samples/tcell/ERS206601/problems/chr4:75452279-190000000,7.79193643772678,9.23413360012277,11,9,3,0,11,9
H3K4me1_TDH_BP/samples/tcell/ERS206601/problems/chr4:75452279-190000000,9.23413360012277,9.9616232233478,11,4,3,0,11,4
H3K4me1_TDH_BP/samples/tcell/ERS206601/problems/chr4:75452279-190000000,9.9616232233478,10.1304175369433,11,2,3,0,11,2
H3K4me1_TDH_BP/samples/tcell/ERS206601/problems/chr4:75452279-190000000,10.1304175369433,10.2243477512365,11,1,3,0,11,1
H3K4me1_TDH_BP/samples/tcell/ERS206601/problems/chr4:75452279-190000000,10.2243477512365,10.2828148659813,11,1,3,0,11,1
H3K4me1_TDH_BP/samples/tcell/ERS206601/problems/chr4:75452279-190000000,10.2828148659813,10.315073857929,11,1,3,0,11,1
H3K4me1_TDH_BP/samples/tcell/ERS206601/problems/chr4:75452279-190000000,10.315073857929,10.3321043716054,11,1,3,0,11,1
H3K4me1_TDH_BP/samples/tcell/ERS206601/problems/chr4:75452279-190000000,10.3321043716054,10.3360439245744,11,1,3,0,11,1
H3K4me1_TDH_BP/samples/tcell/ERS206601/problems/chr4:75452279-190000000,10.3360439245744,10.3361354586067,11,0,3,0,11,0
H3K4me1_TDH_BP/samples/tcell/ERS206601/problems/chr4:75452279-190000000,10.3361354586067,10.3363361289859,11,0,3,0,11,0
H3K4me1_TDH_BP/samples/tcell/ERS206601/problems/chr4:75452279-190000000,10.3363361289859,10.3366466811175,11,0,3,0,11,0
H3K4me1_TDH_BP/samples/tcell/ERS206601/problems/chr4:75452279-190000000,10.3366466811175,10.337353718768,11,0,3,0,11,0
H3K4me1_TDH_BP/samples/tcell/ERS206601/problems/chr4:75452279-190000000,10.337353718768,10.3412630934632,11,0,3,0,11,0
H3K4me1_TDH_BP/samples/tcell/ERS206601/problems/chr4:75452279-190000000,10.3412630934632,10.7847840651204,11,0,3,0,11,0
H3K4me1_TDH_BP/samples/tcell/ERS206601/problems/chr4:75452279-190000000,10.7847840651204,11.7947752980132,11,0,3,0,11,0
H3K4me1_TDH_BP/samples/tcell/ERS206601/problems/chr4:75452279-190000000,11.7947752980132,12.2434590333363,11,0,3,0,11,0
H3K4me1_TDH_BP/samples/tcell/ERS206601/problems/chr4:75452279-190000000,12.2434590333363,12.337197754205,11,0,3,0,11,0
H3K4me1_TDH_BP/samples/tcell/ERS206601/problems/chr4:75452279-190000000,12.337197754205,12.3796144521045,11,0,3,0,11,0
H3K4me1_TDH_BP/samples/tcell/ERS206601/problems/chr4:75452279-190000000,12.3796144521045,12.4075484902045,11,0,3,0,11,0
H3K4me1_TDH_BP/samples/tcell/ERS206601/problems/chr4:75452279-190000000,12.4075484902045,12.4116240753888,11,0,3,0,11,0
H3K4me1_TDH_BP/samples/tcell/ERS206601/problems/chr4:75452279-190000000,12.4116240753888,12.4120197933287,11,0,3,0,11,0
H3K4me1_TDH_BP/samples/tcell/ERS206601/problems/chr4:75452279-190000000,12.4120197933287,12.4134398386106,11,0,3,2,11,2
H3K4me1_TDH_BP/samples/tcell/ERS206601/problems/chr4:75452279-190000000,12.4134398386106,12.4710646287879,11,0,3,2,11,2
H3K4me1_TDH_BP/samples/tcell/ERS206601/problems/chr4:75452279-190000000,12.4710646287879,12.7392066766093,11,0,3,2,11,2
H3K4me1_TDH_BP/samples/tcell/ERS206601/problems/chr4:75452279-190000000,12.7392066766093,14.241538279184,11,0,3,3,11,3
H3K4me1_TDH_BP/samples/tcell/ERS206601/problems/chr4:75452279-190000000,14.241538279184,Inf,11,0,3,3,11,3
H3K4me1_TDH_BP/samples/tcell/ERS206601/problems/chr5:91686128-138787073,-Inf,2.43538272296611,15,15,7,0,15,15
H3K4me1_TDH_BP/samples/tcell/ERS206601/problems/chr5:91686128-138787073,2.43538272296611,7.90845715876243,15,15,7,0,15,15
H3K4me1_TDH_BP/samples/tcell/ERS206601/problems/chr5:91686128-138787073,7.90845715876243,9.1604072673496,15,13,7,0,15,13
H3K4me1_TDH_BP/samples/tcell/ERS206601/problems/chr5:91686128-138787073,9.1604072673496,9.55042474504788,15,9,7,0,15,9
H3K4me1_TDH_BP/samples/tcell/ERS206601/problems/chr5:91686128-138787073,9.55042474504788,9.81634687893471,15,4,7,0,15,4
H3K4me1_TDH_BP/samples/tcell/ERS206601/problems/chr5:91686128-138787073,9.81634687893471,10.0699149962585,15,2,7,0,15,2
H3K4me1_TDH_BP/samples/tcell/ERS206601/problems/chr5:91686128-138787073,10.0699149962585,10.3253761660682,15,2,7,0,15,2
H3K4me1_TDH_BP/samples/tcell/ERS206601/problems/chr5:91686128-138787073,10.3253761660682,10.4424276260246,15,1,7,0,15,1
H3K4me1_TDH_BP/samples/tcell/ERS206601/problems/chr5:91686128-138787073,10.4424276260246,10.5015241612164,15,1,7,0,15,1
H3K4me1_TDH_BP/samples/tcell/ERS206601/problems/chr5:91686128-138787073,10.5015241612164,10.5190902739824,15,1,7,0,15,1
H3K4me1_TDH_BP/samples/tcell/ERS206601/problems/chr5:91686128-138787073,10.5190902739824,10.5253250607095,15,1,7,0,15,1
H3K4me1_TDH_BP/samples/tcell/ERS206601/problems/chr5:91686128-138787073,10.5253250607095,10.5319453784497,15,1,7,0,15,1
H3K4me1_TDH_BP/samples/tcell/ERS206601/problems/chr5:91686128-138787073,10.5319453784497,10.5329123282059,15,1,7,0,15,1
H3K4me1_TDH_BP/samples/tcell/ERS206601/problems/chr5:91686128-138787073,10.5329123282059,10.5341340643394,15,0,7,0,15,0
H3K4me1_TDH_BP/samples/tcell/ERS206601/problems/chr5:91686128-138787073,10.5341340643394,10.5549734288758,15,0,7,0,15,0
H3K4me1_TDH_BP/samples/tcell/ERS206601/problems/chr5:91686128-138787073,10.5549734288758,10.6672028523228,15,0,7,0,15,0
H3K4me1_TDH_BP/samples/tcell/ERS206601/problems/chr5:91686128-138787073,10.6672028523228,10.8903571113976,15,0,7,0,15,0
H3K4me1_TDH_BP/samples/tcell/ERS206601/problems/chr5:91686128-138787073,10.8903571113976,11.0020115474026,15,0,7,0,15,0
H3K4me1_TDH_BP/samples/tcell/ERS206601/problems/chr5:91686128-138787073,11.0020115474026,11.0385636389587,15,0,7,0,15,0
H3K4me1_TDH_BP/samples/tcell/ERS206601/problems/chr5:91686128-138787073,11.0385636389587,11.0423265044209,15,0,7,0,15,0
H3K4me1_TDH_BP/samples/tcell/ERS206601/problems/chr5:91686128-138787073,11.0423265044209,11.0445131277644,15,0,7,2,15,2
H3K4me1_TDH_BP/samples/tcell/ERS206601/problems/chr5:91686128-138787073,11.0445131277644,11.0476234852116,15,0,7,2,15,2
H3K4me1_TDH_BP/samples/tcell/ERS206601/problems/chr5:91686128-138787073,11.0476234852116,11.0560921213101,15,0,7,2,15,2
H3K4me1_TDH_BP/samples/tcell/ERS206601/problems/chr5:91686128-138787073,11.0560921213101,11.0860867554517,15,0,7,2,15,2
H3K4me1_TDH_BP/samples/tcell/ERS206601/problems/chr5:91686128-138787073,11.0860867554517,11.3709332822346,15,0,7,2,15,2
H3K4me1_TDH_BP/samples/tcell/ERS206601/problems/chr5:91686128-138787073,11.3709332822346,11.9966397930241,15,0,7,4,15,4
H3K4me1_TDH_BP/samples/tcell/ERS206601/problems/chr5:91686128-138787073,11.9966397930241,13.876596388594,15,0,7,4,15,4
H3K4me1_TDH_BP/samples/tcell/ERS206601/problems/chr5:91686128-138787073,13.876596388594,Inf,15,0,7,7,15,7
H3K4me1_TDH_BP/samples/tcell/ERS358697/problems/chr1:149509645-205922707,-Inf,2.47629234162452,14,14,1,0,14,14
H3K4me1_TDH_BP/samples/tcell/ERS358697/problems/chr1:149509645-205922707,2.47629234162452,6.98785589270817,14,14,1,0,14,14
H3K4me1_TDH_BP/samples/tcell/ERS358697/problems/chr1:149509645-205922707,6.98785589270817,9.24632761734476,14,10,1,0,14,10
H3K4me1_TDH_BP/samples/tcell/ERS358697/problems/chr1:149509645-205922707,9.24632761734476,10.8927292498782,14,3,1,0,14,3
H3K4me1_TDH_BP/samples/tcell/ERS358697/problems/chr1:149509645-205922707,10.8927292498782,11.074690793406,14,2,1,0,14,2
H3K4me1_TDH_BP/samples/tcell/ERS358697/problems/chr1:149509645-205922707,11.074690793406,11.1673757719566,14,2,1,0,14,2
H3K4me1_TDH_BP/samples/tcell/ERS358697/problems/chr1:149509645-205922707,11.1673757719566,11.1859712867176,14,2,1,0,14,2
H3K4me1_TDH_BP/samples/tcell/ERS358697/problems/chr1:149509645-205922707,11.1859712867176,11.1909681241221,14,0,1,0,14,0
H3K4me1_TDH_BP/samples/tcell/ERS358697/problems/chr1:149509645-205922707,11.1909681241221,11.1983746174378,14,0,1,0,14,0
H3K4me1_TDH_BP/samples/tcell/ERS358697/problems/chr1:149509645-205922707,11.1983746174378,11.2083312415226,14,0,1,0,14,0
H3K4me1_TDH_BP/samples/tcell/ERS358697/problems/chr1:149509645-205922707,11.2083312415226,11.239487658175,14,0,1,0,14,0
H3K4me1_TDH_BP/samples/tcell/ERS358697/problems/chr1:149509645-205922707,11.239487658175,11.5079522229586,14,0,1,0,14,0
H3K4me1_TDH_BP/samples/tcell/ERS358697/problems/chr1:149509645-205922707,11.5079522229586,12.1695551149154,14,0,1,0,14,0
H3K4me1_TDH_BP/samples/tcell/ERS358697/problems/chr1:149509645-205922707,12.1695551149154,12.9002633843004,14,0,1,0,14,0
H3K4me1_TDH_BP/samples/tcell/ERS358697/problems/chr1:149509645-205922707,12.9002633843004,13.4026096311205,14,0,1,0,14,0
H3K4me1_TDH_BP/samples/tcell/ERS358697/problems/chr1:149509645-205922707,13.4026096311205,13.6962119031217,14,0,1,0,14,0
H3K4me1_TDH_BP/samples/tcell/ERS358697/problems/chr1:149509645-205922707,13.6962119031217,13.7967889911771,14,0,1,0,14,0
H3K4me1_TDH_BP/samples/tcell/ERS358697/problems/chr1:149509645-205922707,13.7967889911771,13.8226780844908,14,0,1,0,14,0
H3K4me1_TDH_BP/samples/tcell/ERS358697/problems/chr1:149509645-205922707,13.8226780844908,13.8303403920784,14,0,1,0,14,0
H3K4me1_TDH_BP/samples/tcell/ERS358697/problems/chr1:149509645-205922707,13.8303403920784,13.8420809237793,14,0,1,1,14,1
H3K4me1_TDH_BP/samples/tcell/ERS358697/problems/chr1:149509645-205922707,13.8420809237793,13.8727647485686,14,0,1,1,14,1
H3K4me1_TDH_BP/samples/tcell/ERS358697/problems/chr1:149509645-205922707,13.8727647485686,14.9961988052144,14,0,1,1,14,1
H3K4me1_TDH_BP/samples/tcell/ERS358697/problems/chr1:149509645-205922707,14.9961988052144,Inf,14,0,1,1,14,1
H3K4me1_TDH_BP/samples/tcell/ERS358697/problems/chr2:162200000-234003741,-Inf,2.45089209728628,8,8,2,0,8,8
H3K4me1_TDH_BP/samples/tcell/ERS358697/problems/chr2:162200000-234003741,2.45089209728628,6.83532321810416,8,8,2,0,8,8
H3K4me1_TDH_BP/samples/tcell/ERS358697/problems/chr2:162200000-234003741,6.83532321810416,8.42466157137898,8,8,2,0,8,8
H3K4me1_TDH_BP/samples/tcell/ERS358697/problems/chr2:162200000-234003741,8.42466157137898,9.09351253935622,8,6,2,0,8,6
H3K4me1_TDH_BP/samples/tcell/ERS358697/problems/chr2:162200000-234003741,9.09351253935622,9.87064423187922,8,7,2,0,8,7
H3K4me1_TDH_BP/samples/tcell/ERS358697/problems/chr2:162200000-234003741,9.87064423187922,10.4253443998658,8,1,2,0,8,1
H3K4me1_TDH_BP/samples/tcell/ERS358697/problems/chr2:162200000-234003741,10.4253443998658,10.5496440376631,8,1,2,0,8,1
H3K4me1_TDH_BP/samples/tcell/ERS358697/problems/chr2:162200000-234003741,10.5496440376631,10.5513501915189,8,1,2,0,8,1
H3K4me1_TDH_BP/samples/tcell/ERS358697/problems/chr2:162200000-234003741,10.5513501915189,10.5534627130205,8,0,2,0,8,0
H3K4me1_TDH_BP/samples/tcell/ERS358697/problems/chr2:162200000-234003741,10.5534627130205,10.5604919324909,8,0,2,0,8,0
H3K4me1_TDH_BP/samples/tcell/ERS358697/problems/chr2:162200000-234003741,10.5604919324909,10.57110277498,8,0,2,0,8,0
H3K4me1_TDH_BP/samples/tcell/ERS358697/problems/chr2:162200000-234003741,10.57110277498,10.5968484309113,8,0,2,0,8,0
H3K4me1_TDH_BP/samples/tcell/ERS358697/problems/chr2:162200000-234003741,10.5968484309113,10.6381243384679,8,0,2,0,8,0
H3K4me1_TDH_BP/samples/tcell/ERS358697/problems/chr2:162200000-234003741,10.6381243384679,10.7212478025584,8,0,2,0,8,0
H3K4me1_TDH_BP/samples/tcell/ERS358697/problems/chr2:162200000-234003741,10.7212478025584,11.0305364910602,8,0,2,0,8,0
H3K4me1_TDH_BP/samples/tcell/ERS358697/problems/chr2:162200000-234003741,11.0305364910602,11.5097850062834,8,0,2,0,8,0
H3K4me1_TDH_BP/samples/tcell/ERS358697/problems/chr2:162200000-234003741,11.5097850062834,11.9313785178382,8,0,2,0,8,0
H3K4me1_TDH_BP/samples/tcell/ERS358697/problems/chr2:162200000-234003741,11.9313785178382,12.115501493055,8,0,2,0,8,0
H3K4me1_TDH_BP/samples/tcell/ERS358697/problems/chr2:162200000-234003741,12.115501493055,12.1680806122386,8,0,2,0,8,0
H3K4me1_TDH_BP/samples/tcell/ERS358697/problems/chr2:162200000-234003741,12.1680806122386,12.1751627880129,8,0,2,0,8,0
H3K4me1_TDH_BP/samples/tcell/ERS358697/problems/chr2:162200000-234003741,12.1751627880129,12.1755635078303,8,0,2,2,8,2
H3K4me1_TDH_BP/samples/tcell/ERS358697/problems/chr2:162200000-234003741,12.1755635078303,12.1824743837483,8,0,2,2,8,2
H3K4me1_TDH_BP/samples/tcell/ERS358697/problems/chr2:162200000-234003741,12.1824743837483,12.2093253219925,8,0,2,2,8,2
H3K4me1_TDH_BP/samples/tcell/ERS358697/problems/chr2:162200000-234003741,12.2093253219925,12.29160825673,8,0,2,2,8,2
H3K4me1_TDH_BP/samples/tcell/ERS358697/problems/chr2:162200000-234003741,12.29160825673,13.7422403600964,8,0,2,2,8,2
H3K4me1_TDH_BP/samples/tcell/ERS358697/problems/chr2:162200000-234003741,13.7422403600964,Inf,8,0,2,2,8,2
H3K4me1_TDH_BP/samples/tcell/ERS358697/problems/chr2:16329724-21153113,-Inf,2.46062065736621,7,7,4,0,7,7
H3K4me1_TDH_BP/samples/tcell/ERS358697/problems/chr2:16329724-21153113,2.46062065736621,6.42125641630744,7,7,4,0,7,7
H3K4me1_TDH_BP/samples/tcell/ERS358697/problems/chr2:16329724-21153113,6.42125641630744,7.81596593445335,7,7,4,0,7,7
H3K4me1_TDH_BP/samples/tcell/ERS358697/problems/chr2:16329724-21153113,7.81596593445335,8.43068967051937,7,5,4,0,7,5
H3K4me1_TDH_BP/samples/tcell/ERS358697/problems/chr2:16329724-21153113,8.43068967051937,9.35903162525441,7,3,4,0,7,3
H3K4me1_TDH_BP/samples/tcell/ERS358697/problems/chr2:16329724-21153113,9.35903162525441,9.92223132638597,7,3,4,0,7,3
H3K4me1_TDH_BP/samples/tcell/ERS358697/problems/chr2:16329724-21153113,9.92223132638597,10.1538420426643,7,3,4,0,7,3
H3K4me1_TDH_BP/samples/tcell/ERS358697/problems/chr2:16329724-21153113,10.1538420426643,10.250901128603,7,3,4,0,7,3
H3K4me1_TDH_BP/samples/tcell/ERS358697/problems/chr2:16329724-21153113,10.250901128603,10.497868278511,7,2,4,0,7,2
H3K4me1_TDH_BP/samples/tcell/ERS358697/problems/chr2:16329724-21153113,10.497868278511,10.639843805729,7,2,4,0,7,2
H3K4me1_TDH_BP/samples/tcell/ERS358697/problems/chr2:16329724-21153113,10.639843805729,10.6685646065186,7,1,4,0,7,1
H3K4me1_TDH_BP/samples/tcell/ERS358697/problems/chr2:16329724-21153113,10.6685646065186,10.7795654809185,7,1,4,0,7,1
H3K4me1_TDH_BP/samples/tcell/ERS358697/problems/chr2:16329724-21153113,10.7795654809185,10.8256052185088,7,1,4,2,7,3
H3K4me1_TDH_BP/samples/tcell/ERS358697/problems/chr2:16329724-21153113,10.8256052185088,11.272554079856,7,0,4,2,7,2
H3K4me1_TDH_BP/samples/tcell/ERS358697/problems/chr2:16329724-21153113,11.272554079856,11.6070143569006,7,0,4,2,7,2
H3K4me1_TDH_BP/samples/tcell/ERS358697/problems/chr2:16329724-21153113,11.6070143569006,12.1204201947601,7,0,4,2,7,2
H3K4me1_TDH_BP/samples/tcell/ERS358697/problems/chr2:16329724-21153113,12.1204201947601,12.6082871326079,7,0,4,2,7,2
H3K4me1_TDH_BP/samples/tcell/ERS358697/problems/chr2:16329724-21153113,12.6082871326079,13.0140720000092,7,0,4,2,7,2
H3K4me1_TDH_BP/samples/tcell/ERS358697/problems/chr2:16329724-21153113,13.0140720000092,13.5224066457171,7,0,4,2,7,2
H3K4me1_TDH_BP/samples/tcell/ERS358697/problems/chr2:16329724-21153113,13.5224066457171,13.5651772219449,7,0,4,2,7,2
H3K4me1_TDH_BP/samples/tcell/ERS358697/problems/chr2:16329724-21153113,13.5651772219449,14.1791611309982,7,0,4,4,7,4
H3K4me1_TDH_BP/samples/tcell/ERS358697/problems/chr2:16329724-21153113,14.1791611309982,Inf,7,0,4,4,7,4
H3K4me1_TDH_BP/samples/tcell/ERS358697/problems/chr3:60000-66170270,-Inf,2.47418604728233,11,11,2,0,11,11
H3K4me1_TDH_BP/samples/tcell/ERS358697/problems/chr3:60000-66170270,2.47418604728233,6.9637450101438,11,11,2,0,11,11
H3K4me1_TDH_BP/samples/tcell/ERS358697/problems/chr3:60000-66170270,6.9637450101438,8.67700741561464,11,8,2,0,11,8
H3K4me1_TDH_BP/samples/tcell/ERS358697/problems/chr3:60000-66170270,8.67700741561464,9.51420944584062,11,8,2,0,11,8
H3K4me1_TDH_BP/samples/tcell/ERS358697/problems/chr3:60000-66170270,9.51420944584062,9.9743307808982,11,7,2,0,11,7
H3K4me1_TDH_BP/samples/tcell/ERS358697/problems/chr3:60000-66170270,9.9743307808982,10.0907339318929,11,7,2,0,11,7
H3K4me1_TDH_BP/samples/tcell/ERS358697/problems/chr3:60000-66170270,10.0907339318929,10.110304585917,11,7,2,0,11,7
H3K4me1_TDH_BP/samples/tcell/ERS358697/problems/chr3:60000-66170270,10.110304585917,10.1194990672906,11,7,2,0,11,7
H3K4me1_TDH_BP/samples/tcell/ERS358697/problems/chr3:60000-66170270,10.1194990672906,10.1211951135901,11,7,2,0,11,7
H3K4me1_TDH_BP/samples/tcell/ERS358697/problems/chr3:60000-66170270,10.1211951135901,10.1220025558367,11,7,2,0,11,7
H3K4me1_TDH_BP/samples/tcell/ERS358697/problems/chr3:60000-66170270,10.1220025558367,10.1221951589095,11,7,2,0,11,7
H3K4me1_TDH_BP/samples/tcell/ERS358697/problems/chr3:60000-66170270,10.1221951589095,10.1224313829627,11,0,2,0,11,0
H3K4me1_TDH_BP/samples/tcell/ERS358697/problems/chr3:60000-66170270,10.1224313829627,10.1238915394675,11,0,2,0,11,0
H3K4me1_TDH_BP/samples/tcell/ERS358697/problems/chr3:60000-66170270,10.1238915394675,10.1484048245397,11,0,2,0,11,0
H3K4me1_TDH_BP/samples/tcell/ERS358697/problems/chr3:60000-66170270,10.1484048245397,10.2172578819427,11,0,2,0,11,0
H3K4me1_TDH_BP/samples/tcell/ERS358697/problems/chr3:60000-66170270,10.2172578819427,10.4996181978128,11,0,2,0,11,0
H3K4me1_TDH_BP/samples/tcell/ERS358697/problems/chr3:60000-66170270,10.4996181978128,11.7173963239868,11,0,2,0,11,0
H3K4me1_TDH_BP/samples/tcell/ERS358697/problems/chr3:60000-66170270,11.7173963239868,12.7077971366491,11,0,2,0,11,0
H3K4me1_TDH_BP/samples/tcell/ERS358697/problems/chr3:60000-66170270,12.7077971366491,12.7527638870755,11,0,2,0,11,0
H3K4me1_TDH_BP/samples/tcell/ERS358697/problems/chr3:60000-66170270,12.7527638870755,12.7776347508984,11,0,2,0,11,0
H3K4me1_TDH_BP/samples/tcell/ERS358697/problems/chr3:60000-66170270,12.7776347508984,12.792516065683,11,0,2,0,11,0
H3K4me1_TDH_BP/samples/tcell/ERS358697/problems/chr3:60000-66170270,12.792516065683,12.7959118240563,11,0,2,2,11,2
H3K4me1_TDH_BP/samples/tcell/ERS358697/problems/chr3:60000-66170270,12.7959118240563,12.7998609946304,11,0,2,2,11,2
H3K4me1_TDH_BP/samples/tcell/ERS358697/problems/chr3:60000-66170270,12.7998609946304,12.8754934809969,11,0,2,2,11,2
H3K4me1_TDH_BP/samples/tcell/ERS358697/problems/chr3:60000-66170270,12.8754934809969,13.0917455826507,11,0,2,2,11,2
H3K4me1_TDH_BP/samples/tcell/ERS358697/problems/chr3:60000-66170270,13.0917455826507,13.6701500138566,11,0,2,2,11,2
H3K4me1_TDH_BP/samples/tcell/ERS358697/problems/chr3:60000-66170270,13.6701500138566,15.0621467203436,11,0,2,2,11,2
H3K4me1_TDH_BP/samples/tcell/ERS358697/problems/chr3:60000-66170270,15.0621467203436,Inf,11,0,2,2,11,2
H3K4me1_TDH_BP/samples/tcell/ERS358697/problems/chr4:75452279-190000000,-Inf,2.43762457047376,11,11,3,0,11,11
H3K4me1_TDH_BP/samples/tcell/ERS358697/problems/chr4:75452279-190000000,2.43762457047376,6.52054839582495,11,11,3,0,11,11
H3K4me1_TDH_BP/samples/tcell/ERS358697/problems/chr4:75452279-190000000,6.52054839582495,7.93798716379059,11,9,3,0,11,9
H3K4me1_TDH_BP/samples/tcell/ERS358697/problems/chr4:75452279-190000000,7.93798716379059,8.59099003486413,11,9,3,0,11,9
H3K4me1_TDH_BP/samples/tcell/ERS358697/problems/chr4:75452279-190000000,8.59099003486413,9.48482221005187,11,3,3,0,11,3
H3K4me1_TDH_BP/samples/tcell/ERS358697/problems/chr4:75452279-190000000,9.48482221005187,9.80535659010617,11,2,3,0,11,2
H3K4me1_TDH_BP/samples/tcell/ERS358697/problems/chr4:75452279-190000000,9.80535659010617,9.92638631485352,11,1,3,0,11,1
H3K4me1_TDH_BP/samples/tcell/ERS358697/problems/chr4:75452279-190000000,9.92638631485352,9.93529482265274,11,1,3,0,11,1
H3K4me1_TDH_BP/samples/tcell/ERS358697/problems/chr4:75452279-190000000,9.93529482265274,9.93685679528401,11,0,3,0,11,0
H3K4me1_TDH_BP/samples/tcell/ERS358697/problems/chr4:75452279-190000000,9.93685679528401,9.93849746663223,11,0,3,0,11,0
H3K4me1_TDH_BP/samples/tcell/ERS358697/problems/chr4:75452279-190000000,9.93849746663223,9.94307906217014,11,0,3,0,11,0
H3K4me1_TDH_BP/samples/tcell/ERS358697/problems/chr4:75452279-190000000,9.94307906217014,9.96286818233776,11,0,3,0,11,0
H3K4me1_TDH_BP/samples/tcell/ERS358697/problems/chr4:75452279-190000000,9.96286818233776,10.0029371091543,11,0,3,0,11,0
H3K4me1_TDH_BP/samples/tcell/ERS358697/problems/chr4:75452279-190000000,10.0029371091543,10.0860317323672,11,0,3,0,11,0
H3K4me1_TDH_BP/samples/tcell/ERS358697/problems/chr4:75452279-190000000,10.0860317323672,10.6896154955149,11,0,3,0,11,0
H3K4me1_TDH_BP/samples/tcell/ERS358697/problems/chr4:75452279-190000000,10.6896154955149,11.5340515248312,11,0,3,0,11,0
H3K4me1_TDH_BP/samples/tcell/ERS358697/problems/chr4:75452279-190000000,11.5340515248312,11.7346526649065,11,0,3,0,11,0
H3K4me1_TDH_BP/samples/tcell/ERS358697/problems/chr4:75452279-190000000,11.7346526649065,11.8043746278544,11,0,3,0,11,0
H3K4me1_TDH_BP/samples/tcell/ERS358697/problems/chr4:75452279-190000000,11.8043746278544,11.8179746161032,11,0,3,0,11,0
H3K4me1_TDH_BP/samples/tcell/ERS358697/problems/chr4:75452279-190000000,11.8179746161032,11.8180332114125,11,0,3,0,11,0
H3K4me1_TDH_BP/samples/tcell/ERS358697/problems/chr4:75452279-190000000,11.8180332114125,11.8192729166786,11,0,3,2,11,2
H3K4me1_TDH_BP/samples/tcell/ERS358697/problems/chr4:75452279-190000000,11.8192729166786,11.8243179612868,11,0,3,2,11,2
H3K4me1_TDH_BP/samples/tcell/ERS358697/problems/chr4:75452279-190000000,11.8243179612868,11.8504504303234,11,0,3,2,11,2
H3K4me1_TDH_BP/samples/tcell/ERS358697/problems/chr4:75452279-190000000,11.8504504303234,11.9434225016867,11,0,3,2,11,2
H3K4me1_TDH_BP/samples/tcell/ERS358697/problems/chr4:75452279-190000000,11.9434225016867,12.3635381194579,11,0,3,2,11,2
H3K4me1_TDH_BP/samples/tcell/ERS358697/problems/chr4:75452279-190000000,12.3635381194579,14.0203817722761,11,0,3,2,11,2
H3K4me1_TDH_BP/samples/tcell/ERS358697/problems/chr4:75452279-190000000,14.0203817722761,Inf,11,0,3,3,11,3
H3K4me1_TDH_BP/samples/tcell/ERS358697/problems/chr5:91686128-138787073,-Inf,2.48459976642375,15,15,7,0,15,15
H3K4me1_TDH_BP/samples/tcell/ERS358697/problems/chr5:91686128-138787073,2.48459976642375,6.76146921839153,15,15,7,0,15,15
H3K4me1_TDH_BP/samples/tcell/ERS358697/problems/chr5:91686128-138787073,6.76146921839153,8.27819276371386,15,11,7,0,15,11
H3K4me1_TDH_BP/samples/tcell/ERS358697/problems/chr5:91686128-138787073,8.27819276371386,8.85095988403041,15,7,7,0,15,7
H3K4me1_TDH_BP/samples/tcell/ERS358697/problems/chr5:91686128-138787073,8.85095988403041,9.37857729496557,15,6,7,0,15,6
H3K4me1_TDH_BP/samples/tcell/ERS358697/problems/chr5:91686128-138787073,9.37857729496557,9.62579920265154,15,3,7,0,15,3
H3K4me1_TDH_BP/samples/tcell/ERS358697/problems/chr5:91686128-138787073,9.62579920265154,9.69388122366678,15,1,7,0,15,1
H3K4me1_TDH_BP/samples/tcell/ERS358697/problems/chr5:91686128-138787073,9.69388122366678,9.70896213974052,15,1,7,0,15,1
H3K4me1_TDH_BP/samples/tcell/ERS358697/problems/chr5:91686128-138787073,9.70896213974052,9.71216118001137,15,1,7,0,15,1
H3K4me1_TDH_BP/samples/tcell/ERS358697/problems/chr5:91686128-138787073,9.71216118001137,9.71341587708446,15,1,7,0,15,1
H3K4me1_TDH_BP/samples/tcell/ERS358697/problems/chr5:91686128-138787073,9.71341587708446,9.71558469107945,15,0,7,0,15,0
H3K4me1_TDH_BP/samples/tcell/ERS358697/problems/chr5:91686128-138787073,9.71558469107945,9.72249182000286,15,0,7,0,15,0
H3K4me1_TDH_BP/samples/tcell/ERS358697/problems/chr5:91686128-138787073,9.72249182000286,9.75215704558062,15,0,7,0,15,0
H3K4me1_TDH_BP/samples/tcell/ERS358697/problems/chr5:91686128-138787073,9.75215704558062,9.88940830670293,15,0,7,0,15,0
H3K4me1_TDH_BP/samples/tcell/ERS358697/problems/chr5:91686128-138787073,9.88940830670293,10.2089947398798,15,0,7,0,15,0
H3K4me1_TDH_BP/samples/tcell/ERS358697/problems/chr5:91686128-138787073,10.2089947398798,10.566005539498,15,0,7,0,15,0
H3K4me1_TDH_BP/samples/tcell/ERS358697/problems/chr5:91686128-138787073,10.566005539498,10.7617869216031,15,0,7,0,15,0
H3K4me1_TDH_BP/samples/tcell/ERS358697/problems/chr5:91686128-138787073,10.7617869216031,10.8164612822239,15,0,7,0,15,0
H3K4me1_TDH_BP/samples/tcell/ERS358697/problems/chr5:91686128-138787073,10.8164612822239,10.8380206902722,15,0,7,0,15,0
H3K4me1_TDH_BP/samples/tcell/ERS358697/problems/chr5:91686128-138787073,10.8380206902722,10.8414958982626,15,0,7,0,15,0
H3K4me1_TDH_BP/samples/tcell/ERS358697/problems/chr5:91686128-138787073,10.8414958982626,10.8436167168976,15,0,7,2,15,2
H3K4me1_TDH_BP/samples/tcell/ERS358697/problems/chr5:91686128-138787073,10.8436167168976,10.8446970742796,15,0,7,2,15,2
H3K4me1_TDH_BP/samples/tcell/ERS358697/problems/chr5:91686128-138787073,10.8446970742796,10.8554947140432,15,0,7,2,15,2
H3K4me1_TDH_BP/samples/tcell/ERS358697/problems/chr5:91686128-138787073,10.8554947140432,10.9663107966272,15,0,7,2,15,2
H3K4me1_TDH_BP/samples/tcell/ERS358697/problems/chr5:91686128-138787073,10.9663107966272,11.6178944218961,15,0,7,2,15,2
H3K4me1_TDH_BP/samples/tcell/ERS358697/problems/chr5:91686128-138787073,11.6178944218961,13.7358923636456,15,0,7,4,15,4
H3K4me1_TDH_BP/samples/tcell/ERS358697/problems/chr5:91686128-138787073,13.7358923636456,Inf,15,0,7,7,15,7
